summonerId1,summonerElo1,latence1,duration1,temps_exécution1,summonerId2,summonerElo2,latence2,duration2,temps_exécution2
14494,1188,55,0,1,33397,1508,33,0,0
39718,1332,36,0,54,33832,2471,66,0,0
13296,633,41,0,10,8164,1968,55,0,0
61613,1474,60,0,0,15203,272,33,0,0
62998,754,72,0,7,40952,689,111,0,0
9318,1980,56,0,7,39320,832,37,0,0
66961,1014,74,0,2,81445,1678,33,0,0
56204,1447,51,0,0,75882,2148,25,0,0
41189,798,30,0,8,51043,256,28,0,0
84572,1153,41,0,12,88654,1629,54,0,0
73361,850,31,0,1,12775,1064,21,0,0
69797,1175,76,0,0,100474,848,40,0,0
82000,1049,122,0,15,41259,613,55,0,0
52225,758,31,0,21,84218,1533,38,0,0
12929,821,26,0,0,40447,1326,26,0,0
41196,1577,46,0,2,50743,892,17,0,0
76154,1827,20,0,0,97513,625,107,0,0
36803,1515,26,0,3,82608,1180,75,0,0
34950,960,63,0,7,5333,788,47,0,0
109269,1389,25,0,1,111172,716,25,0,0
41445,1320,34,0,0,107754,1162,65,0,0
83178,1048,53,0,20,33782,942,51,0,0
87166,1230,31,0,0,84681,749,68,0,0
90004,1682,42,0,1,8088,642,30,0,0
89674,709,45,0,4,13370,1369,17,0,0
12942,840,51,0,1,113908,1161,47,0,0
91920,1680,42,0,2,86750,1147,60,0,0
112675,1373,39,0,0,81205,496,32,0,0
10603,1612,28,0,3,58728,434,48,0,0
106413,1605,31,0,9,40748,1322,42,0,0
10460,1152,35,0,5,119181,1325,50,0,0
119794,631,86,0,6,81325,257,35,0,0
40701,1998,22,0,3,68366,698,46,0,0
121654,1169,70,0,6,104746,450,55,0,0
74485,676,119,0,4,104667,249,87,0,0
108262,2119,41,0,8,53453,1493,26,0,0
113727,1155,72,0,2,92086,1789,48,0,0
117749,971,59,0,14,81748,2302,32,0,0
60054,716,20,0,5,80882,355,53,0,0
90045,1629,32,0,7,113758,2273,39,0,0
83454,975,56,0,0,101412,688,40,0,0
101587,1162,41,0,1,113524,1996,48,0,0
123052,122,48,0,3,5636,1145,39,0,1
92801,892,19,0,2,88415,1222,48,0,0
122722,1415,52,0,20,73639,1062,58,0,0
48198,804,48,0,23,84629,1373,43,0,0
96940,624,36,0,0,94597,964,38,0,0
11319,274,67,0,0,83830,994,112,0,0
116222,412,55,0,0,118914,1692,48,0,0
49053,1282,28,0,3,70306,2226,23,0,0
69859,709,45,0,1,91591,701,47,0,0
37741,2029,34,0,2,118794,2098,48,0,0
113246,1557,33,0,1,85450,893,45,0,0
108413,719,21,0,8,120742,1305,27,0,0
104153,871,36,0,0,98336,2093,108,0,0
96573,951,56,0,1,60895,904,41,0,0
70692,1617,97,0,3,107664,1363,60,0,0
33140,1163,86,0,1,83877,1634,65,0,0
91679,1063,23,0,1,48720,1006,38,0,0
78089,1158,18,0,1,81301,1396,33,0,0
74363,2140,34,0,7,52056,1151,48,0,0
99557,201,119,0,1,71898,937,72,0,0
61317,1308,37,0,11,40502,143,113,0,0
100616,2096,87,0,2,103502,184,21,0,0
52349,739,41,0,3,62731,1959,37,0,0
81698,1129,54,0,1,109511,1400,28,0,0
71611,1011,26,0,14,118967,1179,53,0,0
101395,1306,37,0,0,88238,1258,59,0,0
34021,2273,52,0,4,89435,619,105,0,0
121956,1326,85,0,4,107555,966,61,0,0
9743,481,43,0,0,58941,961,83,0,0
63112,750,32,0,7,117489,722,97,0,0
90196,1713,69,0,3,107494,996,29,0,0
104416,857,52,0,7,92148,1799,74,0,0
94968,1567,61,0,3,123677,380,95,0,0
115216,1107,42,0,1,104458,1039,22,0,0
106653,1163,31,0,9,97038,869,24,0,0
7018,1998,47,0,10,82163,1380,31,0,0
68610,916,79,0,7,47210,1342,40,0,0
90140,1167,28,0,11,110486,1616,18,0,0
38552,1504,46,0,21,74486,726,49,0,0
81452,1353,45,0,3,113215,1545,30,0,0
38698,1315,37,0,3,104160,615,27,0,0
14597,637,49,0,2,56301,726,37,0,0
88468,786,84,0,4,120718,1867,62,0,0
61740,926,20,0,2,6818,1190,188,0,0
32898,1387,32,0,8,93011,787,56,0,0
101665,885,71,0,4,125312,2093,60,0,0
95190,1604,18,0,1,95881,978,39,0,0
84884,948,38,0,0,59531,795,22,0,0
120257,1780,38,0,4,40430,819,53,0,0
112721,922,36,0,1,77589,1681,11,0,0
88491,2694,59,0,2,60310,1944,24,0,0
88195,1178,29,0,2,78932,1047,39,0,0
115652,2426,41,0,1,99259,2028,49,0,0
62533,1085,31,0,6,97005,1259,93,0,0
126648,2503,39,0,10,14596,1054,43,0,0
117427,322,81,0,1,113400,699,30,0,0
60416,1143,26,0,1,67280,861,22,0,0
80866,2085,40,0,1,44370,2161,56,0,0
107750,1149,67,0,1,6916,568,129,0,0
121619,1065,58,0,4,14925,1079,61,0,0
118468,1070,29,0,0,116902,1741,30,0,0
119874,933,54,0,1,122058,646,167,0,0
114060,980,36,0,4,92848,1001,38,0,0
49719,1458,26,0,3,96618,1898,36,0,0
56573,690,47,0,1,122122,162,25,0,0
33500,1805,45,0,1,110158,1255,62,0,0
62108,2066,38,0,2,118909,1460,53,0,0
107574,1068,52,0,2,77128,1103,52,0,0
72785,1897,58,0,4,109649,883,55,0,0
125164,1104,40,0,6,76103,1529,26,0,0
105502,300,96,0,4,75647,1269,45,0,0
89169,909,53,0,2,73952,1058,45,0,0
113668,476,19,0,1,95005,1363,45,0,0
77425,388,24,0,4,88932,1382,18,0,0
115928,520,56,0,0,111254,1078,73,0,0
5721,1722,48,0,1,116576,142,100,0,0
81609,1423,50,0,0,118070,1532,53,0,0
106992,1581,29,0,0,62233,224,40,0,0
59607,1296,75,0,0,90306,1863,54,0,0
112096,1579,33,0,0,112702,1481,47,0,0
103539,1628,50,0,3,83882,1318,34,0,0
125563,1198,38,0,2,127470,1568,20,0,0
111497,1779,21,0,2,74708,2175,44,0,0
123615,617,75,0,1,127721,762,32,0,0
69614,860,59,0,2,96768,642,32,0,0
122253,1282,39,0,2,86384,1410,57,0,0
52094,877,22,0,1,74726,1174,52,0,0
70147,1458,25,0,1,52591,2442,53,0,0
68349,963,30,0,0,60589,154,33,0,0
93628,1073,103,0,1,76343,1065,42,0,0
106599,1714,35,0,1,88011,1028,22,0,0
127065,1023,46,0,1,118020,924,37,0,0
112238,674,40,0,2,89484,1271,21,0,0
105139,1832,53,0,3,98377,1268,44,0,0
103795,878,50,0,9,104967,717,53,0,0
48788,823,29,0,10,121199,2042,51,0,0
50270,667,72,0,1,118259,1673,17,0,0
97569,2026,154,0,4,126895,2179,53,0,0
89038,2012,46,0,1,12311,774,87,0,0
127220,299,70,0,5,72475,1753,33,0,0
86311,809,43,0,1,90359,835,43,0,0
12577,1066,42,0,1,76173,749,46,0,0
125982,199,45,0,43,14184,904,43,0,0
94074,1146,39,0,0,97256,1692,36,0,0
16157,1446,65,0,1,121585,2213,71,0,0
116746,1440,63,0,0,114700,699,269,0,0
125061,1943,28,0,0,7074,1245,45,0,0
116140,1490,71,0,0,104435,156,55,0,0
54802,1352,73,0,0,74718,2258,77,0,0
10279,876,33,0,0,101103,865,76,0,0
63131,800,78,0,11,123079,983,50,0,0
13083,2133,54,0,9,120791,1311,36,0,0
116545,1968,25,0,1,78037,1194,31,0,0
93489,2100,28,0,2,108981,1845,18,0,0
101073,1787,52,0,1,111385,2182,50,0,0
123966,1728,58,0,4,55561,703,55,0,0
69218,1915,37,0,0,72643,279,55,0,0
109050,1626,49,0,2,119969,855,70,0,0
48781,245,51,0,4,47132,1988,39,0,0
96440,1808,28,0,1,12746,1013,27,0,0
107299,293,81,0,1,7193,1368,34,0,1
123740,1352,106,0,2,107874,1236,40,0,0
118285,888,47,0,2,67681,697,44,0,0
12464,1328,34,0,7,113617,1083,21,0,0
128045,2155,31,0,4,96935,2463,31,0,0
82858,892,115,0,0,126927,900,47,0,0
58319,1589,28,0,8,48604,924,71,0,0
98584,1786,34,0,9,81382,894,75,0,0
11226,535,41,0,0,129790,614,46,0,0
109634,774,43,0,5,122108,2047,45,0,0
33712,1486,38,0,2,41096,970,41,0,0
67918,983,69,0,4,94209,2006,63,0,0
67721,672,63,0,0,70696,621,35,0,0
127286,916,22,0,9,110509,1882,38,0,0
128067,1904,30,0,8,81754,1381,40,0,0
11124,1288,28,0,0,80913,1081,47,0,0
120760,656,74,0,0,109631,1751,56,0,0
10348,1388,27,0,1,122918,383,26,0,0
83088,1987,43,0,0,57663,1440,34,0,0
80937,1702,32,0,5,121698,1032,29,0,0
106342,1419,18,0,3,55080,306,77,0,0
105353,466,79,0,1,86533,418,52,0,0
114518,945,84,0,7,41549,2098,63,0,0
123066,761,53,0,0,100674,1640,31,0,0
110493,2368,56,0,2,111482,1279,25,0,0
98058,2022,42,0,4,105522,385,62,0,0
66485,861,93,0,6,105762,1294,48,0,0
106490,346,31,0,1,118044,1317,35,0,0
96179,335,42,0,7,81558,274,38,0,0
58879,1421,51,0,1,74412,1409,48,0,0
59928,405,58,0,1,106788,1062,45,0,0
105328,634,26,0,0,67806,485,47,0,0
116285,1517,20,0,1,107158,2146,40,0,0
26965,906,52,0,1,127612,1336,37,0,0
14537,958,87,0,1,114135,1486,72,0,0
86183,943,58,0,1,129060,857,95,0,0
118644,404,37,0,4,40038,2533,31,0,0
12833,1884,23,0,1,98633,283,74,0,0
123138,986,44,0,6,83703,972,33,0,0
57835,636,47,0,1,38572,1114,54,0,0
126862,305,88,0,3,123104,1836,15,0,0
122465,2204,29,0,3,80358,1624,19,0,0
113338,2348,42,0,5,100726,1396,41,0,0
108251,898,61,0,2,63860,1105,67,0,0
81735,1230,28,0,4,37519,1108,41,0,0
119237,664,42,0,1,76541,1611,24,0,0
113777,629,653,0,2,47829,1519,73,0,0
119851,2113,45,0,0,116847,908,37,0,0
115202,1947,60,0,0,126811,2327,43,0,0
122467,2174,28,0,0,5316,654,35,0,0
78977,1160,45,0,1,12254,942,61,0,0
84013,1101,25,0,5,129858,1323,35,0,0
103505,499,37,0,0,132998,1343,42,0,0
86825,987,46,0,1,68640,2365,36,0,0
88511,2357,33,0,15,8294,409,39,0,0
110392,1773,84,0,5,132839,1937,42,0,0
98754,936,38,0,11,130435,502,47,0,0
9799,2348,45,0,1,85487,680,65,0,0
10148,1605,26,0,3,110113,1690,23,0,0
114203,654,89,0,1,98096,1398,34,0,0
52876,2224,26,0,1,110929,492,60,0,0
114674,2260,14,0,1,111610,2438,23,0,0
10420,475,15,0,2,58146,446,41,0,0
59676,1412,24,0,9,37145,1391,53,0,0
114183,2287,46,0,2,104959,920,53,0,0
82413,917,67,0,6,86066,818,31,0,0
81580,1285,49,0,2,131126,1058,56,0,0
96188,668,43,0,1,6960,2255,37,0,0
119454,684,62,0,0,76051,1765,32,0,0
91881,491,59,0,1,50107,1182,38,0,0
98971,1149,40,0,2,126932,1468,48,0,0
102667,389,92,0,3,113962,2179,25,0,0
38165,2590,50,0,3,106436,1560,70,0,0
133462,1343,47,0,0,131951,2412,32,0,0
76390,1178,41,0,9,129450,1453,71,0,0
109517,1816,43,0,0,92942,1511,31,0,0
116791,1881,32,0,9,127285,1036,52,0,0
85438,857,31,0,3,40832,742,63,0,0
77841,937,51,0,2,121837,852,30,0,0
102860,1125,72,0,0,128623,494,44,0,0
130499,499,29,0,0,122213,1261,35,0,0
10408,1965,36,0,0,99709,1525,34,0,0
88361,1095,33,0,4,74098,1709,24,0,0
100165,1979,47,0,0,111103,1260,45,0,0
94258,1030,55,0,2,130134,1163,81,0,0
92979,1994,22,0,1,128350,1109,45,0,0
62837,690,45,0,1,93401,393,29,0,0
73716,2068,21,0,1,51576,731,31,0,0
48722,1808,67,0,1,128828,1157,53,0,0
110363,733,72,0,4,53080,867,50,0,0
63609,720,43,0,2,105159,1503,42,0,0
68209,1994,24,0,13,101020,1484,28,0,0
112809,701,90,0,2,94314,1166,26,0,0
103305,203,34,0,2,15775,1797,72,0,0
134595,1115,27,0,10,110177,1010,30,0,1
74664,1321,28,0,1,93657,803,39,0,0
36832,1717,51,0,2,93524,1624,43,0,0
127966,1456,57,0,1,107546,624,30,0,0
108097,829,37,0,1,103210,2090,45,0,0
63387,1670,26,0,5,116826,766,52,0,0
51542,626,28,0,2,118013,1565,40,0,0
126294,1070,46,0,0,132084,893,34,0,0
124576,1728,61,0,0,114421,1229,54,0,0
81373,787,46,0,10,5902,340,52,0,0
113451,831,18,0,15,41572,2125,73,0,0
84961,1578,78,0,19,121893,742,72,0,1
96671,684,40,0,3,5318,813,17,0,0
118770,769,77,0,6,107276,1323,50,0,0
88626,1829,39,0,7,80332,419,51,0,0
83243,964,69,0,14,90123,1875,99,0,0
127767,1405,24,0,0,10342,1027,29,0,0
102959,1064,68,0,1,125008,2166,122,0,0
133615,1733,47,0,0,97445,1921,34,0,0
67363,1623,32,0,2,99102,1282,25,0,0
74238,1400,38,0,2,82561,899,44,0,0
111717,1372,41,0,1,112945,1111,76,0,0
14277,1102,38,0,2,67965,883,45,0,0
63716,2125,32,0,1,31781,1046,48,0,0
114338,666,20,0,3,132486,1826,38,0,1
121020,1868,18,0,0,116186,1173,20,0,0
95568,823,40,0,2,133822,805,25,0,0
133823,1811,37,0,6,65639,787,23,0,0
65013,1389,44,0,3,95742,1514,75,0,0
130306,1558,56,0,3,74666,1091,39,0,0
121496,1176,57,0,2,92281,1102,83,0,0
48942,820,61,0,0,115119,699,56,0,0
88313,1170,67,0,4,6595,1431,28,0,0
80821,1544,51,0,11,15163,1618,27,0,0
94172,1862,61,0,2,9054,932,109,0,0
132364,1990,42,0,2,122907,894,47,0,1
91413,1013,51,0,5,63635,1749,39,0,0
74523,1806,24,0,1,114581,2125,25,0,0
124762,1497,51,0,5,85107,1545,40,0,1
131609,1467,26,0,1,65495,872,29,0,0
81275,1872,38,0,0,56158,972,65,0,0
115538,1319,52,0,3,130383,1656,20,0,0
125333,1483,33,0,0,131919,1410,26,0,0
66838,698,77,0,1,48984,941,71,0,0
101718,1431,98,0,0,93282,655,91,0,0
78188,2060,44,0,1,115456,2507,25,0,0
72879,1552,34,0,0,9462,1742,43,0,0
119761,1330,65,0,0,137282,611,50,0,0
104198,919,41,0,2,121632,886,47,0,0
129542,953,48,0,4,112896,1326,46,0,0
33866,752,35,0,0,47984,1471,39,0,0
95094,612,54,0,9,58463,902,32,0,0
89041,996,39,0,1,110685,255,35,0,0
101594,1070,50,0,0,127302,829,50,0,0
131424,1241,43,0,5,68036,1023,83,0,0
58613,1777,43,0,3,68611,714,67,0,0
52061,1055,64,0,3,86878,1252,32,0,0
11972,1198,77,0,3,68861,987,78,0,0
60661,982,47,0,3,131281,1697,17,0,0
118529,1286,18,0,8,124066,1625,59,0,0
38871,1531,48,0,6,15832,136,42,0,0
8447,1592,42,0,1,121271,308,39,0,0
132647,1051,29,0,1,84798,836,67,0,0
68687,964,55,0,1,70773,1683,62,0,0
114361,1090,28,0,2,5961,315,38,0,0
138050,1184,45,0,3,76943,1293,138,0,0
134504,695,39,0,1,124519,1043,41,0,0
55020,609,90,0,12,123110,1095,56,0,0
15982,1909,33,0,3,120614,1889,76,0,0
83909,110,67,0,6,138414,127,171,0,0
12056,910,36,0,5,127536,268,46,0,0
14974,1318,104,0,12,82363,554,41,0,0
69280,1236,31,0,8,78041,720,16,0,0
52162,874,42,0,1,78416,1142,23,0,0
12998,1766,53,0,0,122997,649,46,0,0
114080,196,57,0,3,130995,917,21,0,0
112470,996,32,0,3,77848,992,39,0,0
128188,1584,15,0,13,79744,1408,19,0,0
14340,948,91,0,10,71892,893,48,0,0
85840,786,39,0,14,115226,917,29,0,0
60138,852,48,0,4,118717,1814,15,0,0
39995,1805,65,0,5,60755,728,26,0,0
128198,1163,46,0,1,128431,1132,27,0,0
98894,603,33,0,0,33733,538,68,0,0
65423,1595,35,0,0,130510,971,52,0,0
81304,1918,38,0,0,78417,625,58,0,0
132371,1093,64,0,6,88493,1649,35,0,0
61424,1057,59,0,0,33118,1641,29,0,0
69211,1340,41,0,3,127534,702,103,0,0
76217,616,41,0,3,95068,807,37,0,0
119267,954,21,0,1,12978,1421,42,0,0
32577,362,42,0,8,132988,1616,38,0,0
56072,1620,26,0,1,96802,872,47,0,0
72998,2275,45,0,11,135155,155,50,0,0
105831,1152,41,0,6,56161,771,64,0,0
130631,303,187,0,2,125854,1107,47,0,0
107470,1683,44,0,1,63930,1085,19,0,0
13066,909,17,0,1,102599,1459,57,0,0
116751,969,45,0,8,58815,1449,27,0,0
103614,865,65,0,6,108357,1121,45,0,0
115532,353,95,0,3,130560,512,65,0,0
48672,1092,38,0,2,121615,1717,75,0,0
74849,2169,67,0,2,101220,2047,36,0,0
6048,1177,42,0,8,94936,1560,54,0,0
72760,849,45,0,10,112106,1099,113,0,0
128523,464,46,0,1,112288,412,43,0,1
110828,837,38,0,1,71509,1178,23,0,0
92610,872,43,0,10,103185,1006,39,0,0
63470,1631,55,0,0,99995,437,55,0,0
124673,1652,41,0,0,119876,1686,39,0,0
58714,745,39,0,1,140086,1453,71,0,0
58132,1283,52,0,1,106365,1545,69,0,0
124067,2124,24,0,3,71788,127,29,0,0
90970,1467,49,0,4,91199,764,47,0,0
96270,190,24,0,1,130900,1012,30,0,1
47537,886,52,0,0,93161,405,97,0,0
70163,1312,27,0,6,53365,805,51,0,0
40762,1967,26,0,3,141252,1649,34,0,0
120026,2501,28,0,5,78997,895,94,0,0
124854,1485,25,0,11,108115,2080,224,0,0
54102,761,28,0,2,134279,2296,51,0,0
15432,922,42,0,4,91538,1595,71,0,0
136399,1132,56,0,8,73265,1069,31,0,0
31818,1611,58,0,3,119295,654,18,0,0
122083,1194,92,0,3,105448,523,83,0,0
123249,1697,18,0,2,134744,2008,25,0,0
115469,1015,49,0,3,70038,973,41,0,0
47270,1073,44,0,1,64580,2452,43,0,0
119307,1089,22,0,3,76088,1185,58,0,0
48861,1029,77,0,2,128122,867,32,0,0
86990,1668,108,0,1,105182,1083,39,0,0
116011,1708,50,0,2,141247,949,59,0,0
48262,774,34,0,3,125649,440,44,0,0
138261,1389,39,0,1,79728,1124,49,0,0
81125,1426,75,0,2,129376,666,75,0,0
139512,516,46,0,11,46311,1151,76,0,0
88266,723,33,0,10,114237,2167,60,0,0
113624,2036,32,0,18,126179,1457,46,0,0
73449,1759,26,0,0,125838,1663,19,0,0
86211,1085,47,0,0,74563,875,83,0,0
141041,1740,40,0,0,68102,1496,51,0,0
124254,1355,34,0,1,111266,2031,27,0,0
50588,279,49,0,6,40736,758,29,0,0
118828,1786,43,0,9,88798,1419,59,0,0
121225,606,53,0,5,115799,1360,27,0,0
139704,705,15,0,11,135800,660,42,0,0
78011,1004,42,0,1,12572,611,42,0,0
67444,2570,85,0,3,111785,1360,25,0,0
7176,1946,28,0,1,124817,789,60,0,0
50733,448,41,0,1,140250,771,57,0,0
139713,793,60,0,2,48710,788,41,0,0
112722,2194,49,0,2,116345,1373,45,0,0
137812,2523,49,0,0,72436,764,66,0,0
120123,2529,37,0,0,61274,973,43,0,0
138358,1136,20,0,2,129363,870,54,0,0
138375,1721,41,0,1,132739,906,49,0,0
128382,1048,47,0,1,120987,555,49,0,0
136525,1373,37,0,0,40666,1499,18,0,0
110209,1407,46,0,2,82860,2366,48,0,0
139737,1390,58,0,1,131847,2084,35,0,0
114588,1288,38,0,8,133824,1235,61,0,0
49614,172,62,0,2,132411,2456,40,0,1
117540,887,47,0,0,108727,475,44,0,0
116244,1950,27,0,13,12843,1322,22,0,0
52949,1190,16,0,6,90893,2182,66,0,0
139735,1111,20,0,3,73689,1749,49,0,0
139837,2196,46,0,1,38948,2223,43,0,0
119439,2253,61,0,3,76308,715,34,0,0
9253,948,56,0,5,94039,409,67,0,0
143875,1416,33,0,6,65799,791,59,0,0
140729,1543,39,0,1,40252,230,37,0,0
139194,410,45,0,9,129680,925,37,0,0
142360,1113,103,0,4,109037,1779,26,0,0
83501,1668,37,0,1,47856,1053,65,0,0
133694,1484,43,0,0,33603,615,34,0,0
118209,848,41,0,0,113915,1631,34,0,0
60955,915,24,0,13,141003,1420,13,0,1
8033,1743,19,0,0,7498,1215,58,0,0
38437,1110,28,0,2,13981,1626,24,0,0
137632,1985,40,0,4,10111,2271,53,0,0
14000,1587,23,0,19,143578,1727,54,0,0
118250,1057,51,0,2,77227,553,59,0,0
84588,1677,40,0,9,84658,1188,32,0,0
92299,2114,73,0,0,135300,2111,44,0,0
141475,1192,43,0,4,63711,900,44,0,0
89831,1032,23,0,1,140860,1603,72,0,0
139248,983,20,0,3,72639,2479,49,0,1
142444,2369,49,0,2,81530,1319,36,0,0
117672,687,40,0,8,118471,2474,42,0,0
131327,958,23,0,1,112776,1905,70,0,0
144373,1480,30,0,9,98826,1916,83,0,0
76017,2179,28,0,1,41362,1743,54,0,0
54519,421,85,0,2,124828,1577,34,0,1
70862,1380,42,0,1,95622,883,40,0,0
71497,1564,71,0,3,101522,2107,32,0,0
71981,2372,41,0,3,12752,1736,30,0,0
122392,898,47,0,3,98799,664,51,0,0
137292,839,49,0,3,88712,1498,36,0,0
138676,2100,38,0,4,107332,1698,37,0,0
106976,1118,39,0,0,78702,1401,87,0,0
102351,767,42,0,3,131958,1197,43,0,0
125114,1084,33,0,3,5990,853,24,0,0
132994,1607,71,0,1,145832,1203,41,0,0
119166,913,47,0,3,5756,549,27,0,0
111236,695,55,0,3,67378,980,89,0,0
110847,1383,24,0,1,144187,1150,50,0,0
107950,1203,31,0,4,88958,963,40,0,0
10799,1357,38,0,17,120137,1387,20,0,0
96721,433,57,0,11,38152,997,43,0,0
11164,1160,44,0,1,125862,2042,76,0,0
116287,1539,54,0,0,122820,1568,36,0,0
140532,787,54,0,6,72936,1076,100,0,0
145310,754,33,0,0,74332,890,102,0,0
141949,2316,56,0,2,9905,240,52,0,0
109695,767,43,0,1,15132,676,44,0,0
123208,476,47,0,2,95563,1381,32,0,0
93203,1283,28,0,5,112468,379,17,0,0
82958,1826,40,0,18,124364,1040,22,0,0
145474,1659,45,0,5,145798,1538,52,0,0
125001,822,58,0,1,141762,1178,40,0,0
127915,1427,66,0,1,115324,1416,39,0,0
80460,196,41,0,1,48472,756,29,0,0
118816,1638,30,0,4,92276,1000,43,0,0
84238,770,32,0,0,116583,1532,40,0,0
122957,1341,39,0,10,10040,1003,34,0,0
56340,1120,44,0,9,126107,1160,73,0,0
121160,2442,34,0,5,106266,1879,54,0,0
94830,1030,45,0,2,125994,1726,46,0,0
87117,2054,28,0,6,104827,1386,58,0,1
101639,2101,39,0,5,137059,689,39,0,0
108320,2311,17,0,13,117201,683,82,0,0
144117,1022,38,0,0,54584,434,84,0,0
23757,508,30,0,1,48890,1206,17,0,0
102884,1293,32,0,1,125045,1894,30,0,0
117066,2106,24,0,7,143822,1745,14,0,1
91272,2532,66,0,8,102654,587,54,0,0
100412,680,59,0,5,41476,1472,62,0,0
81746,815,28,0,3,116596,1233,28,0,0
55088,571,37,0,0,143584,1626,27,0,0
80944,1584,65,0,0,76869,681,143,0,0
125218,1660,76,0,1,104735,1170,34,0,0
81094,893,27,0,0,101909,1184,22,0,0
62457,807,42,0,0,124569,469,42,0,0
129944,1126,74,0,2,145762,766,13,0,0
147249,874,74,0,0,55703,1888,45,0,0
82061,1175,38,0,2,96722,881,56,0,0
144259,1500,49,0,6,128731,1184,36,0,0
102545,807,64,0,7,90239,1102,69,0,0
116787,784,37,0,1,41184,955,31,0,0
10942,1268,40,0,2,125113,539,34,0,0
120531,1573,34,0,5,118593,1385,31,0,1
67906,806,53,0,0,105667,1965,27,0,0
142734,2295,48,0,13,113609,684,61,0,0
52101,2536,17,0,3,96715,442,92,0,0
120606,1190,35,0,3,144208,668,34,0,0
79978,1656,58,0,1,54994,1523,23,0,0
148055,509,36,0,7,10980,912,29,0,0
109896,1778,53,0,2,133130,2537,39,0,0
71958,1337,36,0,1,80156,1375,24,0,0
139190,1354,51,0,2,82677,725,59,0,0
145749,530,78,0,11,118798,1647,57,0,0
88628,1239,62,0,4,132697,995,26,0,0
140093,944,42,0,6,32820,1047,75,0,0
120745,1811,73,0,8,99917,1458,68,0,0
77315,1788,48,0,1,41533,1461,17,0,0
56287,756,17,0,9,48388,859,57,0,0
98931,1686,44,0,2,134220,2184,48,0,0
60488,246,63,0,3,126147,634,38,0,0
70983,148,62,0,5,37742,1689,49,0,0
52977,263,89,0,1,48203,569,51,0,0
95650,839,25,0,1,117255,1279,45,0,0
137920,1005,40,0,3,98644,737,88,0,0
142657,1609,29,0,14,76230,780,30,0,0
122306,1395,53,0,0,117495,2209,30,0,0
50974,1573,32,0,4,111814,691,31,0,1
106519,1355,44,0,0,113053,708,26,0,0
142108,1182,65,0,56,87131,1453,22,0,0
57024,240,134,0,2,141675,853,46,0,0
123312,138,50,0,0,89661,1837,20,0,0
68633,1652,28,0,1,133260,628,17,0,0
13712,1188,48,0,0,144676,1094,40,0,0
73222,953,40,0,0,104688,1704,25,0,0
136663,198,34,0,1,86567,794,58,0,0
147926,1026,42,0,0,145328,944,49,0,0
140798,1611,25,0,0,52340,1088,37,0,0
107801,353,77,0,0,39947,1150,39,0,0
92386,1738,33,0,0,82516,1552,21,0,0
149497,1318,31,0,3,142007,1019,53,0,0
133873,1730,49,0,1,109318,1649,86,0,0
127832,848,36,0,1,127183,1801,50,0,0
49736,684,43,0,1,116108,1275,52,0,0
142677,697,25,0,2,79299,944,38,0,0
124228,2066,53,0,2,130548,184,82,0,0
120597,1070,68,0,3,80478,1899,36,0,0
116245,1224,60,0,2,120410,1784,28,0,0
92066,1077,32,0,8,89060,1240,26,0,0
92084,586,71,0,6,111010,406,51,0,0
105629,1133,44,0,10,68144,1131,111,0,1
91236,858,26,0,2,120962,614,44,0,0
10178,1292,93,0,1,98828,884,40,0,0
109297,2572,56,0,1,37231,734,35,0,0
135139,1402,41,0,7,108515,1652,53,0,0
69028,1986,28,0,1,82080,1568,31,0,0
103280,1133,45,0,6,33691,829,30,0,0
31698,875,26,0,4,125790,1188,19,0,0
80072,849,55,0,0,55037,454,92,0,0
107566,1773,56,0,13,74266,1813,58,0,0
145228,1166,50,0,37,151457,973,19,0,0
40856,1330,42,0,18,145385,1278,50,0,0
98475,783,98,0,1,117470,833,67,0,1
146497,785,39,0,0,65460,1596,41,0,0
94282,1150,60,0,0,64915,634,41,0,0
130576,1114,43,0,0,39605,778,70,0,0
85273,495,65,0,1,14718,663,47,0,0
136827,922,86,0,0,56606,1613,33,0,0
145286,659,37,0,0,138751,1196,28,0,0
77885,1701,44,0,1,150115,819,50,0,0
129556,1984,202,0,5,142797,1903,50,0,0
33481,600,50,0,0,69603,819,41,0,0
109039,1751,29,0,1,132202,1618,66,0,0
95752,502,89,0,4,149344,2100,39,0,0
123905,913,42,0,0,142053,1048,71,0,0
137657,1731,69,0,0,60242,309,68,0,0
100361,2344,18,0,0,88177,1695,60,0,0
108411,1612,30,0,6,61714,1186,56,0,0
109837,1841,11,0,4,129109,1494,41,0,1
136628,1423,22,0,1,124295,1880,61,0,0
5745,1197,68,0,1,66506,1892,30,0,0
135289,623,49,0,2,6317,421,38,0,0
140975,1160,42,0,1,48140,1693,77,0,0
95623,1727,27,0,2,37470,940,76,0,0
60612,681,76,0,4,88520,2150,31,0,0
142739,1617,74,0,6,71636,236,68,0,0
86756,1287,41,0,2,77452,327,39,0,0
77233,1785,16,0,4,95102,1830,45,0,1
63633,1295,39,0,1,70459,1866,44,0,0
97627,620,51,0,0,151233,1571,28,0,0
121904,1452,69,0,8,128540,1642,49,0,0
113688,1579,42,0,1,72749,937,50,0,0
126525,810,24,0,4,128844,395,85,0,1
6934,1090,29,0,10,138052,1320,37,0,0
144988,297,165,0,7,88640,1528,43,0,0
49591,457,105,0,0,113048,823,29,0,0
132891,1200,22,0,1,5638,1010,59,0,0
152201,688,54,0,2,5312,2081,73,0,0
145318,453,61,0,0,134167,1626,79,0,0
71676,1879,31,0,1,115521,2100,20,0,0
94109,1627,71,0,5,81573,1798,51,0,0
133336,1283,56,0,14,107993,656,59,0,0
41573,2350,47,0,3,95354,876,72,0,0
75270,1511,57,0,3,137640,1525,69,0,0
76467,1053,49,0,1,139415,1440,33,0,0
136911,894,53,0,1,80142,1309,29,0,0
15121,1511,71,0,0,97919,1389,63,0,0
77737,2123,48,0,1,135338,1144,74,0,0
85971,1338,27,0,3,98260,2131,42,0,0
28910,1144,26,0,4,111301,1436,41,0,0
96858,1492,50,0,6,145188,2578,50,0,0
118154,1501,29,0,0,131703,1707,50,0,0
11860,410,92,0,4,65629,823,48,0,0
146567,1114,40,0,1,92502,1636,25,0,0
103114,974,26,0,1,67264,1240,35,0,0
138749,696,41,0,2,131086,2163,26,0,0
152770,1933,30,0,1,94236,844,87,0,0
81272,1510,29,0,8,100708,2291,25,0,0
138421,770,39,0,5,58171,406,25,0,0
34055,1511,30,0,0,94714,1198,33,0,0
131500,747,59,0,5,77216,1506,44,0,0
63350,553,34,0,1,105993,610,55,0,0
75834,593,82,0,1,141783,1117,31,0,0
88283,2532,33,0,0,123083,1717,50,0,0
139164,1074,19,0,12,108866,1285,44,0,1
5720,800,41,0,5,132277,1290,43,0,0
34253,1727,55,0,10,103807,472,61,0,0
61229,2169,56,0,1,5125,1438,83,0,0
62578,553,66,0,13,8534,1193,49,0,0
11090,1098,37,0,3,153763,1598,43,0,0
6347,734,50,0,0,114627,870,25,0,0
133937,1705,43,0,2,112876,1681,47,0,0
31922,2271,25,0,6,92840,495,35,0,0
41316,800,74,0,0,85168,896,39,0,0
70070,935,70,0,1,141102,630,120,0,0
130282,1734,66,0,2,83447,656,76,0,0
83873,1502,51,0,9,66599,749,89,0,0
113340,1312,27,0,3,118516,606,102,0,0
150011,666,34,0,0,125857,982,61,0,0
71285,354,32,0,3,138195,2408,27,0,0
119009,1159,28,0,3,111464,589,44,0,0
143075,1088,49,0,10,47831,2206,54,0,0
141403,472,32,0,3,125852,1089,34,0,0
71899,1689,21,0,2,86179,596,32,0,0
100428,1047,41,0,0,113486,931,37,0,0
115437,848,25,0,3,61709,825,40,0,1
124097,1409,62,0,2,134536,1176,54,0,0
114362,1996,56,0,0,72279,1816,49,0,0
136948,386,71,0,5,82352,1349,43,0,0
39230,1050,51,0,6,113065,1035,67,0,0
95942,1837,35,0,3,71851,1490,21,0,0
84661,440,63,0,4,95824,1073,60,0,0
105418,412,93,0,2,130132,1045,59,0,0
87034,832,38,0,1,152656,1159,44,0,0
70589,1459,28,0,1,128384,2144,40,0,0
109603,794,116,0,1,135013,334,48,0,0
119410,952,27,0,2,107132,1052,42,0,0
146088,1413,53,0,0,128449,989,33,0,0
12814,1252,55,0,2,59611,1410,18,0,0
72128,1624,30,0,7,61943,1397,42,0,0
57547,1108,55,0,0,147269,1830,94,0,0
121951,1768,17,0,2,117133,1681,30,0,0
125577,1669,20,0,1,150822,2596,48,0,0
155136,1725,67,0,4,154446,1832,38,0,0
40398,1229,43,0,0,96686,888,60,0,0
41458,1030,53,0,1,74926,1934,40,0,0
102712,2557,48,0,3,80468,1446,79,0,0
94283,1610,63,0,13,112537,604,45,0,0
104936,2376,44,0,1,133275,1107,31,0,0
143620,2136,17,0,1,114110,1602,46,0,0
98619,2574,29,0,4,145569,1141,53,0,0
138061,1699,33,0,0,76778,1556,72,0,0
111355,756,35,0,2,123426,1072,45,0,0
142210,1666,39,0,4,67950,1459,57,0,0
54524,1179,81,0,2,73425,1610,40,0,0
33600,1962,51,0,2,143569,807,61,0,0
74821,1505,66,0,3,60020,1390,53,0,0
107003,1886,34,0,5,74355,1865,56,0,0
119490,2097,28,0,4,87068,1674,16,0,0
100864,1901,29,0,2,150343,698,78,0,0
99884,394,38,0,2,125367,724,25,0,0
154274,1201,41,0,1,83492,1018,41,0,0
106509,1854,20,0,2,96677,1102,26,0,0
57946,997,31,0,3,140201,1306,30,0,0
120979,1663,21,0,3,96212,808,45,0,0
127253,1567,80,0,4,107056,1525,19,0,1
120852,785,28,0,0,140811,1802,42,0,0
133871,1946,80,0,4,113671,1113,17,0,0
105062,2181,19,0,6,132210,1495,52,0,0
150833,1692,21,0,13,151987,917,53,0,0
121213,1164,88,0,2,135788,1510,87,0,0
76969,1312,32,0,2,75691,1650,48,0,0
147474,1221,78,0,0,77347,828,33,0,0
138632,1627,22,0,12,142987,799,55,0,1
71757,1666,40,0,13,116397,1174,47,0,0
149084,2569,27,0,5,118690,1346,24,0,0
69791,759,34,0,4,65904,1167,92,0,0
65214,1162,22,0,1,103049,1347,50,0,0
126126,1329,73,0,0,84177,638,59,0,0
87061,1378,26,0,3,58173,649,29,0,0
131961,1091,26,0,0,37544,433,92,0,0
136045,955,50,0,1,119420,937,17,0,1
72735,1883,37,0,5,84978,740,27,0,0
154171,1215,62,0,0,114189,1097,35,0,0
116414,1643,45,0,3,135638,525,29,0,0
53617,1379,33,0,1,145334,955,55,0,0
5026,2565,31,0,0,117067,1114,24,0,0
127957,1171,43,0,0,49957,1059,18,0,0
51550,1322,67,0,1,106105,1149,25,0,0
121034,1674,40,0,0,117554,1210,48,0,0
152289,1274,26,0,1,136836,795,55,0,0
145553,2113,42,0,5,47737,858,96,0,0
157629,2487,47,0,7,97402,103,28,0,0
88015,1257,29,0,1,157236,431,63,0,0
119563,786,31,0,1,107270,2112,36,0,0
53358,624,46,0,1,123465,908,35,0,0
123726,611,39,0,2,136733,1773,30,0,0
157073,1685,29,0,2,113079,797,46,0,0
84340,1719,41,0,6,72053,1464,22,0,0
86581,1328,31,0,1,152438,1051,48,0,0
93272,1566,50,0,1,50625,1929,40,0,0
131372,958,44,0,8,12595,1692,82,0,0
119907,680,35,0,0,155130,588,64,0,0
61893,1176,67,0,2,126029,672,35,0,0
122200,747,56,0,7,83504,1678,42,0,0
12570,955,32,0,8,150258,1006,22,0,0
99575,1163,25,0,1,157810,1347,48,0,0
142603,1265,29,0,2,141919,342,46,0,0
129515,366,45,0,3,61415,584,52,0,0
75375,624,50,0,7,132369,637,58,0,0
105294,737,53,0,0,89744,1124,52,0,0
117259,658,29,0,1,158427,1269,47,0,0
139150,475,76,0,1,156718,813,46,0,0
73892,2176,47,0,0,112558,773,31,0,0
119528,661,40,0,0,105425,1168,16,0,0
71077,1092,45,0,1,154216,1634,30,0,0
92526,1464,41,0,0,46675,674,48,0,0
152957,1946,34,0,3,131594,1152,50,0,0
81079,1298,78,0,1,81717,1427,56,0,0
158661,1302,62,0,3,41338,563,38,0,0
116861,1046,29,0,0,51056,1119,21,0,0
84775,117,113,0,3,155205,1142,24,0,0
97538,315,23,0,1,98104,1684,26,0,0
76889,1213,55,0,3,154437,734,105,0,0
51038,893,21,0,3,128356,1309,54,0,0
145161,1329,37,0,2,15198,541,99,0,0
77519,333,50,0,4,159785,663,49,0,0
79869,2230,49,0,4,52035,872,84,0,0
157064,110,36,0,1,102563,1727,101,0,0
76136,1149,19,0,0,93876,1726,19,0,0
103594,626,103,0,1,75801,1626,23,0,0
105039,2548,42,0,0,139959,1623,42,0,0
128953,1093,29,0,3,155172,1362,158,0,0
146799,1748,53,0,6,136709,739,51,0,0
103739,1742,36,0,3,159460,188,85,0,0
153198,2113,39,0,2,130638,1457,49,0,0
146309,1414,48,0,2,152256,1840,32,0,0
155063,1615,88,0,2,144519,920,41,0,0
127588,224,56,0,5,117560,2129,55,0,0
153348,1085,56,0,0,132809,334,49,0,0
111559,1378,39,0,8,74190,904,58,0,0
69339,1318,60,0,3,158034,1035,44,0,0
103074,2288,26,0,2,161831,2179,38,0,0
145685,1991,33,0,1,158196,1055,36,0,0
114172,1442,40,0,0,122842,750,83,0,0
109457,862,23,0,0,126545,659,26,0,0
131767,214,26,0,0,89950,1424,58,0,0
103771,1109,41,0,1,125583,792,51,0,0
116401,874,48,0,1,8733,936,49,0,0
83802,1502,66,0,0,117292,1581,53,0,0
158915,472,70,0,1,137786,635,42,0,0
55782,1860,25,0,0,131617,1428,20,0,0
135998,796,40,0,3,7398,1464,75,0,0
60075,844,71,0,1,122762,1096,37,0,0
141334,1594,77,0,11,128806,1390,41,0,0
73644,1703,27,0,0,62827,820,36,0,0
144639,580,30,0,7,119847,549,57,0,0
143193,1063,55,0,5,90379,1172,78,0,0
68465,1368,36,0,4,154638,1018,54,0,0
8166,691,115,0,8,148226,2163,32,0,0
126740,1039,29,0,4,158213,1043,21,0,0
95400,1225,63,0,3,51252,2361,43,0,0
110630,902,82,0,3,152823,607,30,0,1
84506,1075,102,0,0,57681,2019,47,0,0
109112,2411,16,0,5,104526,2025,27,0,0
32511,1039,24,0,3,137222,1469,45,0,0
142247,861,36,0,2,113799,2587,71,0,0
58459,1644,38,0,1,134339,1049,40,0,0
132387,1226,57,0,2,52618,374,38,0,0
75038,698,71,0,2,104945,578,83,0,0
136866,2530,52,0,3,108686,1972,62,0,0
153400,910,66,0,3,60294,1380,62,0,0
37276,275,114,0,0,50308,2047,43,0,0
99846,928,76,0,4,73278,663,90,0,0
125513,795,70,0,3,146618,867,40,0,0
145012,2066,37,0,9,107196,1509,38,0,0
139997,2536,51,0,0,125488,1260,44,0,0
102644,681,33,0,1,161464,691,39,0,0
90337,207,88,0,9,101286,2298,21,0,0
107328,2197,66,0,0,156160,1112,35,0,0
127320,1465,52,0,11,114795,1888,94,0,0
115020,1448,27,0,2,95095,988,98,0,0
92498,486,65,0,1,82714,931,49,0,0
68623,997,74,0,1,5623,1607,70,0,0
54073,2077,27,0,3,93480,1850,63,0,0
86135,1351,33,0,11,102354,1678,43,0,1
67585,1773,42,0,5,147191,1050,45,0,0
158713,928,41,0,4,98087,1696,49,0,0
126897,529,58,0,5,93820,1733,24,0,0
150402,1815,51,0,0,138464,925,17,0,0
14418,829,74,0,0,63485,2110,24,0,0
11198,1159,22,0,1,151238,954,94,0,0
109477,899,59,0,2,142801,536,55,0,0
49969,1704,25,0,1,103136,1146,44,0,0
114608,801,55,0,2,138144,1312,56,0,0
126796,2028,53,0,3,85053,527,32,0,0
95064,636,63,0,3,141033,1473,34,0,1
163372,754,20,0,2,155270,1115,65,0,0
96524,833,32,0,3,39634,1114,65,0,0
146848,1164,23,0,1,63172,994,46,0,0
112422,1078,25,0,5,51218,803,25,0,0
142116,1185,52,0,0,152463,743,82,0,0
130736,1762,74,0,1,105585,1434,27,0,0
67370,1273,27,0,10,103030,1453,43,0,0
103758,769,27,0,0,97510,1784,50,0,0
133789,986,20,0,1,68531,327,138,0,0
91597,1613,28,0,3,62667,1255,27,0,1
106717,2426,43,0,1,58381,822,67,0,1
151902,1385,66,0,0,34164,851,18,0,0
71596,826,33,0,3,153996,1270,52,0,0
77570,309,59,0,3,83691,1339,35,0,0
87875,770,56,0,3,124284,601,114,0,0
141359,901,48,0,5,118037,504,25,0,0
37171,937,45,0,1,153789,612,38,0,0
124226,1436,31,0,1,38457,1236,63,0,0
159861,1112,35,0,2,5789,630,57,0,0
117847,959,40,0,4,80112,2406,44,0,1
6652,916,33,0,3,88613,693,58,0,0
79856,1657,50,0,2,130991,739,22,0,0
149197,459,38,0,0,120296,2285,26,0,0
31972,1047,67,0,5,123885,1439,32,0,0
115211,712,26,0,0,154395,1183,39,0,0
154609,1379,58,0,2,91921,1173,33,0,0
118181,1070,40,0,4,130874,2141,39,0,0
66978,1390,59,0,2,161186,2397,31,0,0
145837,2544,50,0,1,93679,149,32,0,0
86471,591,69,0,2,48831,500,110,0,0
150545,574,38,0,0,98403,1034,44,0,0
78523,1020,40,0,3,136449,659,98,0,0
82754,1423,15,0,0,161954,1502,30,0,0
123234,974,52,0,4,128928,623,84,0,0
124439,1614,65,0,16,6513,1157,59,0,1
158735,1144,55,0,1,89416,851,61,0,1
103913,1388,17,0,5,54260,1195,21,0,0
76886,1333,32,0,0,119752,1537,52,0,0
140741,2331,32,0,0,64115,1075,50,0,0
55119,1310,19,0,0,73300,480,23,0,0
72792,668,54,0,1,96094,1831,36,0,0
71544,1667,44,0,0,121720,877,62,0,0
146578,1288,13,0,0,119079,1926,32,0,0
142300,799,94,0,0,97286,1729,30,0,0
159411,1188,30,0,2,104737,1120,28,0,0
36990,819,44,0,0,111167,1181,66,0,0
131187,1442,111,0,2,143053,1707,39,0,0
133939,1277,79,0,6,160033,322,31,0,0
147245,1399,55,0,2,53322,1134,37,0,0
102777,1836,46,0,5,122710,958,27,0,0
121201,1060,38,0,6,11595,790,41,0,0
156884,740,73,0,3,85613,2192,25,0,0
129893,658,61,0,1,78327,1292,47,0,0
136877,1010,28,0,0,119899,1244,27,0,0
75365,1889,17,0,3,131826,1437,11,0,0
144802,727,31,0,0,135900,1184,33,0,0
58965,2133,22,0,0,94631,1172,66,0,0
80079,1709,26,0,0,162791,1292,49,0,0
32125,1327,51,0,1,55481,975,64,0,0
104245,690,67,0,3,46926,1093,28,0,0
11695,1447,40,0,0,34017,1301,58,0,0
133906,1216,27,0,3,128955,1197,90,0,0
166030,1131,35,0,4,60152,1340,76,0,0
125132,1244,30,0,2,158310,962,75,0,0
134066,1684,37,0,5,110232,1749,30,0,0
160621,2288,35,0,3,31976,2177,57,0,0
93435,1168,58,0,0,133222,1849,86,0,0
48109,1656,23,0,5,140420,872,35,0,0
122675,1240,105,0,1,149374,2095,32,0,0
95907,1343,33,0,0,151080,1292,60,0,0
114430,1002,18,0,1,74421,733,47,0,0
144133,1631,43,0,2,144033,2007,28,0,0
48060,1544,47,0,0,153212,816,29,0,0
149023,1159,24,0,0,139816,184,27,0,0
164218,1343,33,0,1,123864,1957,30,0,0
142054,1877,46,0,3,117606,1696,58,0,0
99335,2241,35,0,13,84841,886,35,0,0
63828,429,72,0,0,116307,970,36,0,0
136384,700,24,0,0,84484,1141,14,0,0
116492,815,58,0,0,158278,1725,41,0,0
161144,1901,24,0,0,110136,2074,36,0,0
80019,2133,53,0,0,56651,1279,52,0,0
128483,1658,58,0,1,138883,1195,53,0,0
32833,522,59,0,7,157783,1964,51,0,0
129469,1956,21,0,8,99157,2198,31,0,0
158930,989,41,0,2,89047,1136,59,0,0
5836,988,62,0,0,156762,1178,58,0,0
96860,2157,22,0,1,164288,1145,57,0,0
155495,2330,36,0,0,159010,694,52,0,0
75316,1145,95,0,2,146573,1169,32,0,0
78953,2044,23,0,7,98761,671,96,0,0
128331,1142,39,0,2,126876,298,22,0,0
91516,1365,30,0,2,169299,1006,61,0,0
94366,1299,124,0,0,62085,946,46,0,0
145753,1226,52,0,9,162122,2254,66,0,0
125880,564,55,0,8,124634,775,38,0,0
108393,2215,42,0,1,104169,2333,41,0,0
147528,1601,44,0,1,162019,2531,46,0,0
127277,2208,40,0,5,136255,1254,62,0,0
162051,287,255,0,3,107513,730,46,0,0
88835,950,47,0,0,129021,1401,38,0,0
88859,1202,44,0,2,91020,1028,47,0,0
36529,2172,25,0,8,56194,1261,25,0,0
139671,576,202,0,10,161675,1322,30,0,0
77840,838,37,0,1,70809,1117,76,0,0
72940,887,25,0,0,115805,550,37,0,0
126970,781,18,0,1,171443,1827,67,0,0
125548,1231,17,0,0,126816,1798,54,0,0
153974,1173,47,0,0,148311,2598,22,0,0
110758,1244,74,0,4,114206,1265,19,0,0
102758,1466,35,0,4,65456,447,41,0,0
8737,296,26,0,9,157345,803,60,0,0
119505,1555,56,0,0,125520,1565,75,0,0
164822,2341,19,0,0,125480,1513,86,0,0
170825,554,193,0,2,33723,1404,37,0,0
32565,101,61,0,9,149880,626,40,0,0
81559,1131,45,0,2,102565,2103,38,0,0
144456,814,43,0,0,11062,1623,43,0,0
35287,832,56,0,0,71593,765,33,0,0
133616,2267,28,0,1,129334,647,90,0,0
104239,792,50,0,4,162378,1179,64,0,0
79725,2200,89,0,4,153871,1999,36,0,0
64638,1105,88,0,2,130130,1929,42,0,0
167586,369,48,0,1,124442,1082,51,0,0
141220,1646,46,0,3,123291,534,62,0,0
164646,715,58,0,6,117333,417,63,0,0
150283,2471,41,0,2,58270,1223,46,0,0
95417,922,43,0,2,135855,2559,36,0,0
111007,698,24,0,2,127821,1355,33,0,0
115480,1360,24,0,3,61904,1482,40,0,0
14774,1946,32,0,1,77048,412,28,0,0
114496,1293,38,0,0,167919,1376,25,0,0
118130,1952,38,0,1,145769,1842,27,0,0
143528,2269,47,0,1,105610,1036,23,0,0
117656,748,20,0,0,155403,117,37,0,0
117706,1581,34,0,2,68754,883,27,0,0
127617,2119,56,0,0,88184,1601,97,0,0
130893,1394,46,0,0,80353,983,42,0,0
141486,1195,37,0,0,150694,1650,25,0,0
50121,1239,98,0,0,108606,819,45,0,0
82018,1218,21,0,0,113438,1122,38,0,0
111214,1116,54,0,2,137449,1604,56,0,1
55932,1229,31,0,4,147440,856,42,0,1
151501,2156,39,0,5,12906,2192,24,0,0
130794,1068,36,0,1,63607,359,63,0,1
61527,2011,54,0,8,123685,1859,47,0,0
8596,1886,81,0,0,138873,1403,31,0,0
138688,1183,38,0,4,126201,2197,56,0,0
78779,1455,29,0,1,137017,1329,38,0,1
166908,1961,45,0,4,124270,721,21,0,0
140223,906,54,0,2,168871,1338,40,0,0
127526,1571,46,0,5,118175,1191,52,0,0
126485,1968,53,0,1,126456,1763,29,0,0
152690,627,59,0,3,111933,291,32,0,0
120262,1585,73,0,0,142663,970,46,0,0
126645,1425,74,0,0,80276,1304,29,0,0
122599,954,37,0,4,161125,1885,39,0,0
96563,1303,45,0,0,163845,1662,42,0,0
56620,1316,38,0,2,121610,501,58,0,0
121145,1062,19,0,7,107901,939,27,0,0
169977,1250,48,0,3,56295,943,30,0,0
109033,1838,23,0,4,88091,630,104,0,0
119126,427,36,0,0,167266,404,56,0,0
53431,1113,29,0,5,129357,2114,36,0,0
65594,480,28,0,2,98152,1657,60,0,0
14052,1829,41,0,4,125950,963,72,0,1
156921,1047,46,0,11,165533,901,51,0,0
105131,803,33,0,2,7945,706,43,0,0
110208,1137,41,0,1,92933,1294,86,0,0
130345,661,84,0,1,97625,2588,48,0,0
153788,1389,49,0,5,55311,2040,33,0,0
135683,477,26,0,6,131904,1230,25,0,0
136955,1199,49,0,2,108772,849,54,0,0
150840,1311,34,0,2,92279,413,28,0,0
154626,1559,38,0,0,93239,1775,33,0,0
131654,1465,47,0,0,83646,738,39,0,0
131080,1320,46,0,2,142022,1381,36,0,0
82972,1146,45,0,7,133601,974,38,0,0
150213,1258,46,0,0,100386,619,134,0,0
131459,1357,26,0,1,89863,1533,18,0,0
40342,156,51,0,2,151713,2289,30,0,0
9037,951,60,0,1,80776,230,26,0,1
137479,1021,44,0,1,120651,630,73,0,0
134675,773,104,0,4,168967,752,24,0,1
33047,1639,62,0,4,165368,790,55,0,0
82329,1265,38,0,7,79691,1034,61,0,0
111636,752,38,0,11,124211,1807,27,0,0
174763,1487,57,0,0,104259,2468,39,0,0
178314,1523,35,0,6,75167,2537,44,0,0
170662,1171,27,0,10,111364,808,73,0,0
7415,829,48,0,5,104838,1887,19,0,0
109199,1361,62,0,0,74980,909,43,0,0
110912,489,35,0,1,158987,1192,39,0,0
51088,1301,57,0,0,135624,1595,54,0,0
111492,697,55,0,0,99782,740,59,0,0
84214,1332,43,0,2,151809,2117,16,0,0
60119,1176,40,0,0,126315,1605,82,0,0
111381,991,43,0,2,96119,1678,45,0,0
71817,116,204,0,4,146428,1105,37,0,0
71581,2443,30,0,0,127622,1026,82,0,0
137121,2384,47,0,3,95898,1140,57,0,0
6885,618,53,0,1,161410,652,35,0,0
135847,1181,50,0,2,59640,1100,32,0,0
153739,1864,24,0,0,152654,1315,35,0,0
88073,799,104,0,1,115986,1708,24,0,0
141824,1400,83,0,7,98415,2379,56,0,0
31760,1978,68,0,0,134165,1466,38,0,0
121736,1572,27,0,0,145174,981,30,0,0
161907,1443,86,0,5,139338,628,50,0,0
99268,1526,71,0,5,171627,1096,73,0,0
25649,1693,37,0,3,180131,876,9,0,0
113420,1645,21,0,1,54824,1806,53,0,0
148082,2392,38,0,1,134090,633,39,0,0
96887,1010,60,0,1,153480,1173,34,0,0
88286,1894,24,0,1,123406,1251,35,0,0
103715,944,17,0,11,157533,1103,32,0,0
10661,1750,38,0,2,171775,647,36,0,0
98068,190,35,0,3,123057,1604,33,0,0
171365,1869,25,0,7,58325,1320,44,0,0
113600,1130,56,0,2,167974,1170,41,0,0
170306,763,38,0,4,141538,1804,40,0,0
107491,1161,13,0,1,174314,759,88,0,0
139364,978,46,0,2,102915,940,34,0,0
163422,869,37,0,5,123466,1067,55,0,0
130308,1212,35,0,1,68961,1020,19,0,0
176011,914,20,0,4,105998,246,52,0,0
120737,1469,46,0,0,104657,1094,102,0,0
58836,1443,39,0,1,126838,889,18,0,0
67840,1552,49,0,2,68996,1081,44,0,0
130187,1497,50,0,0,91175,1018,41,0,0
161471,852,24,0,3,106307,577,216,0,0
172330,1517,76,0,1,160856,1067,48,0,0
160788,1088,84,0,9,181663,1564,17,0,0
70188,930,55,0,1,89019,1258,46,0,0
138107,548,89,0,9,178762,742,337,0,0
147309,1315,38,0,10,110079,1405,48,0,0
74786,1174,44,0,0,161264,2364,34,0,0
118743,437,29,0,1,142094,1774,43,0,0
161726,1268,63,0,2,159775,1201,33,0,0
74476,415,38,0,1,107423,1443,78,0,0
74640,1155,23,0,1,181976,664,37,0,0
148532,1338,45,0,2,115545,679,48,0,0
92820,1522,53,0,0,103227,1757,25,0,0
159822,1652,53,0,0,146707,1456,21,0,0
143580,677,64,0,1,57611,780,47,0,0
74688,1121,17,0,0,127335,2485,34,0,0
159879,1081,55,0,0,48517,697,70,0,0
54628,1560,33,0,2,113159,1245,27,0,0
81684,490,69,0,1,69445,1332,105,0,0
94925,803,96,0,1,63992,741,84,0,0
163334,840,64,0,1,148370,1891,49,0,0
116655,1324,38,0,1,120200,1244,52,0,0
66675,1473,26,0,2,120394,2096,32,0,0
91374,1017,33,0,1,84730,758,61,0,0
149508,872,37,0,1,99743,1207,37,0,0
9465,1730,59,0,0,174803,1484,29,0,0
143946,2450,41,0,3,111439,619,34,0,0
171048,1151,53,0,3,137898,987,48,0,0
67748,901,59,0,1,138141,684,63,0,0
15883,679,50,0,1,60502,925,24,0,0
153399,653,94,0,0,67436,581,48,0,0
31721,1468,62,0,1,160317,2064,20,0,0
82258,2341,22,0,3,168323,1095,54,0,0
78907,1185,30,0,0,133948,951,47,0,0
109103,524,63,0,1,73975,1856,43,0,0
111440,1476,72,0,1,16115,1645,44,0,0
173466,906,51,0,4,183885,1510,80,0,0
116366,1962,43,0,0,82246,1657,63,0,0
157100,1667,30,0,7,81503,919,26,0,0
118796,1262,64,0,1,138345,724,45,0,0
57066,2379,31,0,0,163714,884,25,0,0
157831,1346,35,0,4,113066,1282,44,0,0
184434,1002,57,0,1,115187,1106,50,0,0
164251,1146,18,0,1,97363,1390,24,0,0
128783,1388,47,0,0,120890,1382,16,0,0
6533,2456,27,0,1,67465,1408,26,0,1
83163,1985,37,0,0,92424,990,93,0,0
135688,1405,227,0,5,164632,1318,65,0,0
136057,1880,54,0,1,133135,1690,31,0,0
142386,964,17,0,2,162781,1647,33,0,0
142242,424,52,0,3,151123,1621,37,0,0
8285,831,104,0,6,162300,436,18,0,0
131830,1497,19,0,3,163240,1532,44,0,0
86649,1890,37,0,1,134943,465,44,0,0
40386,1099,280,0,4,158440,2033,45,0,0
153260,1557,62,0,3,147437,690,64,0,0
153727,577,38,0,7,116757,1149,82,0,0
101008,618,26,0,1,127185,603,50,0,0
122736,738,33,0,3,153760,1076,52,0,0
64608,644,17,0,2,97727,1610,30,0,0
83753,1225,28,0,1,112642,1390,61,0,0
156035,1154,40,0,0,130537,2156,32,0,0
154902,1943,44,0,2,133050,1256,50,0,0
133849,1580,44,0,1,125560,835,41,0,0
112137,1760,31,0,0,94287,538,36,0,0
105268,831,41,0,1,160045,1617,41,0,1
130464,183,73,0,4,134379,1343,100,0,0
130553,1619,35,0,3,128351,1880,60,0,0
151846,962,57,0,0,104131,2194,54,0,0
150933,2086,34,0,3,40968,1344,58,0,0
34511,948,30,0,1,146291,1142,28,0,0
116802,1270,26,0,2,74387,1110,33,0,0
79958,1424,63,0,9,158783,2468,60,0,0
151494,1245,51,0,0,186912,1107,48,0,0
153079,759,39,0,0,183243,1536,36,0,0
99788,1276,54,0,4,82876,801,34,0,0
128102,1344,68,0,14,94878,1403,59,0,0
64289,116,77,0,9,112714,886,101,0,0
98646,489,45,0,3,163520,1565,48,0,1
164518,756,26,0,0,67251,2100,30,0,0
5291,1070,38,0,4,150634,436,36,0,0
107648,2143,39,0,6,113380,1173,16,0,0
152414,332,83,0,1,32003,2396,24,0,0
88644,946,44,0,2,92027,436,84,0,0
148530,1418,44,0,2,8241,1684,76,0,0
127157,1003,56,0,0,140391,2069,45,0,0
139765,666,42,0,2,117641,2270,27,0,0
103608,939,49,0,0,34904,1318,19,0,0
116426,1113,25,0,1,172664,1453,28,0,0
153802,1657,79,0,6,166617,1109,51,0,0
88014,2118,24,0,3,122215,953,69,0,0
64207,1408,38,0,2,144264,2123,41,0,0
102567,1020,41,0,1,61212,1656,46,0,0
85228,1095,52,0,1,81312,2563,50,0,0
68205,956,41,0,4,51345,102,38,0,0
50003,972,61,0,7,157169,877,46,0,0
146327,796,44,0,2,153966,1773,46,0,0
135386,996,43,0,0,91058,804,80,0,0
93614,698,30,0,6,102527,959,49,0,0
131225,494,29,0,11,83036,1554,37,0,0
151284,663,43,0,0,35043,105,65,0,0
168219,2104,25,0,1,141052,474,40,0,0
73736,969,59,0,1,61016,1447,38,0,0
105621,622,61,0,3,104199,2125,20,0,0
85358,1777,18,0,0,155138,1424,80,0,0
163103,306,65,0,6,171091,1109,41,0,0
124271,1517,31,0,0,144675,1076,55,0,0
112685,2278,34,0,1,188343,1064,61,0,0
49371,726,51,0,2,115454,1751,29,0,0
88022,1979,60,0,1,122107,1169,39,0,0
139331,1182,42,0,0,130017,688,43,0,0
102767,1487,58,0,8,150464,1972,38,0,0
121670,1296,40,0,1,119276,2135,74,0,0
171869,1037,40,0,1,96366,2383,36,0,0
49424,2046,91,0,3,182444,943,43,0,0
147299,830,33,0,8,52220,1033,29,0,0
97890,936,30,0,1,162924,1351,42,0,0
139942,2647,59,0,4,78422,1882,18,0,0
92440,1951,59,0,0,73092,1220,43,0,0
74372,1857,45,0,8,188063,678,41,0,0
79709,1493,18,0,1,101352,838,90,0,0
126169,1468,36,0,1,146172,1077,48,0,0
149121,1729,58,0,2,83731,308,54,0,0
133702,1206,56,0,3,135450,2469,26,0,0
67159,693,27,0,3,116941,1299,68,0,0
152495,1727,26,0,1,120419,1876,39,0,0
180184,1008,62,0,0,151201,1427,58,0,0
147662,849,44,0,6,61898,1178,31,0,0
183292,1499,85,0,3,173947,2247,36,0,1
126331,1536,27,0,6,104986,2157,89,0,0
140551,1267,37,0,1,92145,2545,37,0,0
80873,1183,74,0,3,150361,1232,34,0,0
8739,2166,35,0,13,114623,1611,34,0,0
114346,990,18,0,0,84604,890,42,0,0
180381,860,58,0,1,138062,1911,61,0,0
166227,1176,16,0,3,164061,1346,28,0,0
31803,688,78,0,4,92021,541,45,0,1
187799,676,51,0,3,33773,1296,51,0,0
109146,463,67,0,13,100484,1486,34,0,0
183952,1757,41,0,0,112844,484,28,0,0
121880,548,86,0,0,124587,1955,26,0,0
63143,1049,79,0,0,8698,847,63,0,0
144740,646,47,0,3,65314,969,41,0,0
149050,465,40,0,0,80894,1715,31,0,0
171050,1506,53,0,1,79904,1802,114,0,0
120527,1385,41,0,0,130402,586,28,0,0
85929,1192,43,0,4,159994,733,101,0,0
169692,1206,90,0,1,58981,1842,42,0,0
128768,869,77,0,0,164072,1102,35,0,0
68059,2330,51,0,3,80243,1294,43,0,0
109373,1157,32,0,1,161339,666,37,0,0
73352,965,50,0,0,54547,536,47,0,0
143641,2105,31,0,0,144915,1488,36,0,0
159808,811,122,0,3,104461,1698,39,0,0
151448,2265,58,0,3,89574,879,29,0,0
71145,650,25,0,0,126078,1740,50,0,0
89368,986,47,0,1,163451,884,81,0,0
83766,1597,56,0,0,109515,2023,21,0,0
125570,1077,45,0,1,166375,1735,36,0,0
129255,1295,69,0,0,165015,213,52,0,0
149865,1339,47,0,1,128138,1121,26,0,0
185169,1876,81,0,8,93373,703,99,0,0
68826,1794,42,0,2,123879,1330,49,0,0
14969,1547,50,0,3,110883,2191,24,0,1
179107,953,27,0,2,71299,1124,58,0,0
185512,1237,24,0,2,187171,1060,39,0,0
99576,1180,50,0,2,188624,1150,47,0,0
61020,327,60,0,8,7213,675,40,0,0
77038,2192,22,0,0,185570,1031,64,0,0
150184,1655,70,0,3,143230,1332,29,0,0
62522,649,37,0,2,117320,463,24,0,0
193880,1106,51,0,3,190157,1082,54,0,0
91600,1685,96,0,6,90109,703,43,0,0
5956,1324,47,0,1,191041,2327,39,0,0
118155,1864,48,0,4,97187,1513,34,0,1
160562,2573,18,0,1,149048,1439,38,0,0
94941,1049,70,0,0,77474,1668,25,0,0
84744,705,54,0,4,12338,835,31,0,0
89021,847,68,0,3,94753,1601,37,0,0
89473,2424,41,0,1,130307,1305,40,0,0
102154,1166,39,0,2,123329,367,28,0,0
189725,1605,42,0,4,123481,314,56,0,0
146971,950,49,0,6,181592,339,100,0,0
155953,1135,179,0,3,151096,2484,50,0,0
72031,1214,46,0,0,81555,2010,64,0,0
113107,1253,90,0,9,131299,994,35,0,0
140797,1348,16,0,1,133569,1883,77,0,0
106366,594,72,0,238,111574,2119,30,0,0
127510,954,82,0,0,148334,1032,51,0,0
155715,468,35,0,0,148067,1110,33,0,0
140684,1696,65,0,1,54400,219,58,0,0
144290,1741,33,0,0,138251,1016,58,0,0
180139,2378,38,0,0,173999,1709,51,0,0
140527,1462,54,0,1,166106,894,40,0,1
116991,590,45,0,0,186111,685,25,0,0
112865,814,41,0,0,180930,1080,74,0,0
90146,1319,32,0,1,83459,1120,51,0,0
82994,887,50,0,0,150659,692,58,0,0
122773,1383,53,0,0,185954,2253,22,0,0
150364,1861,44,0,0,13435,2599,69,0,0
34293,868,39,0,0,171258,701,77,0,0
136650,2549,49,0,1,123790,702,39,0,0
48407,1901,74,0,0,131048,1572,19,0,0
92359,2525,35,0,0,154432,1623,48,0,0
146637,1457,76,0,0,118229,848,32,0,0
144872,837,37,0,0,125017,1177,83,0,0
84937,1246,28,0,1,166703,723,62,0,0
150555,263,27,0,0,72420,1235,31,0,0
38399,1158,24,0,0,149114,1092,36,0,0
195213,2295,31,0,0,160205,1792,114,0,0
83846,185,89,0,0,145351,712,25,0,0
174913,1404,34,0,0,69397,1097,17,0,0
83901,1380,29,0,0,80391,1183,81,0,0
84721,1113,48,0,49,88078,1466,13,0,0
110210,1811,22,0,0,164745,471,21,0,0
31891,269,56,0,2,12522,1087,69,0,0
124143,1184,48,0,0,129466,1992,34,0,0
113359,829,142,0,0,62620,937,50,0,0
106092,1643,53,0,2,183108,701,54,0,0
185268,641,40,0,2,121968,1339,52,0,0
123210,1863,46,0,0,140087,615,204,0,0
107350,648,38,0,3,117251,450,52,0,0
81520,869,60,0,5,62105,654,20,0,0
136101,1042,48,0,2,134109,764,42,0,0
64659,1682,24,0,0,78205,2157,30,0,0
150711,1341,40,0,0,142719,1498,91,0,0
117462,1191,49,0,4,9366,1146,34,0,0
82046,889,54,0,4,106493,2100,24,0,0
109145,1087,40,0,4,72215,1126,86,0,0
73665,664,33,0,2,154113,1573,46,0,0
73279,1827,48,0,8,80707,1353,38,0,1
74479,972,116,0,0,184475,1809,48,0,0
145996,1955,49,0,0,127627,1639,43,0,0
57950,1928,29,0,2,64899,355,58,0,0
156700,259,44,0,1,96843,1965,51,0,0
77403,1089,68,0,0,147822,985,28,0,0
82838,1058,70,0,0,152149,665,56,0,0
136762,2030,21,0,1,174793,890,29,0,0
163592,1088,58,0,2,99654,854,34,0,0
73738,1661,27,0,10,171565,2400,35,0,0
121093,1404,31,0,0,184151,798,47,0,0
131558,1429,21,0,2,118929,983,18,0,0
195986,1063,28,0,1,157025,2454,27,0,0
128669,801,104,0,0,156666,1023,55,0,0
194679,1038,21,0,0,84547,211,45,0,0
186800,1222,36,0,0,137577,870,18,0,0
166676,750,33,0,3,163536,1117,45,0,0
160879,1192,27,0,3,152223,1162,26,0,0
154794,853,61,0,1,66010,1479,59,0,0
185388,864,37,0,1,123033,2065,71,0,0
86752,1483,46,0,0,104758,1983,31,0,0
105572,1090,48,0,1,145266,2182,33,0,0
72355,1320,54,0,9,141965,655,40,0,0
184441,887,79,0,3,112259,878,34,0,0
54637,1176,48,0,0,174339,1482,30,0,0
107668,1596,35,0,6,151928,1929,48,0,0
164095,928,27,0,0,183159,1312,21,0,0
161594,1068,59,0,6,188323,624,51,0,1
117646,1091,26,0,2,67557,1081,76,0,0
196031,1676,31,0,1,185533,1240,66,0,0
107703,1862,22,0,5,96759,1938,26,0,0
188806,686,81,0,0,165994,1275,28,0,0
113900,1159,66,0,0,122398,908,47,0,0
136416,2044,37,0,2,195183,514,68,0,0
120704,833,71,0,3,196307,160,24,0,0
171377,753,34,0,1,121060,1983,38,0,0
147157,1148,59,0,1,103311,1038,41,0,0
153458,2110,47,0,0,130799,1707,54,0,0
119904,1239,17,0,3,12446,765,49,0,0
15691,543,42,0,0,93120,622,44,0,0
188639,1685,26,0,0,126312,617,74,0,0
102689,2385,28,0,2,12750,2359,26,0,0
165491,1183,43,0,1,195458,742,39,0,0
149082,1078,28,0,6,110591,673,100,0,0
52006,760,37,0,0,145793,902,48,0,0
55085,137,45,0,0,140438,1048,32,0,0
178487,1814,31,0,1,38879,1100,28,0,0
67542,1223,32,0,0,83442,1310,32,0,0
157532,1853,17,0,1,92656,821,27,0,0
136203,907,18,0,0,179077,2259,38,0,0
98920,1158,19,0,9,55117,698,39,0,0
111431,768,28,0,2,195674,1807,32,0,0
166447,522,47,0,2,165797,1124,39,0,0
147148,1098,29,0,1,64588,724,27,0,0
105130,485,48,0,0,131152,2290,37,0,0
123326,231,29,0,0,136018,1986,90,0,0
120197,2532,31,0,5,61601,1221,39,0,0
141377,964,46,0,0,101315,2491,52,0,0
160126,1490,47,0,1,189196,1651,48,0,0
83206,1675,18,0,0,39198,1626,43,0,0
169117,390,29,0,1,124898,627,32,0,0
158462,1183,31,0,1,142349,1154,44,0,0
93976,1674,77,0,0,129706,1196,57,0,0
152502,1408,38,0,2,116150,1261,61,0,0
125094,1674,24,0,0,32241,570,51,0,0
128656,1625,99,0,1,106265,545,50,0,0
195900,1714,23,0,0,154342,2043,60,0,0
136772,1451,62,0,0,110645,2104,87,0,0
107289,817,27,0,4,168580,1238,32,0,0
76924,1517,70,0,2,50378,513,75,0,0
128772,325,50,0,3,151026,1043,34,0,0
181303,1173,81,0,0,119092,1670,39,0,0
150934,1406,22,0,0,109368,1720,47,0,0
145672,1075,86,0,1,173533,706,28,0,0
51618,754,63,0,5,52124,2197,174,0,0
104681,864,39,0,1,160846,1611,39,0,0
137141,646,39,0,4,153832,1310,31,0,0
54771,1761,60,0,1,125920,2453,54,0,0
95720,430,100,0,1,108704,1216,43,0,0
148323,780,128,0,3,112679,690,63,0,0
165846,1859,27,0,1,89372,1424,30,0,0
142829,2233,24,0,0,162680,481,47,0,0
153054,1947,29,0,1,158649,2156,41,0,0
180252,1575,65,0,6,10981,2314,82,0,0
145129,2151,48,0,1,78360,1186,361,0,0
198811,1075,52,0,2,111149,389,46,0,0
63182,1294,63,0,1,162756,1983,52,0,0
179716,1758,60,0,3,187073,944,32,0,0
133481,2564,46,0,2,108410,1870,38,0,0
72075,651,50,0,0,150905,1003,23,0,0
165112,688,29,0,0,112889,521,66,0,0
171255,953,78,0,1,116701,1536,59,0,0
188280,1345,37,0,0,99276,495,30,0,0
126222,682,101,0,2,130137,953,53,0,0
119596,1680,88,0,1,8542,1608,35,0,0
11176,1085,84,0,2,134993,1084,93,0,0
180528,976,82,0,2,158924,1195,99,0,0
138134,389,41,0,1,130604,1702,49,0,0
156258,1354,23,0,1,122084,667,37,0,0
63629,1934,34,0,2,12288,556,32,0,0
121025,1822,37,0,1,149273,1563,9,0,0
105439,2095,31,0,0,128452,173,63,0,0
186380,235,21,0,0,74777,1380,31,0,0
170471,1421,43,0,8,57175,2547,24,0,0
112878,1864,32,0,3,58917,1911,41,0,0
193144,1316,19,0,0,6691,705,24,0,0
197707,1828,40,0,2,142788,1785,26,0,0
123458,1681,69,0,1,63900,809,42,0,0
145546,742,285,0,1,111378,1018,53,0,0
158645,1904,44,0,0,105576,1499,47,0,0
137889,127,37,0,1,102162,931,32,0,0
147447,1358,49,0,2,118077,1608,95,0,0
170979,1153,95,0,1,139076,1979,41,0,0
136267,1751,59,0,14,122032,2328,43,0,0
98745,757,35,0,5,93155,1630,42,0,0
145758,940,49,0,0,150719,1572,18,0,0
178395,539,42,0,0,81001,1366,62,0,0
133349,683,35,0,1,41001,1623,36,0,0
159403,1384,78,0,2,113395,1437,21,0,0
154534,1551,106,0,2,107141,1734,35,0,0
96132,1989,48,0,2,160110,1868,42,0,0
190332,2158,19,0,0,112386,1605,68,0,0
137128,673,30,0,0,81302,1155,51,0,0
164689,1565,54,0,217,187831,315,54,0,0
121226,925,47,0,0,146869,1149,54,0,0
131933,1448,53,0,0,129568,1438,45,0,0
126278,639,22,0,0,200189,781,29,0,0
41126,593,23,0,0,188658,1728,43,0,0
56821,1362,51,0,0,106808,1703,50,0,0
81392,737,44,0,0,132903,540,42,0,0
118779,2032,36,0,26,132314,1287,34,0,0
197613,1739,46,0,0,67789,1623,19,0,0
156290,1174,26,0,0,141186,1736,35,0,0
173633,1526,45,0,0,182399,2560,40,0,0
135714,1183,28,0,1,134556,1346,41,0,0
60175,1255,108,0,0,119681,1794,34,0,0
146561,522,46,0,0,123682,2475,45,0,0
153502,367,53,0,1,113602,1669,51,0,0
94320,1514,43,0,0,127447,1347,32,0,0
183762,389,46,0,0,34742,2013,31,0,0
97814,447,44,0,1,142207,1991,44,0,0
127688,1223,23,0,0,14426,1872,43,0,0
133664,1098,70,0,0,91621,1641,65,0,0
13124,1845,54,0,0,74751,1255,43,0,0
39092,1315,34,0,0,202987,848,20,0,0
192660,955,34,0,0,99965,1516,75,0,0
6980,1045,52,0,0,197480,1439,38,0,0
8646,713,31,0,0,124795,2189,93,0,0
122326,1095,18,0,1,53454,661,30,0,0
100916,2535,26,0,0,140572,1235,56,0,0
88992,641,67,0,0,114704,1300,53,0,0
166472,989,23,0,0,165066,1339,26,0,0
118051,1657,39,0,0,198127,2251,100,0,0
136533,1882,22,0,0,186852,1291,30,0,0
152457,1499,63,0,14,147470,1670,30,0,0
196319,1118,51,0,3,165598,740,68,0,1
159778,1159,49,0,4,126836,1850,25,0,0
193951,614,37,0,0,153547,662,53,0,0
159292,1133,51,0,0,168912,935,37,0,0
164666,716,101,0,0,162286,1015,52,0,0
90110,858,21,0,0,80544,2623,18,0,0
79926,590,31,0,0,50316,1800,27,0,0
84828,1312,39,0,1,160038,1661,52,0,0
181282,1004,67,0,0,130826,615,32,0,0
69096,1121,38,0,1,54443,1299,49,0,0
133522,370,92,0,0,93126,1892,60,0,0
141145,712,22,0,0,10788,2500,59,0,0
92870,476,48,0,0,99675,764,33,0,0
151408,1612,67,0,0,159110,1250,21,0,0
41361,1608,27,0,1,121872,1902,40,0,0
141034,776,82,0,0,74778,1023,39,0,0
163201,2341,30,0,0,201084,1261,57,0,0
132925,764,42,0,7,94061,633,94,0,0
95055,1764,41,0,0,73694,376,59,0,0
48062,1677,39,0,0,64645,1193,37,0,0
54878,599,57,0,1,164567,1675,42,0,0
186831,904,23,0,2,186974,1098,27,0,0
140107,2101,42,0,1,172564,957,46,0,0
146207,1544,48,0,2,126211,1288,59,0,0
202004,1342,50,0,2096,126684,514,68,0,0
150380,785,60,0,0,111877,657,57,0,0
111910,1238,37,0,0,158450,959,67,0,0
88219,2064,25,0,0,173383,1118,57,0,0
181092,787,51,0,0,143704,558,51,0,0
129865,1448,26,0,1,48524,1148,36,0,0
160969,2075,27,0,0,64651,322,55,0,0
205003,665,36,0,0,118076,814,39,0,0
162297,1208,20,0,0,82637,957,44,0,0
129822,2074,19,0,0,117085,562,75,0,0
62622,845,57,0,0,162032,1032,43,0,0
138928,1113,63,0,1,195272,1147,31,0,0
198873,632,33,0,0,141765,1602,87,0,0
123488,288,27,0,0,137899,1746,79,0,0
126081,2287,57,0,0,172745,2083,104,0,0
77862,1164,45,0,0,193270,1310,33,0,0
167323,2355,17,0,0,171479,1087,36,0,0
136609,1107,41,0,0,195878,1176,41,0,0
187843,510,33,0,1,139344,802,38,0,0
165025,1681,31,0,0,70903,117,26,0,0
58478,2053,213,0,0,148259,1472,33,0,0
121862,1216,63,0,0,34583,668,88,0,0
96917,1006,19,0,0,127108,927,19,0,0
168553,1561,45,0,0,149207,790,75,0,0
130206,1298,46,0,0,153815,1549,51,0,0
111365,1687,38,0,0,127096,1319,72,0,0
81289,1442,19,0,8,159830,1146,49,0,0
149095,724,56,0,1,157301,1362,39,0,0
117132,1357,30,0,1,5529,1707,40,0,0
187982,1786,36,0,2,203245,2228,30,0,0
208040,920,55,0,0,124188,949,69,0,0
131053,1241,95,0,0,94562,269,47,0,0
158359,1392,52,0,0,126886,1333,29,0,0
140624,1254,44,0,4,156299,977,33,0,0
12648,1206,42,0,0,148761,1314,56,0,0
107078,1473,17,0,0,179855,1854,47,0,0
121526,2164,39,0,0,127864,711,64,0,0
10715,1360,43,0,2,113002,1427,36,0,0
135094,357,47,0,1,112883,766,58,0,0
53378,1154,67,0,0,203934,1767,50,0,0
193994,2299,44,0,11,147567,2130,35,0,0
173934,831,45,0,3,164825,2086,39,0,0
171530,986,28,0,0,141068,1919,35,0,0
114123,805,29,0,0,147163,1391,23,0,0
106791,2150,36,0,0,77725,1479,24,0,0
57992,316,39,0,0,146326,241,170,0,0
123878,1669,42,0,0,95220,1425,36,0,0
123402,742,117,0,0,204999,649,29,0,0
193113,1469,32,0,0,157560,867,28,0,0
178210,1783,38,0,4,182895,969,38,0,0
128297,1706,73,0,0,204375,1037,31,0,1
153070,1158,56,0,0,126784,900,57,0,0
139160,780,50,0,0,185181,1315,50,0,0
172646,2166,17,0,0,170678,918,65,0,0
145133,680,17,0,1,158769,1562,54,0,0
147884,2141,25,0,0,185686,1106,27,0,0
155612,919,50,0,4,149789,677,36,0,0
148192,304,32,0,0,162728,863,59,0,0
195184,1078,45,0,4,94374,843,27,0,0
143570,359,34,0,2,133609,2019,53,0,0
130429,1590,48,0,0,156838,755,36,0,0
199954,112,23,0,5,169962,904,38,0,0
165252,981,55,0,1,142512,1282,40,0,0
142208,1168,48,0,0,156400,2180,40,0,0
130475,1192,24,0,1,184328,2539,38,0,0
155645,1671,63,0,0,187753,2503,36,0,0
88903,1014,39,0,3,133430,1109,51,0,0
152743,2285,30,0,1,203372,1757,20,0,0
202887,546,25,0,0,154636,1481,44,0,0
188491,1233,84,0,0,156063,792,56,0,0
142352,1171,47,0,0,199072,544,30,0,0
153141,1186,61,0,1,199342,1665,27,0,0
133335,454,41,0,1,138977,1240,20,0,0
159857,1309,62,0,3,106473,1131,41,0,0
103864,1660,56,0,0,109414,1961,42,0,0
191769,665,31,0,4,142992,1134,54,0,0
181899,1434,40,0,0,111097,1477,31,0,0
198451,1552,26,0,1,147171,396,58,0,0
210268,1258,58,0,1,199878,1177,48,0,0
101362,663,77,0,0,122250,1054,26,0,0
176607,893,57,0,2,134851,1537,43,0,0
114254,824,97,0,0,145060,1161,38,0,0
129431,631,32,0,0,104633,337,55,0,0
160706,2544,31,0,5,192012,1603,68,0,0
158233,1323,41,0,0,178304,1842,34,0,0
173122,570,85,0,0,103842,1190,62,0,0
165601,801,23,0,2,119148,1222,38,0,0
198627,792,105,0,3,126550,611,61,0,0
137967,1012,57,0,0,150448,2573,41,0,0
161032,968,42,0,2,116097,1825,44,0,0
133662,1045,25,0,1,175786,650,26,0,0
128057,746,37,0,0,163505,337,63,0,0
167579,1497,58,0,1,197408,612,29,0,0
152963,883,35,0,8,142035,834,55,0,0
130668,1300,54,0,1,195641,1368,34,0,0
158679,868,46,0,0,146462,2270,50,0,0
192639,1297,30,0,2,135511,1337,37,0,0
186401,1229,51,0,0,192865,1086,21,0,0
158270,1329,42,0,0,142417,2016,33,0,0
193762,1369,83,0,0,168009,1086,33,0,0
121296,903,21,0,2,170260,2228,67,0,0
198575,1649,33,0,2,179253,591,60,0,0
204115,1146,39,0,0,195902,1281,20,0,0
164870,1931,75,0,0,115349,1860,45,0,0
197290,1167,29,0,2,188585,1068,16,0,0
161926,1971,41,0,0,127895,705,52,0,0
203711,735,94,0,0,116334,851,66,0,0
162705,1098,88,0,1,150601,1874,75,0,1
201201,2598,42,0,0,195364,998,53,0,0
163016,1178,58,0,3,133371,654,32,0,0
203253,1082,45,0,0,135747,1028,35,0,0
161378,1646,26,0,0,141364,1283,59,0,0
111604,2132,47,0,4,180941,981,73,0,0
132892,783,43,0,2,177500,1319,56,0,0
141446,1658,37,0,1,149033,1484,54,0,0
154758,1812,29,0,0,164085,373,69,0,0
163202,655,23,0,0,197531,683,16,0,0
145367,2387,30,0,0,197555,421,43,0,0
189757,2412,21,0,0,176707,1684,46,0,0
159959,634,64,0,0,182556,1203,36,0,0
146625,527,36,0,0,191285,1602,51,0,0
115557,109,27,0,4,147145,2550,51,0,0
170186,993,44,0,4,149365,1573,55,0,0
148049,1175,17,0,2,146436,515,57,0,0
174234,372,82,0,1,180435,743,56,0,0
163444,1517,22,0,1,171300,1311,68,0,0
181846,799,63,0,1,179106,1953,35,0,0
145790,1419,40,0,1,139688,2127,22,0,0
180080,556,49,0,1,204091,1553,51,0,0
117611,1755,28,0,6,153339,758,34,0,0
162623,1288,44,0,0,128041,728,48,0,0
195847,1005,26,0,0,206675,208,16,0,0
196731,273,30,0,0,137614,1944,51,0,0
181349,1524,65,0,1,150984,2589,31,0,0
181532,1842,52,0,2,199507,1692,26,0,0
186932,1634,44,0,4,209398,801,162,0,0
126479,357,122,0,1,156931,1138,27,0,0
212902,730,22,0,1,149544,903,30,0,0
202086,823,26,0,0,201209,105,91,0,0
135995,1769,40,0,0,134716,1611,28,0,0
174741,2107,54,0,1,133709,1425,34,0,0
199545,1530,49,0,6,164220,1864,37,0,0
125216,1273,64,0,0,162121,989,44,0,0
158020,1686,22,0,0,156787,836,44,0,0
151294,164,50,0,3,189895,624,76,0,0
140712,456,73,0,1,134805,1558,47,0,0
185987,553,36,0,2,148609,656,51,0,0
157746,1587,32,0,2,133809,554,66,0,0
142804,1944,60,0,0,204655,850,44,0,0
215806,2594,32,0,1,204638,1055,46,0,0
129362,1242,54,0,1,157495,135,55,0,0
132746,310,36,0,6,138201,949,22,0,0
186944,1247,20,0,0,177366,1854,45,0,0
130356,1452,15,0,1,135602,2544,61,0,0
214962,340,43,0,1,155581,1246,59,0,0
190199,1134,66,0,17,147010,1013,37,0,0
155435,1360,55,0,1,187406,1285,39,0,0
183993,1087,60,0,2,145989,1137,47,0,0
189672,1170,27,0,0,134670,634,40,0,0
162977,997,43,0,3,215120,1137,66,0,0
194244,1475,30,0,2,181740,1280,42,0,0
174367,1988,49,0,3,137270,1311,25,0,0
201312,1534,31,0,5,190447,1464,22,0,0
202710,1188,22,0,5,202757,883,37,0,0
205747,1888,26,0,2,161066,1681,56,0,0
199112,768,50,0,0,187848,1007,40,0,0
200524,1672,32,0,3,144898,1025,60,0,0
177727,181,31,0,5,166661,890,26,0,0
137380,1382,49,0,0,125096,1226,26,0,0
132024,1162,33,0,3,198452,1167,31,0,0
131114,1462,61,0,0,179354,493,38,0,0
193927,1399,44,0,1,153927,881,34,0,0
156407,135,82,0,1,155197,1510,70,0,0
178442,1181,33,0,2,150850,1120,46,0,0
178986,836,47,0,0,193454,570,37,0,0
140308,1203,63,0,0,164105,1717,51,0,0
212562,890,46,0,0,214037,848,86,0,0
195658,1076,24,0,3,205192,2160,39,0,0
196065,1657,62,0,0,195588,1931,35,0,0
152760,905,42,0,0,171068,1349,45,0,0
197460,1099,30,0,1,136113,513,21,0,0
190705,537,59,0,3,176405,1311,47,0,0
158212,1081,28,0,3,172697,1218,43,0,0
133456,830,48,0,0,211479,1109,78,0,0
145983,1683,33,0,0,169985,810,44,0,0
133463,1359,23,0,1,127216,807,48,0,1
185049,1995,35,0,2,153236,220,19,0,0
183221,872,26,0,3,188646,2044,39,0,0
137737,1817,37,0,2,207810,2479,38,0,0
176693,1726,66,0,0,169030,1048,71,0,0
143373,1352,44,0,0,135203,1199,69,0,0
183437,767,26,0,2,184048,1405,40,0,0
157492,982,22,0,0,215320,1078,34,0,0
181612,982,31,0,1,176591,1742,60,0,0
159478,1437,37,0,0,214393,1144,38,0,0
194891,1138,50,0,0,201951,852,38,0,1
144151,1625,55,0,3,177830,1578,65,0,0
154278,955,23,0,0,145716,988,119,0,0
150939,984,16,0,4,146104,858,29,0,0
198332,1922,41,0,3,175067,628,70,0,0
195859,1701,50,0,0,192545,1595,55,0,0
130776,925,45,0,0,129079,1131,27,0,0
124739,2092,54,0,0,198431,1169,64,0,0
189051,824,93,0,0,157216,974,55,0,0
133427,1504,39,0,4,195906,901,52,0,0
201758,921,50,0,1,189403,1893,45,0,1
192719,1641,30,0,0,160531,576,19,0,0
165184,1784,46,0,0,194070,1862,48,0,0
156941,624,69,0,0,126831,868,33,0,0
198255,1885,36,0,0,142244,875,37,0,0
137078,734,74,0,15,148132,1143,35,0,0
129352,1378,47,0,1,153858,1150,23,0,0
198230,1421,43,0,1,190004,1123,49,0,0
196953,1762,26,0,2,192994,652,26,0,0
174791,141,69,0,3,161866,1773,29,0,0
173657,831,80,0,0,204600,852,47,0,0
153674,665,19,0,5,192097,2549,23,0,0
195486,1557,35,0,207,125874,2212,91,0,0
142026,690,54,0,1,171211,980,55,0,1
132349,1142,23,0,0,127660,1069,53,0,0
206781,2074,50,0,0,203713,916,23,0,0
201378,1338,62,0,0,161527,1957,32,0,0
168950,1218,15,0,0,155376,2062,23,0,0
205338,691,47,0,0,166867,1763,29,0,0
152977,219,46,0,0,145992,1422,43,0,0
185935,1262,107,0,0,214897,1101,36,0,0
150080,2161,35,0,0,187941,755,54,0,0
193437,794,42,0,0,134201,936,103,0,0
136923,439,62,0,0,186268,168,39,0,0
126459,1117,43,0,0,129306,1830,48,0,0
63052,963,42,0,0,123538,1270,60,0,0
107307,1630,63,0,0,217531,1389,24,0,0
135074,154,96,0,0,156164,1292,31,0,0
153106,820,36,0,0,186640,746,76,0,0
140640,1344,39,0,0,183737,1274,68,0,0
166135,864,49,0,0,184232,570,48,0,0
198718,2239,48,0,0,174464,505,137,0,0
138937,704,53,0,0,128924,894,42,0,0
175107,995,47,0,0,141818,2554,18,0,0
190019,1168,40,0,0,198373,1435,40,0,0
198398,2302,31,0,3,145275,1484,41,0,0
182145,731,15,0,0,170216,1070,33,0,0
141857,1001,62,0,0,156621,1158,71,0,0
157790,920,25,0,28,220389,1827,23,0,0
204856,542,35,0,0,178470,1127,72,0,0
196866,1084,19,0,0,176702,1308,64,0,0
147798,1641,44,0,0,202752,1690,30,0,0
168005,1676,57,0,3,172086,1456,27,0,0
147702,1199,23,0,2,218223,178,41,0,0
159997,2142,32,0,0,173959,1322,34,0,0
186225,302,35,0,0,187797,2210,26,0,0
172651,2040,14,0,1,183700,882,26,0,0
169842,1766,48,0,0,153300,1832,81,0,0
202382,1052,25,0,4,204813,1157,86,0,0
186918,418,41,0,0,170937,651,45,0,0
194519,1102,58,0,0,142673,826,72,0,0
127871,2116,54,0,0,168969,351,46,0,0
141597,1637,38,0,1,216265,1726,18,0,0
195453,986,50,0,2,184607,1797,23,0,0
199172,2486,54,0,0,192225,1262,24,0,0
141764,2286,72,0,0,168018,720,73,0,0
206800,245,62,0,5,171395,1285,47,0,0
183828,907,65,0,1,188766,2045,16,0,0
157617,1064,32,0,3,135088,1339,27,0,0
168720,1608,41,0,0,142845,1439,43,0,0
149195,874,39,0,0,147131,836,59,0,0
169654,1885,56,0,1,204529,662,37,0,0
191442,333,75,0,1,216789,1728,48,0,0
156829,1740,63,0,5,128408,1192,16,0,0
151477,812,41,0,0,209799,321,79,0,0
151295,1821,30,0,1,197513,1137,26,0,0
174753,1668,14,0,0,222141,484,27,0,0
195791,1235,28,0,0,137337,474,62,0,0
178767,1112,40,0,0,208003,2183,21,0,0
150136,815,174,0,0,213508,2255,42,0,0
138133,2246,27,0,1,207204,1289,49,0,0
197617,1123,62,0,5,197196,1900,43,0,0
176417,868,32,0,0,150944,1014,27,0,0
147734,657,38,0,2,158959,716,55,0,0
141066,2313,40,0,2,148949,2187,21,0,0
153310,1208,60,0,0,142937,1448,43,0,0
159279,881,31,0,2,203023,2005,61,0,0
203969,1845,45,0,1,209171,2188,47,0,0
137676,2555,26,0,3,158525,1700,24,0,0
135456,943,32,0,3,144858,1539,33,0,0
137879,636,45,0,3,128553,1903,60,0,0
145926,882,62,0,4,156959,947,57,0,0
136286,873,43,0,5,153342,776,46,0,0
158131,933,48,0,3,202057,866,33,0,0
173849,1969,59,0,2,204582,926,22,0,0
161836,1496,52,0,1,177485,1784,43,0,0
171161,1021,32,0,0,178671,1859,30,0,0
187286,872,57,0,0,162171,824,97,0,0
159007,1053,47,0,0,129456,957,23,0,0
129862,2547,50,0,0,203404,866,35,0,0
163204,1241,25,0,2,191207,1072,75,0,0
204274,2571,52,0,0,170013,1221,56,0,0
208590,1644,36,0,1,133582,1294,35,0,0
132991,165,26,0,3,186451,849,57,0,0
136205,1462,83,0,1,173104,1261,43,0,0
146571,1018,65,0,0,200464,992,32,0,0
146393,1869,30,0,2,195607,1519,26,0,0
156642,996,40,0,1,179005,2555,30,0,0
5120,817,40,0,3,193057,858,35,0,0
185086,685,40,0,0,136641,559,38,0,0
91634,556,76,0,1,175160,418,43,0,1
222423,134,45,0,3,200220,499,107,0,0
204352,633,41,0,0,178599,1605,85,0,0
82036,646,65,0,0,34314,1114,24,0,0
186718,1836,26,0,2,157114,1981,20,0,1
151916,741,40,0,0,123445,1487,46,0,0
60487,2248,29,0,4,168353,1135,50,0,0
177540,2399,19,0,0,192269,874,34,0,0
185191,1088,53,0,0,146820,1636,59,0,0
171326,510,40,0,4,195110,2456,40,0,0
206305,732,24,0,0,189102,1771,42,0,0
156013,1445,58,0,0,141505,948,74,0,0
155485,1353,16,0,0,147159,842,39,0,0
169851,1798,32,0,1,69497,1767,79,0,0
73780,1917,35,0,0,122018,1652,56,0,0
32081,1810,61,0,3,191221,2332,19,0,0
180035,1169,50,0,0,113656,989,24,0,0
199590,374,39,0,2,192538,2021,51,0,0
161195,1649,48,0,1,120823,203,47,0,0
91041,766,60,0,3,172084,660,54,0,0
192311,2147,31,0,0,151788,1037,42,0,0
77477,869,20,0,0,57530,1149,26,0,0
197387,343,34,0,2,143067,883,60,0,0
190683,1739,30,0,0,81440,1846,62,0,0
178120,1176,57,0,1,195424,785,19,0,0
194202,801,47,0,0,127405,1224,46,0,0
176226,1407,41,0,0,151897,798,45,0,0
166138,1519,29,0,0,75844,1348,27,0,0
184104,1238,29,0,2,200460,835,49,0,0
224812,1059,112,0,0,166875,1507,20,0,0
202105,233,60,0,0,121230,833,45,0,0
108375,1606,43,0,2,158619,962,38,0,0
169669,497,72,0,0,138815,1025,50,0,0
15496,1175,40,0,4,217801,1993,60,0,0
100844,495,56,0,3,155866,1169,44,0,0
137543,994,90,0,1,151844,1082,31,0,0
9848,2194,48,0,0,104256,719,90,0,0
214475,1768,33,0,1,168830,2132,26,0,0
73393,1476,47,0,0,54799,1326,30,0,0
104122,540,53,0,0,123059,1421,43,0,0
190874,1894,61,0,0,55653,629,45,0,0
139617,1110,41,0,1,190325,919,48,0,0
159415,1596,23,0,2,174782,441,35,0,0
38042,1327,36,0,14,188994,2352,19,0,0
218469,264,77,0,0,217915,431,62,0,0
194141,1962,22,0,0,139046,1683,61,0,0
142885,603,46,0,0,40320,981,41,0,0
163643,758,46,0,0,168045,1086,54,0,0
166281,622,69,0,0,102007,330,24,0,0
79832,2570,30,0,0,14531,2398,32,0,0
154156,538,29,0,0,142399,1287,14,0,0
184017,635,59,0,1,191824,689,51,0,0
179749,867,35,0,3,162143,674,37,0,0
163556,1909,39,0,1,135258,1899,33,0,0
156032,458,18,0,3,171918,1196,28,0,0
212529,863,63,0,0,165264,1825,56,0,0
153895,838,40,0,1,171805,1869,25,0,0
137139,342,54,0,4,173913,1768,49,0,0
159847,250,46,0,6,202717,1437,31,0,0
219062,1283,37,0,7,138283,710,67,0,0
200859,1742,40,0,0,152141,1696,25,0,0
131447,2185,49,0,0,112846,1803,37,0,0
98823,623,63,0,0,164593,1278,42,0,0
161400,980,35,0,0,102841,1144,43,0,0
104855,909,10,0,0,146290,1671,22,0,0
169364,2137,56,0,0,162805,943,69,0,0
63538,1769,34,0,1,198248,625,30,0,0
41012,1785,64,0,0,112872,2100,34,0,0
122964,1135,53,0,2,200356,2468,41,0,0
159723,1300,61,0,0,144597,500,39,0,0
199100,1256,48,0,4,198774,1196,43,0,0
188340,1059,73,0,1,100581,1431,28,0,0
144168,891,24,0,2,179563,1072,62,0,0
210945,1868,58,0,1,200691,1452,64,0,0
122136,729,32,0,1,205645,877,58,0,0
222585,1322,21,0,0,204544,1628,26,0,0
64480,653,41,0,4,153130,2003,31,0,0
166505,921,40,0,6,137505,1183,43,0,0
142806,901,37,0,0,103478,1203,49,0,0
97166,1171,50,0,0,110068,1800,71,0,0
152073,1188,74,0,2,124370,1448,71,0,0
109331,1624,40,0,4,137382,1640,36,0,0
157835,995,67,0,0,152687,1411,18,0,0
158730,1327,55,0,4,205994,1254,44,0,0
200949,2140,54,0,3,131687,1481,71,0,0
196365,1032,58,0,4,106455,1266,46,0,0
146360,1904,43,0,0,100341,460,64,0,0
187841,641,63,0,4,32165,996,45,0,0
67500,1021,51,0,1,160909,174,39,0,0
181231,818,31,0,0,112854,1408,57,0,0
140487,1961,56,0,0,148458,1692,33,0,0
163506,954,37,0,0,158773,1259,32,0,0
215912,1204,65,0,1,153577,940,76,0,0
108118,425,31,0,0,186060,2047,69,0,0
148495,1276,37,0,0,137799,889,68,0,0
154895,1298,56,0,3,189395,1726,19,0,0
123601,2447,43,0,0,159836,1159,35,0,0
167469,2517,105,0,1,186782,749,36,0,0
187338,2195,54,0,2,187052,1992,29,0,0
84837,890,62,0,0,149126,1248,38,0,0
145185,735,38,0,2,181206,1237,28,0,0
201340,1269,60,0,0,92868,1208,27,0,0
189635,1594,21,0,6,146779,2098,43,0,0
196506,886,55,0,1,159051,582,65,0,0
194603,985,27,0,1,102229,923,37,0,0
153281,1136,40,0,3,153920,276,48,0,0
120490,943,29,0,3,147691,1201,50,0,0
152419,545,80,0,1,146894,1097,45,0,1
220227,1458,59,0,3,125249,170,79,0,0
82389,1801,52,0,1,185523,749,40,0,0
220648,509,25,0,4,197634,598,118,0,0
137876,1163,40,0,10,120320,1793,48,0,0
164225,2058,37,0,1,199650,1129,67,0,0
130516,885,60,0,0,110476,1516,29,0,0
196388,1095,38,0,0,159840,976,17,0,0
186211,623,50,0,1,188152,619,92,0,1
60299,2533,57,0,0,155813,374,42,0,0
190467,1191,35,0,2,196755,1679,42,0,0
110949,1110,38,0,0,94187,1588,33,0,0
212636,422,82,0,2,186749,1027,41,0,0
158952,633,53,0,1,150664,261,50,0,0
41066,2320,60,0,0,62680,1019,35,0,0
52599,1116,38,0,0,107484,760,36,0,0
143360,1131,71,0,1,161981,1046,46,0,0
141888,237,28,0,0,188298,554,72,0,0
105603,896,56,0,3,68049,702,38,0,0
201491,1728,22,0,0,202891,1225,84,0,0
157245,1762,43,0,0,114052,803,64,0,0
112892,1169,49,0,3,172860,1694,23,0,0
84820,2077,27,0,2,170888,575,30,0,0
179212,782,26,0,0,209774,1074,57,0,0
219758,1013,50,0,1,171802,904,41,0,0
158892,966,60,0,3,183018,836,43,0,0
127122,1406,92,0,0,154712,228,41,0,0
72137,1898,62,0,2,139808,536,27,0,0
229354,434,74,0,2,153531,1157,47,0,0
113542,797,90,0,4,78853,2578,38,0,0
197269,1278,47,0,2,137583,695,96,0,0
124644,332,24,0,0,135137,929,60,0,0
161623,1419,44,0,4,183094,2052,40,0,0
139583,1892,24,0,0,146568,862,42,0,0
74595,1073,36,0,0,60225,696,98,0,0
121132,934,34,0,0,116772,741,96,0,0
157032,528,39,0,0,98491,1126,46,0,0
125444,931,16,0,0,112231,1070,19,0,0
129638,775,28,0,1,163491,995,44,0,0
184634,1837,41,0,0,180272,1323,35,0,0
164119,914,24,0,1,220266,503,75,0,0
125357,2102,35,0,0,94538,2542,31,0,0
145339,1152,46,0,0,61388,995,41,0,0
85526,1096,69,0,6,170827,1260,28,0,0
188017,778,25,0,0,149358,1087,26,0,0
116511,316,44,0,0,138178,229,35,0,0
89278,950,85,0,1,216676,861,98,0,0
24762,1448,29,0,0,87948,1110,46,0,0
110025,1380,39,0,1,156580,961,45,0,0
57652,1107,52,0,5,90273,1366,26,0,0
159147,843,27,0,1,161959,1673,20,0,0
94433,845,27,0,0,112264,1853,43,0,0
156166,1868,36,0,0,156296,153,58,0,0
89740,838,50,0,1,128008,809,55,0,1
195257,1987,37,0,2,227508,2324,56,0,0
174449,2022,35,0,1,149646,1144,62,0,0
40667,1636,37,0,3,131203,1371,54,0,0
216275,930,23,0,0,167487,1544,43,0,0
222505,1507,45,0,1,181939,502,84,0,0
111802,721,40,0,0,96899,558,25,0,0
34124,1509,55,0,0,164887,111,38,0,0
84024,1245,52,0,0,51341,660,42,0,0
112451,256,47,0,1,170593,1141,25,0,0
183396,1733,91,0,0,156887,1563,37,0,0
156404,1066,71,0,2,140801,1508,27,0,0
84224,1126,39,0,0,150622,1659,40,0,0
194225,1601,38,0,11,98280,547,92,0,0
110434,1931,54,0,1,221670,1335,24,0,0
151262,2178,32,0,0,142587,2284,58,0,0
109127,1597,27,0,0,147094,1665,65,0,0
161229,2060,33,0,1,148572,296,81,0,0
134699,1187,32,0,0,59887,1117,73,0,0
104689,1400,24,0,0,157778,643,55,0,0
180113,1066,25,0,0,169803,1314,46,0,0
102768,1688,53,0,0,60198,1852,48,0,0
158346,538,36,0,2,197754,1147,41,0,0
144623,799,51,0,0,190065,1135,24,0,0
193887,1104,39,0,1,145873,872,44,0,0
118641,346,38,0,0,168279,1820,33,0,0
195180,1370,90,0,1,198782,1795,58,0,0
132016,1938,29,0,0,144412,807,40,0,0
144733,1833,43,0,2,140171,987,29,0,0
93873,1735,49,0,9,193956,214,52,0,0
146098,595,32,0,1,202837,1429,57,0,0
173016,2337,28,0,0,122968,1252,58,0,0
148971,1336,31,0,0,9458,1370,75,0,0
50082,1442,63,0,0,107479,1285,33,0,0
99931,1419,53,0,0,156387,915,44,0,0
143953,2341,40,0,7,222249,2157,78,0,0
193418,1057,31,0,5,194078,813,64,0,0
195414,1610,31,0,0,61173,1741,32,0,0
67718,1910,29,0,0,176852,2261,96,0,0
161674,1145,70,0,0,197482,1964,42,0,0
197167,764,49,0,0,78331,1327,44,0,0
40567,1144,86,0,0,65875,557,75,0,0
217750,923,60,0,0,185067,1878,44,0,0
192436,1304,21,0,0,222854,1984,63,0,0
190070,1240,41,0,1,222752,1722,40,0,0
126559,2561,43,0,0,71226,1543,25,0,0
195879,1443,32,0,2,201739,838,70,0,0
170031,765,31,0,0,53703,2565,36,0,0
88393,1697,42,0,0,95235,1610,52,0,0
164861,847,29,0,0,12999,1620,27,0,0
76079,630,36,0,0,37721,1036,36,0,0
185493,1795,51,0,9,160733,1475,57,0,0
208089,1194,50,0,1,146421,2381,56,0,0
8747,1295,37,0,0,91241,1077,66,0,0
101552,696,37,0,0,72720,826,66,0,0
197315,1845,86,0,0,144644,876,47,0,0
229502,2461,31,0,2,166555,1540,35,0,0
75251,1629,36,0,0,112769,1177,26,0,0
69305,918,84,0,3,222565,1090,68,0,0
135115,625,63,0,1,166560,1662,41,0,0
229177,380,165,0,1,231130,600,49,0,0
73842,765,77,0,0,94260,488,65,0,0
75319,1183,26,0,3,110854,1623,68,0,0
103969,1057,104,0,2,232671,1260,80,0,0
161381,2464,26,0,1,201999,2180,26,0,0
142701,2157,37,0,1,169106,1176,63,0,0
149411,1492,44,0,3,145335,1099,57,0,1
57596,516,16,0,3,168179,1271,42,0,0
206616,1172,23,0,11,187170,1994,60,0,0
145718,1179,45,0,0,208925,774,91,0,0
222184,953,41,0,0,229925,1416,23,0,0
142950,459,80,0,0,188983,404,64,0,0
136947,592,31,0,2,86597,1213,61,0,0
106750,130,29,0,0,47954,653,113,0,0
154053,893,50,0,4,161678,2076,24,0,0
218180,1336,18,0,0,149853,1751,57,0,0
107504,912,74,0,0,114959,793,59,0,0
203942,1462,60,0,2,186769,1195,38,0,0
146704,1750,55,0,5,143458,713,56,0,0
177896,1108,43,0,0,181238,1755,37,0,0
100143,889,43,0,0,114284,694,62,0,0
67695,1773,36,0,0,53648,952,68,0,0
164075,1840,77,0,2,196285,904,126,0,0
180281,1909,32,0,0,176165,1629,25,0,0
169293,1432,41,0,5,171679,351,131,0,0
118733,1695,49,0,1,221275,1709,25,0,0
183105,846,32,0,2,202296,1670,43,0,0
203438,1556,30,0,0,96335,1033,32,0,0
148039,1434,41,0,0,67086,1108,36,0,0
226365,1028,88,0,0,234830,738,98,0,0
197275,326,21,0,0,62893,658,61,0,0
220960,1205,74,0,3,198044,1321,32,0,0
178149,1165,31,0,0,142082,1237,69,0,0
171362,714,35,0,0,128730,1103,51,0,0
162444,1950,26,0,4,231422,937,30,0,0
231761,1385,53,0,2,202100,1166,25,0,0
234395,1359,77,0,3,218440,1016,41,0,0
216073,204,35,0,2,141865,1477,26,0,0
155808,1684,55,0,0,194353,1268,40,0,0
203492,1996,57,0,1,49734,1115,39,0,0
24421,918,39,0,0,7300,1129,132,0,0
132734,1827,47,0,0,52955,1212,22,0,0
127839,997,23,0,0,124048,400,61,0,0
235400,986,42,0,1,237245,1106,26,0,0
145747,1695,78,0,1,66635,850,47,0,0
92843,858,45,0,0,89380,1615,89,0,0
153639,127,47,0,2,189146,825,64,0,0
201054,1514,56,0,3,5251,1631,54,0,0
146161,2497,25,0,2,202852,2112,36,0,0
192355,2270,53,0,1,197003,1677,19,0,0
200196,1750,20,0,0,71890,1232,49,0,0
108429,1630,43,0,0,233596,804,54,0,0
166086,1945,44,0,0,160383,519,42,0,0
165758,1086,39,0,0,140401,2290,37,0,0
166874,1224,35,0,2,191853,1559,29,0,0
142130,985,70,0,2,204934,922,39,0,0
203228,1330,23,0,2,158520,453,37,0,0
69120,2198,57,0,0,112815,915,61,0,0
103646,1432,58,0,0,146809,1173,50,0,0
62742,578,72,0,1,180648,1723,73,0,0
212711,891,45,0,1,151047,1170,20,0,0
191511,429,83,0,0,190387,2002,42,0,0
146688,1812,26,0,1,72308,1320,53,0,0
228157,1382,31,0,2,200288,1005,30,0,0
159675,1586,56,0,1,136765,987,67,0,0
193615,1078,37,0,1,145484,876,46,0,0
159492,1882,22,0,4,158286,1621,62,0,0
143710,635,21,0,0,206901,1195,32,0,0
216912,1059,114,0,1,113746,1004,58,0,0
162944,2351,38,0,0,197782,1339,70,0,0
123563,1332,24,0,0,6128,135,75,0,0
68124,383,63,0,1,160482,1045,43,0,1
153714,671,31,0,0,161912,1401,67,0,0
183284,257,37,0,0,145250,489,107,0,0
177858,755,23,0,0,128132,1836,33,0,0
140038,636,61,0,1,181069,729,66,0,1
160697,2568,37,0,0,186555,1601,32,0,0
222326,1483,28,0,2,213871,618,22,0,0
128112,725,32,0,0,95488,881,20,0,0
143981,1018,39,0,3,54852,681,34,0,0
193345,560,67,0,0,172627,1698,33,0,0
62170,1475,30,0,0,187900,642,31,0,0
60204,1157,90,0,0,201024,848,56,0,0
234785,1594,27,0,4,166102,1302,34,0,0
118446,1864,46,0,0,80691,410,47,0,0
106353,2102,25,0,0,123472,1399,62,0,0
72246,1024,75,0,2,137410,1150,25,0,0
194500,1205,30,0,0,189306,1378,76,0,0
146265,618,24,0,1,104159,1177,23,0,0
214043,1250,44,0,0,143706,774,27,0,0
152599,2540,48,0,0,153824,217,55,0,0
85850,479,86,0,2,167329,1256,114,0,0
222431,392,74,0,1,192887,1841,20,0,0
194035,1027,55,0,0,118846,1641,37,0,0
144652,894,56,0,3,229367,1610,26,0,0
217849,818,45,0,0,196021,873,22,0,0
224856,1290,79,0,2,147497,620,25,0,0
151045,1170,33,0,0,158576,2555,44,0,0
192607,987,30,0,0,134259,2348,52,0,0
181966,993,41,0,0,198686,1847,30,0,0
237155,1914,31,0,4,152287,1482,47,0,0
155727,1413,27,0,0,209798,397,35,0,0
74650,1242,31,0,0,218788,812,43,0,0
149241,272,48,0,2,152087,801,38,0,0
213773,1203,39,0,0,192756,816,39,0,0
168586,584,23,0,0,87091,1561,32,0,0
181679,621,37,0,1,123803,1629,28,0,0
200072,929,38,0,1,156560,1026,50,0,0
204031,1526,49,0,0,200678,2189,31,0,0
12484,788,40,0,4,216565,1118,240,0,0
135427,1834,60,0,1,81873,1347,42,0,0
163706,889,39,0,1,153220,2022,36,0,0
225375,1746,44,0,2,239651,1092,98,0,0
138287,897,38,0,0,129975,1048,32,0,0
199280,426,17,0,1,185589,1146,56,0,0
180644,1106,59,0,1,138258,154,33,0,0
207433,1479,47,0,0,204335,1747,22,0,0
194573,1607,68,0,0,73562,1113,19,0,0
235980,703,40,0,1,149316,1871,25,0,0
147935,927,43,0,0,170604,1731,24,0,0
57865,1224,65,0,0,157080,1650,29,0,0
156198,1604,44,0,0,230141,683,50,0,0
220916,2184,31,0,0,176755,2269,34,0,0
191560,1197,51,0,0,190763,1417,37,0,0
144195,747,34,0,0,70752,368,25,0,0
210020,536,31,0,0,206402,1038,74,0,0
121256,942,38,0,2,163523,978,69,0,0
217018,850,51,0,3,95640,1354,41,0,0
222112,1026,26,0,4,151565,1384,56,0,0
150046,1765,26,0,0,154694,918,21,0,0
201547,1777,28,0,2,193169,2129,75,0,0
138837,484,42,0,0,135745,986,64,0,0
179541,475,19,0,0,195178,1192,29,0,0
173931,943,39,0,0,182546,758,27,0,0
228080,2537,44,0,0,189345,1508,53,0,0
147796,2571,44,0,7,123498,671,79,0,0
176042,2012,18,0,0,151150,1661,97,0,0
57532,1754,25,0,0,32455,1122,41,0,0
32930,1666,32,0,1,183093,2277,47,0,0
223841,1001,29,0,0,123255,568,17,0,0
64306,619,65,0,0,157854,528,27,0,0
191117,1170,62,0,0,189803,987,75,0,0
87069,693,37,0,0,83284,995,52,0,0
154357,1186,37,0,0,144864,1555,22,0,0
169860,1489,47,0,0,125696,801,42,0,0
53259,771,62,0,0,100224,230,71,0,0
190801,959,22,0,2,162267,911,39,0,0
146314,744,41,0,0,145041,869,83,0,0
198928,2488,22,0,1,94645,2391,50,0,1
78296,1403,16,0,2,182694,1667,43,0,0
177310,733,13,0,0,6605,1014,43,0,0
164232,798,73,0,1,103251,505,73,0,0
163879,465,34,0,4,236814,1166,37,0,0
218476,1940,29,0,1,191397,515,53,0,0
227715,1113,39,0,1,193692,1693,52,0,0
164166,1348,61,0,0,202660,999,58,0,0
108098,2097,42,0,3,200013,942,27,0,0
163155,2246,41,0,0,191060,2308,18,0,0
198548,525,26,0,1,186622,868,61,0,0
195593,2160,39,0,0,115874,168,63,0,0
236745,1244,59,0,1,179944,1626,31,0,0
204138,1721,78,0,0,234166,1015,58,0,0
164028,1513,55,0,0,188659,844,81,0,0
104439,1489,58,0,1,40516,1117,53,0,1
212409,1591,49,0,2,160549,2141,29,0,0
123679,1669,54,0,0,107547,463,24,0,0
51561,1321,36,0,0,57576,2071,35,0,0
188638,380,35,0,3,204505,1238,46,0,0
132259,1173,58,0,0,90963,1222,21,0,0
239042,366,53,0,0,87979,1542,41,0,0
218132,1338,32,0,1,121924,1198,18,0,1
99001,780,54,0,5,231264,1551,43,0,0
227662,1798,41,0,1,200553,1179,54,0,0
53456,1007,59,0,1,161793,1156,22,0,0
152898,1886,24,0,1,197194,2297,17,0,0
139869,845,39,0,0,124572,893,58,0,0
61425,854,57,0,0,183659,1934,42,0,0
200270,1415,110,0,1,163827,577,51,0,0
180240,1292,164,0,1,159889,1055,64,0,0
54863,1347,43,0,0,111077,586,44,0,0
172285,1498,27,0,1,222332,1179,26,0,0
78835,1297,28,0,0,140470,1260,50,0,0
107952,1093,45,0,0,209698,702,59,0,0
149293,1245,24,0,4,50991,2188,38,0,0
146458,1249,32,0,3,193079,653,123,0,0
243773,872,67,0,1,170058,2019,27,0,0
219065,1805,115,0,0,157656,2033,43,0,0
77211,1133,63,0,0,81245,1380,28,0,0
123683,652,63,0,1,152154,1471,51,0,0
174585,1947,31,0,0,207616,1812,25,0,0
135703,852,37,0,0,108069,1142,59,0,0
196445,846,54,0,0,214905,1235,22,0,0
175450,680,62,0,1,202449,1363,36,0,0
47222,678,29,0,0,64126,268,51,0,0
168744,1695,21,0,1,166965,842,46,0,0
151769,2584,48,0,1,134479,754,16,0,0
166184,1324,44,0,0,152363,588,54,0,0
138967,299,51,0,0,216652,940,49,0,0
221219,661,60,0,14,130758,1417,41,0,0
121824,1680,31,0,0,217797,1175,68,0,0
195625,1474,63,0,0,82919,533,39,0,0
155780,563,31,0,3,206737,955,22,0,0
149678,861,40,0,1,132043,827,65,0,0
232578,1849,18,0,0,196555,1157,59,0,0
156823,969,71,0,0,234534,775,38,0,0
240375,1199,38,0,0,188654,2118,35,0,0
138460,1664,65,0,0,57665,1564,36,0,0
148343,611,152,0,5,247428,1597,23,0,0
186922,1641,45,0,13,88405,2046,19,0,0
168815,1651,70,0,2,164983,2552,69,0,0
172238,1424,41,0,1,154259,568,64,0,0
145302,2492,40,0,0,180995,1581,96,0,0
207636,1639,35,0,0,82759,696,49,0,0
77027,379,62,0,0,190150,987,39,0,0
117707,1482,51,0,0,107354,675,21,0,0
119521,2166,26,0,2,203210,766,39,0,0
167238,690,59,0,0,136895,1372,85,0,0
139911,1209,35,0,2,152845,787,26,0,0
243013,1028,62,0,2,233607,2112,30,0,0
159753,1284,93,0,2,95342,777,45,0,0
101152,550,68,0,3,149045,1323,47,0,0
133404,439,33,0,2,196594,1328,62,0,0
195315,1004,78,0,0,172451,1548,48,0,0
152494,1440,28,0,0,145695,961,40,0,0
175357,989,24,0,1,93642,617,56,0,0
202645,525,30,0,3,86949,1669,65,0,0
126602,596,50,0,0,146723,831,61,0,0
210571,934,48,0,6,170113,838,47,0,0
166315,1285,26,0,0,203232,884,29,0,0
122869,658,38,0,9,144973,1164,58,0,0
182972,458,58,0,0,122855,1632,57,0,0
116582,640,42,0,2,200525,1249,64,0,0
115582,1392,29,0,0,72933,999,37,0,0
216632,958,39,0,2,190217,1357,32,0,0
201080,751,166,0,1,206195,1509,34,0,0
193596,792,51,0,0,198515,1961,43,0,0
217943,1102,63,0,4,132646,2038,31,0,0
147564,776,91,0,0,159087,695,34,0,0
239520,2526,39,0,2,202442,618,41,0,0
214213,1864,23,0,1,216906,1103,48,0,0
213643,1875,27,0,3,142499,610,80,0,0
191753,1384,63,0,6,215560,1016,51,0,0
156954,1832,42,0,1,148148,1654,82,0,0
242722,1383,70,0,0,213747,989,20,0,0
190938,441,52,0,0,187388,1616,69,0,0
215483,797,88,0,3,214917,548,39,0,0
243804,689,24,0,1,152009,1798,52,0,0
213319,1241,25,0,0,233107,1535,85,0,0
185066,1226,33,0,2,148709,1219,62,0,0
147737,2594,36,0,1,251612,1834,48,0,0
239155,801,79,0,1,148788,1046,41,0,0
185848,1771,55,0,1,201386,1859,32,0,0
247682,662,26,0,3,198029,1758,17,0,0
219337,952,94,0,1,200741,2009,49,0,0
227280,1974,26,0,0,228391,1078,34,0,0
201992,494,46,0,0,245021,1846,22,0,0
146939,1275,47,0,1,249418,413,48,0,0
152027,1460,65,0,8,226189,2017,28,0,0
226077,1219,34,0,2,143437,2288,53,0,0
191113,1088,31,0,0,206614,1724,40,0,0
216173,2272,36,0,0,224949,1119,47,0,0
188207,1265,35,0,18,227033,2121,67,0,0
235626,214,91,0,0,217318,863,60,0,0
214396,664,40,0,1,205291,2369,21,0,0
217172,1040,54,0,0,174138,877,73,0,0
208869,1922,29,0,0,191702,1028,39,0,0
188483,2233,60,0,1,245694,1676,52,0,0
147287,504,186,0,1,152469,1654,45,0,0
179296,1398,54,0,13,167128,2283,82,0,0
175073,434,62,0,1,213949,689,67,0,0
243134,103,63,0,0,222961,1698,35,0,0
172465,638,27,0,0,237687,671,49,0,0
171811,2121,55,0,5,250236,854,81,0,0
158733,1713,66,0,11,148880,1286,42,0,0
250929,705,50,0,1,198433,1296,35,0,0
204487,841,26,0,4,212823,1061,19,0,0
218533,738,40,0,0,225973,1685,55,0,0
222309,1763,37,0,0,195610,1590,13,0,0
200129,2396,47,0,2,203010,1479,33,0,0
248496,1168,32,0,2,192669,1727,56,0,0
216122,494,51,0,6,222345,606,19,0,0
219041,1108,112,0,2,216624,811,85,0,0
242759,788,65,0,3,155019,1666,30,0,0
214047,1115,41,0,1,228178,594,40,0,0
235017,1802,51,0,2,146973,743,34,0,0
217163,1672,33,0,3,194966,755,33,0,0
221900,1112,50,0,2,229505,1349,63,0,0
195627,811,48,0,1,252987,236,52,0,0
185978,1693,16,0,0,240945,999,40,0,0
207048,1284,42,0,0,224030,913,41,0,1
202845,715,204,0,5,156352,606,60,0,0
184734,982,61,0,4,222729,1479,35,0,0
177277,313,80,0,1,255763,1741,56,0,0
161680,583,37,0,1,204836,840,24,0,0
204839,1276,66,0,2,222397,1090,60,0,0
173349,1296,52,0,7,169480,462,123,0,0
212447,2100,31,0,3,223710,731,66,0,0
175936,968,21,0,1,233239,503,31,0,0
225952,417,47,0,6,241515,859,82,0,0
198474,512,37,0,2,196721,1164,40,0,0
240555,1193,47,0,4,148978,1293,75,0,0
250626,572,48,0,11,221325,891,27,0,0
206883,603,65,0,5,148459,851,49,0,0
232918,722,46,0,3,157049,1232,44,0,0
211758,1702,52,0,1,218431,1018,63,0,1
255066,1099,49,0,2,175412,1352,59,0,0
182542,1615,38,0,1,193575,1767,43,0,0
239145,1533,71,0,1,163260,1509,45,0,0
148854,911,33,0,8,149933,1359,68,0,0
159672,1365,59,0,6,193565,1081,39,0,0
187396,957,144,0,4,168129,1784,17,0,0
237319,1151,72,0,2,169628,1366,48,0,0
204557,1461,71,0,3,241525,848,40,0,0
148732,1340,22,0,2,190993,1846,43,0,0
220340,1695,39,0,0,195410,1268,60,0,0
248845,1299,53,0,2,257406,2033,55,0,0
147811,746,60,0,0,220684,1005,58,0,0
174717,344,53,0,1,148942,1866,30,0,0
183066,783,66,0,7,230149,1533,38,0,0
160006,1312,41,0,8,160389,1054,252,0,0
256418,720,46,0,2,226118,1466,50,0,1
240482,1369,53,0,2,167444,1901,56,0,0
234377,1104,25,0,0,244906,1686,28,0,0
197205,721,32,0,1,174835,947,22,0,0
202802,1506,64,0,0,213221,693,93,0,0
230302,1487,40,0,10,202914,1349,12,0,0
237727,1654,29,0,1,235457,1529,34,0,0
213801,1372,39,0,4,230840,791,25,0,0
190779,854,58,0,1,145929,989,55,0,0
148817,958,42,0,2,200300,432,51,0,0
181285,1841,56,0,3,206876,1138,56,0,0
195581,1081,64,0,1,199625,630,57,0,0
201525,747,22,0,4,226177,810,61,0,0
196069,1307,26,0,4,197286,965,38,0,0
153421,921,47,0,5,162605,1173,52,0,0
202798,1680,42,0,1,255290,1370,35,0,0
196408,963,21,0,2,155282,1125,39,0,0
246578,1080,18,0,0,149192,1347,75,0,0
156171,1331,31,0,5,165590,703,25,0,0
188784,1195,56,0,8,194861,1547,44,0,0
195602,874,36,0,4,250675,505,64,0,0
202585,1420,58,0,1,146176,1433,53,0,0
224356,1522,19,0,2,192635,296,56,0,0
151193,894,32,0,2,149990,1287,28,0,0
176685,1645,47,0,0,214394,847,58,0,0
150918,1525,62,0,1,223582,1029,91,0,0
163141,2117,96,0,0,242572,855,44,0,0
186692,1986,37,0,0,166079,1195,59,0,0
247435,1031,22,0,2,212639,1934,33,0,0
211728,768,29,0,1,232360,1909,32,0,0
196261,1312,16,0,1,222444,1679,39,0,0
207926,1611,55,0,0,229332,958,67,0,0
191154,1523,41,0,0,224961,1180,15,0,0
233829,1647,47,0,0,217827,329,17,0,0
252947,1017,51,0,0,202226,2137,103,0,0
258816,2111,23,0,8,154273,1084,62,0,1
189540,1375,50,0,3,154457,2209,67,0,0
251455,121,39,0,1,257318,257,36,0,0
252480,413,61,0,0,152508,2116,69,0,0
232441,1653,23,0,3,163376,173,74,0,0
166983,1536,36,0,0,182733,1085,86,0,0
171046,707,35,0,2,150769,1852,49,0,0
129940,1627,37,0,8,156524,957,44,0,0
192116,1172,53,0,5,181656,645,50,0,0
145301,865,40,0,1,203564,1031,14,0,0
245604,1683,48,0,2,164530,2064,29,0,0
173939,2158,53,0,1,232178,1368,114,0,0
192554,880,38,0,1,151867,949,54,0,0
239577,912,40,0,0,179285,1119,21,0,0
227717,367,23,0,2,256609,365,76,0,0
179808,1704,86,0,0,140721,1326,61,0,0
206116,656,46,0,1,156115,1062,14,0,0
244278,1279,16,0,0,214764,2129,21,0,0
224379,881,37,0,1,197326,1555,30,0,1
210164,1346,49,0,1,130014,1915,80,0,0
129670,387,96,0,0,140869,2045,83,0,0
205453,2327,36,0,3,222210,1065,39,0,0
203848,1662,24,0,6,201428,1553,34,0,0
198242,1147,40,0,0,181062,225,41,0,0
172316,710,30,0,4,166461,1154,56,0,0
222830,1581,33,0,1,211518,1578,39,0,0
235651,953,33,0,1,257467,1178,28,0,0
192113,867,26,0,3,203730,626,54,0,0
162752,1914,55,0,1,132786,2303,68,0,0
184467,1213,50,0,0,133319,1063,44,0,0
135775,862,31,0,0,127527,1754,29,0,0
127743,791,20,0,2,157859,1116,43,0,0
197226,1602,25,0,0,215158,2341,82,0,0
148411,497,32,0,2,196855,706,40,0,0
228944,1622,24,0,2,144991,2318,43,0,0
179645,2376,31,0,5,246845,804,49,0,0
148950,1068,46,0,0,127613,612,48,0,0
144427,1100,50,0,0,214472,654,26,0,0
210153,973,36,0,1,166556,1488,26,0,0
201177,1528,48,0,3,184237,2236,56,0,0
228433,1071,42,0,0,134397,1592,44,0,0
198440,914,35,0,0,204876,1508,21,0,0
243827,1645,27,0,0,154345,1188,50,0,0
233194,1774,38,0,0,216556,665,71,0,0
193408,1666,44,0,0,201056,1486,47,0,0
250395,1334,56,0,0,203688,506,22,0,0
234736,1416,55,0,0,261737,1274,36,0,0
196542,1227,47,0,1,189833,1686,36,0,0
225359,351,22,0,1,174969,1968,49,0,0
160085,2105,102,0,0,175884,1263,56,0,0
241953,1507,74,0,4,203968,1632,54,0,0
145808,1488,33,0,0,187791,1872,25,0,0
194510,436,19,0,0,151158,2579,63,0,0
202569,669,36,0,2,222072,1170,62,0,0
184071,1353,95,0,0,145291,2466,42,0,0
248587,1163,60,0,0,161671,1403,72,0,0
162265,659,38,0,0,238474,431,28,0,0
156690,829,32,0,0,209659,1451,21,0,0
254309,1498,30,0,3,132735,134,18,0,0
201562,780,58,0,0,197558,805,29,0,0
190391,2156,38,0,4,162878,1368,55,0,0
241611,1093,139,0,1,193872,1866,16,0,0
141605,2449,39,0,0,141045,1766,47,0,0
205671,1517,11,0,3,171092,1509,30,0,0
244104,2430,50,0,3,237568,1649,38,0,0
179173,804,57,0,9,159972,862,42,0,0
186118,1696,57,0,0,163071,1541,27,0,0
157626,898,61,0,6,242734,1155,51,0,0
168251,1196,29,0,2,197225,1579,37,0,0
150789,1609,30,0,1,165471,771,42,0,0
200714,1761,53,0,6,223959,1673,34,0,0
160641,1739,45,0,1,225870,1080,15,0,0
163626,843,37,0,3,203627,1837,42,0,0
226917,723,52,0,1,231693,1562,39,0,0
195508,1801,31,0,1,172000,975,32,0,0
244211,1382,69,0,3,200814,382,50,0,0
167183,856,41,0,0,249656,891,34,0,0
257236,1408,45,0,3,166710,636,118,0,0
227865,1198,26,0,1,252590,2280,39,0,0
199905,1557,52,0,2,157655,1736,20,0,0
203875,2021,27,0,4,159348,1968,78,0,0
155117,513,107,0,1,188795,1055,19,0,0
224940,157,67,0,0,223857,1799,51,0,0
197287,2599,56,0,2,153273,813,26,0,0
189676,2227,43,0,2,211170,1632,32,0,0
245674,823,62,0,5,159036,1078,29,0,1
202975,1155,75,0,1,238702,2159,26,0,0
162255,2198,36,0,7,264520,2538,17,0,0
200767,1697,27,0,2,155108,1411,36,0,0
177798,1594,62,0,5,240016,1583,37,0,1
228367,842,26,0,1,210562,291,32,0,0
227034,649,47,0,4,167153,664,43,0,0
222246,1380,59,0,0,260954,1289,19,0,0
259308,1696,45,0,2,223209,1106,21,0,0
201327,1916,26,0,8,251647,1353,34,0,0
263171,2145,73,0,3,243354,767,62,0,0
260194,1020,38,0,7,265272,1386,25,0,0
152602,1393,51,0,1,193319,927,54,0,0
259422,805,52,0,2,230292,847,37,0,0
163407,1427,64,0,4,241306,867,100,0,0
225893,354,28,0,1,212512,2379,23,0,0
196664,561,43,0,1,163342,2010,26,0,0
235419,1890,48,0,0,232451,886,48,0,0
151014,1026,37,0,2,232822,384,32,0,0
158496,1847,47,0,4,184898,328,50,0,0
154539,872,48,0,3,204514,1949,31,0,0
167151,1800,23,0,0,193549,1123,21,0,0
254001,1654,62,0,7,241037,2197,32,0,0
257569,1418,53,0,2,213970,1665,30,0,0
196267,2000,57,0,0,159532,1147,33,0,0
256931,1524,43,0,1,249015,1736,14,0,0
229947,631,19,0,4,234422,733,76,0,0
197271,203,152,0,2,182449,1374,27,0,0
222686,896,34,0,2,200368,1581,20,0,0
235286,2284,29,0,2,188155,1502,49,0,0
225585,921,44,0,1,190495,845,64,0,0
265552,507,48,0,1,191734,1403,24,0,0
264827,1627,122,0,7,214911,334,42,0,0
193869,1486,17,0,1,187792,1417,33,0,0
164128,1764,42,0,3,184611,1176,94,0,0
213164,1611,76,0,0,260880,577,61,0,0
162860,2566,31,0,7,185734,904,40,0,1
230249,1566,54,0,2,249533,1080,56,0,0
199393,1120,70,0,0,196873,1076,56,0,0
156613,765,46,0,6,165156,2188,19,0,0
159449,2087,43,0,1,227293,1060,133,0,0
228510,1767,36,0,4,161595,2547,44,0,0
241254,1106,62,0,1,233999,583,38,0,1
253661,1191,53,0,7,259970,884,45,0,0
242538,2139,70,0,2,167540,653,47,0,0
153457,1674,29,0,0,229756,1263,73,0,0
172010,1348,24,0,1,220646,1343,44,0,0
252845,415,33,0,1,221135,482,19,0,0
208707,1001,68,0,1,213375,2082,32,0,1
183651,1625,44,0,6,260130,1200,36,0,0
179240,647,28,0,1,202526,2114,65,0,0
213104,2111,60,0,0,212175,1518,119,0,0
178960,1976,33,0,3,229501,1153,46,0,0
189957,1291,39,0,0,193583,1178,67,0,0
250156,563,31,0,5,212360,1515,23,0,0
256913,1113,55,0,1,157952,758,29,0,0
211802,1454,45,0,7,151514,1710,38,0,0
256656,1112,67,0,1,184978,1978,87,0,0
255928,1613,43,0,3,215077,1558,52,0,0
152828,2251,57,0,3,228822,305,72,0,0
228898,615,53,0,5,165542,645,27,0,0
187166,1846,37,0,6,257343,641,38,0,0
221946,2643,26,0,2,200981,929,54,0,0
151509,1282,33,0,1,264397,901,57,0,0
220663,1167,32,0,5,199603,1963,24,0,0
200154,2162,50,0,2,222490,1213,27,0,0
267691,2106,78,0,0,241079,669,34,0,0
169352,219,25,0,2,222386,1924,29,0,0
253402,1099,92,0,0,154062,1065,49,0,0
173509,1098,18,0,0,259960,653,35,0,0
228434,1136,103,0,0,251937,940,47,0,0
226400,2453,29,0,3,239755,362,38,0,0
220997,165,33,0,1,195947,717,68,0,0
193217,703,42,0,2,195853,1989,45,0,0
238959,1288,16,0,2,199529,692,29,0,0
220141,1325,73,0,8,256394,1175,37,0,0
197013,1447,61,0,1,209886,937,40,0,0
211381,624,103,0,5,245774,2075,17,0,0
233644,818,66,0,1,259736,2205,68,0,0
183554,302,52,0,2,170808,1453,43,0,0
237088,2294,33,0,7,267421,1787,40,0,0
219223,1160,63,0,4,253912,1541,45,0,0
259548,791,43,0,5,268778,215,35,0,0
246618,2150,50,0,0,243695,1642,90,0,0
190463,1799,65,0,0,240819,1434,79,0,0
155799,767,46,0,5,226798,783,38,0,0
237695,1521,41,0,2,186927,681,70,0,0
221518,1747,24,0,3,210982,901,38,0,0
167388,1664,30,0,2,182027,755,42,0,0
235534,1017,41,0,2,245484,1436,47,0,0
232482,2042,37,0,6,186553,633,36,0,0
267060,1699,40,0,1,262548,751,17,0,0
163726,816,37,0,6,180251,1167,26,0,0
271060,1177,44,0,1,188293,1751,70,0,0
224857,1600,30,0,1,206041,1044,38,0,0
235780,1886,56,0,13,192019,1618,48,0,0
197506,1515,39,0,0,192180,1734,48,0,0
269978,984,32,0,2,267442,1128,48,0,0
228739,962,35,0,2,196443,932,37,0,0
229483,778,39,0,3,229590,771,47,0,0
232825,1539,48,0,7,259748,847,27,0,0
168537,906,26,0,4,196046,1168,88,0,0
263751,801,34,0,7,253342,910,34,0,0
267806,1124,78,0,4,182291,254,61,0,1
257188,594,74,0,6,225499,544,38,0,0
155711,711,51,0,2,198365,1340,43,0,0
226613,493,94,0,0,249176,577,56,0,0
237353,1968,44,0,2,178637,1246,85,0,0
222336,2578,46,0,0,232326,843,41,0,0
166238,1464,18,0,0,230538,1324,29,0,0
175630,594,63,0,0,246579,765,207,0,0
176182,1912,37,0,0,266507,1761,26,0,0
208096,526,37,0,6,235002,1689,38,0,0
256344,1025,26,0,0,236834,1048,30,0,0
199964,1121,58,0,17,267265,809,46,0,0
165511,940,17,0,0,169134,1386,37,0,0
229362,1384,27,0,7,222301,897,42,0,0
208360,1646,42,0,2,211280,1956,54,0,0
160473,714,42,0,0,162007,1243,44,0,0
259825,1052,22,0,1,191347,335,49,0,0
204806,170,206,0,6,210458,489,70,0,0
154585,853,25,0,5,228982,674,18,0,0
189855,1253,44,0,3,178930,1117,114,0,0
165911,1770,70,0,0,186352,2254,30,0,0
269832,1169,98,0,1,161862,1017,55,0,0
214085,2205,47,0,9,257058,2092,43,0,0
158292,1077,74,0,2,220644,1167,48,0,0
161856,1667,20,0,2,231501,1178,32,0,0
164670,306,29,0,1,271053,1093,31,0,0
250092,1437,47,0,4,231266,1697,31,0,0
181073,585,49,0,1,155153,1393,37,0,0
166398,689,53,0,0,154807,1005,27,0,0
210749,603,34,0,0,169731,1878,43,0,0
258894,1659,44,0,0,192462,2141,45,0,0
172122,220,43,0,2,262411,1296,20,0,0
227630,1801,81,0,0,217173,1321,40,0,0
156480,1536,40,0,1,265380,1592,28,0,0
224794,1972,52,0,3,224789,1260,113,0,0
157513,315,50,0,1,173716,1651,62,0,0
269434,1237,36,0,3,254919,610,51,0,0
169529,1191,59,0,0,258049,2100,69,0,0
172662,1434,44,0,2,172826,601,63,0,0
198620,1811,44,0,3,177546,1742,41,0,0
230142,1001,18,0,5,195243,2005,29,0,0
160834,1587,42,0,3,227806,2195,61,0,0
200078,1135,41,0,6,177148,1322,43,0,0
253656,2048,26,0,4,258558,917,27,0,0
159252,790,74,0,1,168474,697,201,0,0
203880,700,39,0,5,165943,1312,34,0,0
241385,2373,54,0,4,253327,1734,33,0,0
211331,810,30,0,2,256525,549,39,0,0
166843,1075,51,0,10,202448,1055,24,0,0
268691,2064,43,0,1,221617,983,35,0,0
200413,501,18,0,1,214052,888,34,0,0
269764,1507,41,0,4,165623,1152,52,0,0
170300,1614,39,0,5,262455,1805,56,0,0
165083,694,34,0,1,238372,997,90,0,0
171660,198,86,0,4,235483,685,93,0,0
159957,511,57,0,0,265004,1697,27,0,0
167957,361,35,0,2,257513,651,62,0,0
252757,1144,57,0,7,165041,1201,45,0,0
252184,210,38,0,11,171959,850,33,0,0
253850,1453,35,0,0,184918,1433,69,0,0
264720,1136,27,0,0,247086,899,40,0,0
161217,1667,45,0,3,261423,892,38,0,0
159500,377,88,0,0,228998,1008,35,0,0
254049,1446,77,0,0,160639,1411,51,0,0
234479,714,39,0,4,239709,1174,75,0,0
242591,740,64,0,6,161851,1907,42,0,0
194557,636,36,0,5,240227,811,39,0,0
271277,696,40,0,4,224557,942,80,0,0
169548,366,67,0,1,252442,2400,32,0,0
243833,1192,37,0,0,216539,1459,62,0,0
197132,2347,36,0,2,221048,2048,41,0,1
234026,673,43,0,1,260613,1650,41,0,0
269569,700,81,0,1,173225,1184,23,0,0
163015,491,29,0,0,244289,2034,23,0,0
258733,758,81,0,3,162040,1020,63,0,0
191759,919,72,0,0,230837,2345,25,0,0
275992,1379,69,0,2,199798,2068,20,0,0
193734,1136,22,0,1,195804,1213,51,0,0
199085,1269,49,0,1,247220,1058,25,0,0
264580,1199,28,0,2,187995,963,32,0,0
165656,748,60,0,0,238866,869,35,0,0
67335,971,28,0,0,187129,2593,46,0,0
159093,788,43,0,0,144253,897,56,0,0
145902,966,26,0,0,120964,1303,46,0,0
62440,785,30,0,0,162324,1126,87,0,0
157557,1913,19,0,0,111788,1942,23,0,0
72184,1059,49,0,10,237576,1037,23,0,0
130992,1977,22,0,0,143598,456,51,0,0
76799,660,17,0,0,239838,1872,26,0,0
216319,1587,27,0,4,160543,1142,38,0,0
160347,2101,53,0,5,227015,1136,36,0,0
275624,1130,24,0,1,175385,2347,34,0,0
264212,1481,45,0,6,200850,2146,24,0,0
232015,1457,62,0,1,220703,2062,68,0,0
243258,1169,79,0,3,193785,1329,59,0,0
202312,1109,18,0,2,230720,1112,75,0,0
253243,809,22,0,0,275556,920,50,0,0
162161,2582,28,0,1,189351,2504,23,0,0
163458,1002,109,0,1,211291,1071,53,0,0
209038,1619,51,0,3,270381,1380,73,0,0
234887,1050,43,0,1,199413,2109,44,0,0
207853,1393,46,0,3,205686,693,92,0,0
277751,836,70,0,9,230094,1350,45,0,0
226757,459,36,0,1,198413,1869,31,0,0
271167,1667,42,0,3,240815,1324,43,0,0
243609,2481,25,0,8,275342,1426,82,0,0
272555,1708,35,0,3,255633,1451,38,0,0
197463,1677,15,0,0,263423,473,55,0,0
244092,1254,51,0,3,252100,890,53,0,0
161852,1375,20,0,2,265459,1232,34,0,0
193984,1367,35,0,3,203001,1173,16,0,0
164748,1410,25,0,1,219526,1510,35,0,0
209080,953,43,0,4,232784,1630,38,0,0
240279,737,62,0,3,267230,591,85,0,0
234824,1204,52,0,1,250493,1235,46,0,0
242147,1377,27,0,8,238083,972,38,0,0
223815,633,36,0,0,249203,987,34,0,0
213215,643,68,0,0,164231,1036,49,0,0
194419,1704,50,0,5,234442,671,26,0,0
211052,934,55,0,0,237259,1060,26,0,0
167232,2139,23,0,6,257633,884,39,0,0
251339,1466,48,0,3,248754,2442,31,0,0
200199,1320,24,0,8,235530,1285,39,0,0
259683,2419,26,0,0,160802,1215,78,0,0
216695,841,35,0,0,266276,497,41,0,0
204451,1563,26,0,2,253382,1338,52,0,0
183947,798,70,0,5,276468,897,61,0,0
179508,1198,58,0,0,181227,1240,29,0,0
228565,1160,65,0,1,171144,819,38,0,0
202762,532,15,0,0,211246,1877,25,0,0
256866,1379,90,0,7,208589,1006,27,0,0
225806,1291,28,0,2,268112,1511,16,0,0
169188,1447,30,0,3,228633,811,33,0,0
229236,1759,32,0,1,266737,1006,42,0,0
231293,608,42,0,0,212585,682,87,0,0
203648,1486,32,0,0,164331,775,78,0,0
275878,2516,44,0,1,202815,372,52,0,0
194639,1133,40,0,2,172222,1225,37,0,0
245061,1395,39,0,1,221111,1477,28,0,0
265664,782,32,0,3,197088,1075,47,0,0
194153,1410,24,0,0,198202,1498,17,0,0
212217,533,25,0,1,161198,898,66,0,0
252182,2174,25,0,0,225332,268,40,0,0
266769,1203,29,0,2,241946,1098,51,0,0
247797,1461,41,0,0,230854,1117,20,0,0
206050,1680,62,0,4,190773,1483,62,0,0
184162,1812,34,0,1,259981,2387,31,0,0
274412,625,88,0,6,258280,1380,32,0,0
274732,1601,51,0,5,174957,563,35,0,0
219191,2138,37,0,1,273527,1210,48,0,0
212392,2116,114,0,1,243292,395,48,0,0
178526,1592,64,0,2,276457,1702,39,0,0
280803,1642,37,0,20,183362,1157,43,0,0
230609,1004,33,0,10,175065,1094,22,0,0
198145,1217,31,0,0,204412,1687,18,0,0
231378,404,51,0,3,214311,895,55,0,0
195940,740,27,0,1,170200,1351,31,0,0
242174,452,42,0,2,215132,1778,60,0,0
189734,1364,66,0,1,238250,1716,85,0,1
259998,766,32,0,6,196993,836,47,0,0
229868,659,30,0,4,245821,1630,37,0,0
258793,2243,43,0,1,165836,1630,28,0,1
197663,256,98,0,2,166190,2224,32,0,0
223496,584,42,0,5,168847,1429,15,0,0
280937,196,78,0,0,166734,1297,50,0,0
235871,824,41,0,3,240641,961,31,0,0
268617,420,45,0,4,165890,661,61,0,0
223377,2274,40,0,2,164970,1426,66,0,0
172840,956,18,0,3,195654,939,31,0,0
227907,784,43,0,2,249740,1109,49,0,0
255202,1509,95,0,7,224385,1145,31,0,0
220940,273,24,0,2,270229,1758,33,0,0
222723,2261,29,0,6,196762,661,35,0,0
199862,363,66,0,3,187476,2397,22,0,0
184500,251,55,0,3,242531,1964,22,0,1
170952,1714,65,0,0,274323,1368,34,0,0
226338,572,42,0,2,230281,1106,61,0,0
193367,1885,34,0,1,211105,935,29,0,0
242858,1647,27,0,3,278459,867,92,0,0
167965,2201,46,0,0,283270,1531,24,0,0
282470,519,85,0,1,244963,1410,38,0,0
218503,914,43,0,0,228912,2193,19,0,0
210451,1794,101,0,2,256934,1778,76,0,0
235459,1824,33,0,0,225380,2147,29,0,0
216457,1196,49,0,1,201527,2514,40,0,0
195209,842,46,0,0,244795,1186,49,0,0
202252,1944,32,0,1,237613,2162,21,0,0
255613,1417,57,0,0,211100,685,49,0,0
228425,933,29,0,2,201033,676,29,0,0
255943,1541,81,0,0,226263,1023,41,0,0
266733,1114,57,0,1,211492,1644,23,0,0
283102,993,35,0,1,257187,670,166,0,0
194109,1048,40,0,1,220219,2140,24,0,0
203287,886,20,0,1,213667,946,48,0,0
282210,936,110,0,8,276775,1547,46,0,0
178176,1520,51,0,1,253095,1286,52,0,0
275341,908,48,0,0,179068,775,41,0,0
239451,877,37,0,4,242112,753,65,0,0
187108,2300,35,0,0,190061,503,50,0,0
213127,1360,32,0,10,274601,2389,51,0,0
222887,789,27,0,0,248216,668,50,0,0
243483,299,84,0,0,222954,418,59,0,0
246697,675,34,0,2,237394,1235,68,0,0
242547,490,64,0,3,178421,905,76,0,0
282730,382,24,0,0,277017,315,129,0,0
231790,1054,28,0,2,198506,1015,57,0,0
281029,948,51,0,1,266805,834,63,0,0
187764,1501,29,0,6,280716,843,97,0,0
276855,1651,40,0,2,239209,1979,97,0,0
268435,403,24,0,2,186655,937,39,0,0
166485,1966,23,0,1,279209,608,46,0,0
213225,828,23,0,0,164624,369,81,0,0
231924,1564,54,0,2,204080,1436,37,0,0
193520,1689,29,0,1,240568,1109,29,0,0
197606,1220,72,0,2,175143,2002,41,0,0
266649,236,32,0,15,187398,2004,24,0,0
279882,900,39,0,10,203331,1173,44,0,0
189984,321,53,0,0,194795,1141,52,0,0
178625,1319,38,0,10,233158,2207,58,0,0
202175,1608,92,0,12,209194,1586,82,0,0
183479,594,54,0,1,225040,2045,18,0,0
190174,1106,25,0,3,251582,593,58,0,0
207500,1199,59,0,0,225531,997,45,0,0
236121,613,44,0,3,141072,732,31,0,0
129596,2098,48,0,0,101557,306,47,0,0
89110,2173,44,0,0,141245,383,88,0,0
6178,819,67,0,0,186425,750,99,0,0
137480,1621,44,0,0,176565,658,18,0,0
115124,1145,55,0,0,76907,979,56,0,0
212569,1059,31,0,0,31727,2357,16,0,0
252780,1856,70,0,1,218595,1478,73,0,0
130791,1275,40,0,0,164814,2133,27,0,0
114621,521,41,0,1,118510,1818,75,0,1
149956,796,59,0,0,114058,820,35,0,0
202541,1798,18,0,0,89412,365,62,0,0
208482,1292,34,0,0,188802,2198,74,0,0
130080,2201,54,0,0,273955,2195,59,0,0
76721,2105,51,0,4,233129,1235,49,0,0
273031,962,71,0,0,153951,1522,54,0,0
141028,1034,46,0,0,151362,705,25,0,0
189086,1012,28,0,0,130128,1692,49,0,0
99301,2456,60,0,1,87059,341,76,0,0
147915,1328,66,0,0,124150,1726,42,0,0
226677,1585,53,0,5,171167,1082,32,0,0
96653,1778,35,0,0,201580,1675,51,0,0
164468,1803,67,0,0,198342,2144,31,0,0
77117,1459,16,0,9,208882,1478,38,0,0
241021,830,57,0,0,216653,693,75,0,0
251839,1293,37,0,1,283274,1671,63,0,0
272912,1474,46,0,0,167365,1361,68,0,0
201296,1005,50,0,0,196304,177,27,0,0
74973,1101,36,0,0,5443,1301,24,0,0
64293,730,63,0,0,243334,753,36,0,0
213726,802,49,0,1,218883,1917,48,0,0
250779,1113,97,0,2,210867,119,57,0,0
202535,737,59,0,0,83441,2116,23,0,0
102972,1222,22,0,2,170378,2102,30,0,0
252655,507,45,0,3,255133,1124,39,0,0
263082,1495,54,0,0,198886,541,28,0,0
198258,1122,35,0,0,127819,1651,43,0,0
112583,1148,25,0,0,154387,311,27,0,0
173083,1670,58,0,0,107876,238,53,0,0
117802,999,75,0,0,188078,716,66,0,0
175698,1142,40,0,6,175102,401,73,0,0
159444,1198,33,0,0,194871,1057,17,0,0
124235,1175,25,0,0,49727,1382,42,0,0
277071,1620,43,0,1,195834,1515,16,0,0
216592,902,20,0,3,185495,1678,18,0,0
188661,2182,37,0,2,151889,2404,39,0,0
174309,576,44,0,0,38635,1356,75,0,0
97589,952,45,0,5,193436,833,49,0,0
238253,1400,43,0,1,214851,1709,30,0,0
243121,1059,23,0,5,241945,1153,113,0,0
254389,1668,26,0,1,203000,1077,42,0,0
188071,2306,35,0,0,155606,337,48,0,0
203406,966,25,0,0,149259,2170,44,0,0
99164,1272,31,0,0,62231,1538,14,0,0
230502,766,42,0,2,189695,1299,20,0,0
270423,558,35,0,1,269848,1931,15,0,0
10940,1702,18,0,0,83714,1211,47,0,0
234462,1632,76,0,0,224556,1251,23,0,0
195980,923,15,0,0,206044,120,68,0,0
185544,1686,41,0,2,225486,1186,42,0,0
227803,1161,47,0,1,190371,102,71,0,0
189352,1336,49,0,1,229347,1221,52,0,0
273083,792,44,0,1,167154,812,18,0,0
237828,1765,54,0,0,184011,1225,86,0,0
237820,1463,54,0,3,200155,544,42,0,0
213340,1659,27,0,5,203539,1168,27,0,0
265871,1869,12,0,4,195231,939,33,0,0
257717,858,73,0,1,248853,1101,32,0,0
265369,1586,42,0,7,226445,1674,36,0,0
178117,508,43,0,4,272980,797,42,0,0
229286,849,65,0,1,229813,1541,49,0,0
193516,1653,37,0,1,267952,614,36,0,0
197251,1295,40,0,1,280907,1439,34,0,0
206884,1951,31,0,1,277547,436,30,0,0
200587,1415,114,0,0,191999,761,92,0,0
194758,1263,53,0,3,289544,808,25,0,0
208314,1934,46,0,1,288329,1382,30,0,0
177486,492,22,0,0,277450,1647,43,0,0
262530,1771,30,0,2,194526,1168,52,0,0
264256,1219,53,0,3,201548,859,91,0,0
195946,460,51,0,2,265558,1791,26,0,0
190068,1831,74,0,3,230421,1148,47,0,0
233259,1571,43,0,1,254033,789,46,0,0
174578,1711,35,0,0,222452,774,39,0,0
220786,2019,56,0,1,226546,2157,34,0,0
175280,1236,54,0,1,271144,1146,54,0,0
207951,1385,37,0,3,227178,786,26,0,0
280209,613,60,0,0,261651,1277,59,0,0
222012,1224,88,0,0,191062,653,41,0,0
249268,1702,51,0,3,204117,1636,102,0,0
231030,615,98,0,2,201664,1418,35,0,0
279460,1753,43,0,2,198706,1423,48,0,0
257836,1316,44,0,6,257997,1899,23,0,0
221909,767,26,0,0,270819,554,45,0,0
264870,810,30,0,5,256338,909,20,0,0
272338,1655,42,0,0,215557,1939,27,0,0
242930,1189,107,0,6,278632,1342,27,0,0
285222,1511,60,0,6,202778,1124,26,0,0
202331,1539,30,0,1,179650,1522,47,0,0
211582,1211,42,0,0,207689,1110,31,0,0
254843,1165,41,0,0,254252,730,35,0,0
242867,1003,26,0,1,204691,1289,38,0,0
265444,1564,71,0,0,190775,2148,39,0,0
260060,1307,29,0,3,215376,1207,39,0,0
208688,658,50,0,1,270462,1985,33,0,0
251630,1597,31,0,3,195702,891,24,0,0
187983,878,40,0,1,243219,1357,53,0,0
211612,865,35,0,0,249344,1023,42,0,0
173966,1653,53,0,1,249726,873,23,0,0
291902,701,25,0,2,246507,1666,46,0,0
228808,1489,89,0,16,212013,903,18,0,0
253723,2206,47,0,0,173161,1066,60,0,0
242299,1184,31,0,1,196509,1176,61,0,0
212614,994,18,0,1,197087,1915,61,0,0
247853,1597,76,0,14,271110,1723,72,0,0
271925,1371,57,0,1,263066,1371,41,0,0
190443,472,88,0,0,273836,994,19,0,0
222172,1822,32,0,1,202592,725,48,0,0
287412,1038,34,0,0,276669,659,51,0,0
178016,1229,40,0,9,229606,334,40,0,0
192948,645,68,0,1,218216,936,35,0,0
250834,1674,53,0,2,216642,391,53,0,0
192319,1308,38,0,2,222781,909,43,0,0
277680,354,47,0,0,196946,857,100,0,0
173695,1180,53,0,1,219088,734,78,0,0
205345,195,54,0,4,233977,1637,40,0,0
224020,2140,32,0,3,171792,990,60,0,0
205621,285,92,0,2,292392,1538,20,0,0
193338,1320,64,0,1,179004,1625,44,0,0
255059,1321,134,0,0,226187,422,31,0,0
171394,1872,34,0,9,215992,258,60,0,0
280131,1294,47,0,1,202490,1997,57,0,0
228211,2258,45,0,1,282186,1292,69,0,0
250035,2399,27,0,3,235557,1190,38,0,0
257698,1902,71,0,7,263186,1358,41,0,0
188200,1406,45,0,6,212082,1220,44,0,0
214068,2583,16,0,0,289918,1086,60,0,0
233276,1898,75,0,3,205157,667,56,0,0
240577,1077,54,0,1,266939,949,94,0,0
280460,1663,53,0,3,253377,1108,42,0,0
179075,972,72,0,0,196061,1700,31,0,0
245778,2112,83,0,4,223204,1393,47,0,0
201062,1045,47,0,7,249948,448,46,0,0
294068,504,26,0,4,290966,675,51,0,0
216134,999,19,0,1,219020,627,53,0,1
238325,2036,43,0,0,236348,675,44,0,0
290255,614,17,0,1,195115,1811,24,0,0
275972,1703,34,0,1,217662,613,18,0,0
290642,1860,18,0,1,192964,484,30,0,0
273215,1716,45,0,0,220184,791,39,0,0
291083,1437,34,0,3,198906,2250,29,0,0
195169,975,31,0,1,262323,527,92,0,0
202191,1930,38,0,2,196935,1524,54,0,0
255004,430,32,0,3,283471,811,37,0,0
191238,206,58,0,0,215223,138,74,0,0
175190,1363,58,0,2,259716,348,22,0,0
281634,611,72,0,0,238575,901,71,0,0
173606,865,27,0,13,255203,1144,31,0,0
206863,1232,28,0,2,190943,316,88,0,0
274808,1331,40,0,1,215374,1446,35,0,0
195756,1924,28,0,8,292107,1149,48,0,1
291721,1025,74,0,1,284128,1265,43,0,0
249932,1653,26,0,0,292896,734,17,0,0
224328,1274,44,0,4,264822,657,45,0,1
276759,680,32,0,0,200920,1527,37,0,0
199035,613,56,0,2,283514,2375,39,0,0
231653,2058,45,0,8,216149,1148,24,0,0
181622,1884,21,0,2,293999,1138,27,0,0
221368,2007,45,0,2,198076,902,28,0,0
224527,841,27,0,0,237918,1659,33,0,0
204302,453,70,0,1,182740,1107,24,0,0
217839,1500,28,0,1,269598,2150,30,0,0
251513,873,50,0,1,242869,1080,68,0,0
251206,1370,43,0,2,194038,1475,43,0,0
277932,770,47,0,1,248228,1037,38,0,0
223990,1514,27,0,1,225438,1337,41,0,0
253244,1382,56,0,3,250480,766,54,0,0
259052,1179,103,0,3,197766,2584,30,0,0
280726,2494,39,0,0,260427,1514,41,0,0
261271,929,69,0,8,290008,897,81,0,0
210157,978,16,0,0,292524,685,29,0,0
289208,644,42,0,4,279779,1842,40,0,0
233083,1479,39,0,2,240635,1253,35,0,0
179411,889,38,0,5,224031,2216,34,0,0
257867,1357,35,0,0,187239,618,51,0,0
200641,1456,29,0,5,239389,699,21,0,0
214386,1311,17,0,7,186847,813,37,0,0
194878,976,30,0,2,237228,782,58,0,0
186108,1082,53,0,4,293452,1199,43,0,0
217938,2451,23,0,6,261203,617,37,0,0
290909,2105,15,0,1,216816,1840,38,0,0
296202,363,15,0,4,254087,856,32,0,0
235933,963,39,0,4,281684,454,14,0,0
217158,1418,32,0,3,289662,293,82,0,0
187749,1212,46,0,2,255751,1257,32,0,0
265239,647,53,0,7,284636,1009,41,0,0
180787,1404,20,0,5,242609,928,36,0,0
181054,639,37,0,1,218949,1168,27,0,0
213887,684,29,0,1,242619,600,31,0,0
262537,1595,30,0,4,217313,987,24,0,0
226657,2034,36,0,2,291492,824,28,0,0
251546,1937,47,0,5,277222,1407,36,0,0
197037,1351,19,0,2,274293,143,105,0,0
294162,744,62,0,1,209602,1148,23,0,0
288975,1024,43,0,6,255504,1151,23,0,0
292432,1179,38,0,1,212277,1982,54,0,0
234461,637,52,0,12,221112,876,41,0,0
252074,120,37,0,9,228105,1626,20,0,0
295207,710,58,0,3,253064,1849,33,0,0
262011,711,54,0,2,278960,1977,19,0,0
255494,1167,58,0,1,228979,1267,71,0,0
288194,750,39,0,1,277359,1341,48,0,0
232020,1700,41,0,0,211180,1809,22,0,0
215972,1922,28,0,0,195196,2085,30,0,0
248603,507,32,0,0,276452,449,63,0,0
244239,893,35,0,0,267475,471,165,0,0
271591,1386,43,0,0,235184,1450,44,0,0
221047,1784,66,0,0,269291,1722,31,0,0
233736,788,45,0,0,225932,1483,28,0,0
225005,284,66,0,0,255338,2358,37,0,0
208057,201,92,0,0,276721,1702,42,0,0
201549,1191,81,0,0,214976,1871,42,0,0
232492,919,44,0,0,198845,1366,19,0,0
276622,2275,21,0,0,235397,2202,24,0,0
271230,1784,26,0,0,189429,780,31,0,0
180480,1397,38,0,0,226005,398,32,0,0
222540,1033,29,0,1,217725,1523,58,0,0
203415,910,79,0,0,248105,593,68,0,0
220659,539,76,0,0,290445,2259,42,0,0
259687,995,33,0,0,221419,757,47,0,0
290839,1637,32,0,0,284165,1007,88,0,0
253703,1143,59,0,0,242337,920,22,0,0
229113,782,34,0,0,226389,1544,31,0,0
278120,2223,62,0,1,278059,1579,24,0,0
238456,1783,37,0,0,244248,264,105,0,0
259148,737,21,0,0,277036,1355,36,0,0
192503,1922,32,0,0,183795,1091,44,0,0
293757,1018,51,0,1,277327,301,55,0,0
222685,1971,56,0,0,284115,2546,21,0,0
269067,1023,41,0,6,255776,1731,45,0,0
234769,1129,16,0,1,209675,759,25,0,0
208008,948,16,0,0,231481,1128,60,0,0
245763,649,81,0,4,296734,639,38,0,0
249289,865,42,0,0,296069,607,50,0,0
216190,2126,37,0,1,187637,916,49,0,0
235764,1001,92,0,2,233113,430,21,0,0
224767,1521,32,0,6,255707,1859,39,0,0
265437,1879,23,0,1,250122,723,61,0,0
236649,531,37,0,4,291257,1478,52,0,0
229764,1759,69,0,1,231173,942,57,0,0
298308,734,51,0,1,195345,2105,42,0,0
294670,795,52,0,1,274751,1249,24,0,0
210785,1463,79,0,4,196669,1442,20,0,0
267389,884,61,0,6,191666,429,77,0,0
282211,1184,39,0,4,206066,812,38,0,0
274394,526,72,0,0,242232,465,76,0,0
211600,1557,42,0,2,291864,1512,75,0,0
214381,1183,23,0,1,283801,2395,29,0,0
245977,1367,37,0,1,276942,1303,49,0,1
268652,2064,16,0,2,261526,1630,34,0,0
212492,963,81,0,1,259015,2001,26,0,0
197330,2200,47,0,2,234101,1325,36,0,0
201976,2269,53,0,0,270768,2106,31,0,0
209102,1529,33,0,1,275741,1651,30,0,1
235704,1862,22,0,3,223347,1411,31,0,0
238699,1055,40,0,5,263259,1500,56,0,0
207556,1094,70,0,0,298548,1016,23,0,0
200481,1051,51,0,0,276891,820,43,0,0
203804,1304,92,0,4,259187,1090,83,0,0
224241,1733,70,0,1,280162,2120,49,0,0
253675,1124,75,0,1,217604,254,22,0,0
229250,2054,78,0,1,238450,2109,35,0,0
301051,1875,43,0,1,279891,1106,34,0,0
271685,862,89,0,1,261029,600,53,0,0
273153,1385,48,0,1,225241,1185,46,0,0
228911,1218,27,0,0,204979,943,33,0,0
258588,1594,51,0,10,240263,1270,31,0,0
238439,2179,79,0,1,200990,1341,32,0,0
294894,1299,30,0,5,232934,1133,50,0,0
299616,915,62,0,1,270207,1614,23,0,0
299906,993,52,0,4,234989,2183,60,0,0
286405,1113,59,0,4,197728,580,29,0,0
186976,1526,97,0,0,262386,2115,37,0,0
224749,1675,16,0,4,230080,2015,21,0,0
275332,1330,25,0,11,189539,1490,44,0,0
193088,1518,52,0,7,268859,1085,31,0,0
302143,1660,23,0,1,285691,145,40,0,0
299349,1263,46,0,2,198237,1408,82,0,0
293323,1474,32,0,1,296330,1193,43,0,0
222715,2040,27,0,1,187993,663,59,0,0
248212,1080,42,0,3,220197,2109,46,0,0
199089,1168,35,0,2,285393,727,42,0,0
198403,946,28,0,5,215460,1856,50,0,0
233894,898,29,0,3,238580,162,81,0,0
240737,1352,28,0,7,288391,651,60,0,0
242840,1175,49,0,3,303874,1581,25,0,0
222654,974,69,0,8,211101,1328,23,0,0
254419,1090,74,0,2,263269,1951,184,0,0
202366,1257,35,0,0,201808,700,53,0,0
262350,505,36,0,1,213951,1153,71,0,0
269144,1323,32,0,0,201286,509,55,0,0
200774,1275,20,0,0,239383,1832,31,0,0
296143,1588,92,0,0,277297,1311,34,0,0
272906,1157,59,0,2,280724,1300,60,0,0
238899,663,89,0,5,224097,1275,16,0,0
284146,1692,49,0,1,284854,486,62,0,0
259696,932,42,0,0,283218,1464,42,0,0
188571,719,32,0,1,205281,764,21,0,0
213500,1637,20,0,0,222659,1267,39,0,0
207140,829,28,0,2,240614,2588,39,0,0
216941,1646,84,0,3,269181,734,223,0,0
205163,1489,99,0,10,280394,1201,20,0,0
245034,494,41,0,0,293179,1698,23,0,0
303028,931,28,0,6,286541,1789,55,0,0
280954,883,94,0,0,238603,327,47,0,0
199505,2145,63,0,3,271013,1617,67,0,0
191718,1215,41,0,1,192558,1310,44,0,0
244078,961,56,0,2,238514,1508,59,0,0
219486,1293,17,0,1,231656,1114,53,0,0
296423,1140,32,0,6,265591,396,49,0,0
279044,1376,56,0,0,254516,716,46,0,0
219954,1618,24,0,3,202496,1748,25,0,0
288429,740,23,0,11,301062,932,57,0,0
304396,2183,28,0,2,194131,1908,62,0,0
283175,1468,34,0,1,268463,673,101,0,0
242628,1851,16,0,2,259538,1648,12,0,0
299729,1130,38,0,2,295343,834,89,0,0
301942,1689,21,0,2,272161,1334,54,0,0
227584,562,56,0,0,218890,878,22,0,0
276984,743,110,0,0,219125,2377,21,0,0
232400,1497,77,0,3,254525,2474,25,0,0
295945,2362,44,0,2,290429,704,60,0,0
278798,1409,48,0,5,237831,1385,107,0,0
193091,1039,52,0,1,291684,783,29,0,0
291723,1393,17,0,0,230751,674,26,0,0
295770,1498,44,0,2,259050,1090,36,0,0
204990,1274,40,0,1,230348,920,43,0,0
217221,210,71,0,2,236089,1996,23,0,0
267821,1214,26,0,0,234434,1485,40,0,0
237332,2252,62,0,3,303073,1260,32,0,0
270590,1118,44,0,5,250168,2005,53,0,0
222940,641,21,0,2,240024,611,67,0,1
306020,525,34,0,11,203714,912,25,0,0
233839,993,51,0,2,252595,1714,30,0,0
245746,434,42,0,11,195852,1242,25,0,0
193550,126,57,0,0,196415,790,40,0,0
259069,110,31,0,1,252501,1925,29,0,0
271684,615,27,0,3,286205,1430,26,0,0
264825,608,34,0,1,304804,2222,34,0,0
280352,1494,21,0,2,215119,914,41,0,0
272206,1195,57,0,2,225757,449,49,0,0
267074,477,28,0,11,253246,1620,55,0,0
252478,2143,67,0,1,217154,723,63,0,0
227118,1260,30,0,1,252150,793,34,0,0
293592,719,47,0,3,206170,1036,28,0,0
191875,1494,20,0,0,212497,117,55,0,0
224946,1259,46,0,1,277956,2208,37,0,0
241376,764,83,0,2,248311,1621,47,0,0
197069,1131,51,0,1,300865,1086,45,0,0
268201,136,30,0,5,221459,171,102,0,0
265335,1673,43,0,2,220844,900,71,0,0
297333,418,25,0,2,198592,819,67,0,0
213629,1066,54,0,2,296410,942,62,0,0
194441,2010,20,0,3,261888,1440,20,0,0
306422,1424,30,0,1,199347,994,27,0,0
238364,507,27,0,2,300835,533,27,0,0
267078,889,35,0,3,295302,101,84,0,0
279075,1162,35,0,11,265346,1693,27,0,0
215156,1636,62,0,6,292361,1974,60,0,0
299365,1147,63,0,1,271641,2157,17,0,0
219374,1741,14,0,0,220874,755,42,0,0
295046,1246,30,0,2,247850,1117,63,0,0
288464,1791,50,0,0,293500,631,62,0,0
304668,1190,26,0,0,220531,1191,34,0,0
226709,2194,39,0,1,238387,2030,46,0,0
197435,788,58,0,1,221988,302,40,0,0
305576,638,44,0,2,197448,1873,69,0,0
230505,1829,71,0,0,195159,1464,42,0,0
253929,107,42,0,7,295103,724,63,0,0
271766,693,61,0,1,201025,1756,71,0,0
224056,1792,25,0,0,302835,2035,63,0,0
228176,823,167,0,20,233062,2063,50,0,0
198401,1742,44,0,0,255538,1156,22,0,0
276504,1640,74,0,0,238913,1149,80,0,0
261430,1495,18,0,5,196043,717,52,0,0
249916,1356,30,0,4,250234,201,65,0,0
209758,1218,29,0,8,232136,1399,39,0,0
289442,2103,35,0,4,235317,2296,15,0,0
229939,363,26,0,2,196041,1516,57,0,0
233140,2547,47,0,2,236444,466,53,0,0
298659,930,27,0,7,231915,923,26,0,0
229342,647,55,0,3,198060,699,59,0,0
285372,1136,31,0,1,196266,1206,25,0,0
307329,662,54,0,1,266923,478,24,0,0
273228,1865,21,0,2,200175,1256,83,0,0
227031,2583,37,0,0,308508,1207,55,0,0
212339,1423,33,0,3,254268,1085,76,0,0
297356,680,56,0,0,201263,1163,18,0,0
249891,724,31,0,3,255161,801,64,0,0
275084,1654,32,0,1,215014,1114,94,0,0
253641,1287,78,0,0,203344,2119,58,0,0
206864,1296,35,0,2,204830,1132,23,0,0
203607,949,27,0,2,265002,2119,49,0,0
264753,971,43,0,1,213698,2165,48,0,0
195287,845,38,0,1,249664,235,44,0,0
205972,1174,51,0,6,214849,1067,28,0,0
298482,1627,40,0,0,236869,1222,76,0,0
259947,1689,26,0,2,247912,1033,54,0,0
219206,1081,20,0,5,199133,1739,46,0,0
304993,2381,24,0,3,284769,672,30,0,0
306134,1165,30,0,2,226974,360,41,0,0
224869,730,51,0,1,289845,1123,54,0,0
303470,2141,41,0,4,262924,513,27,0,0
196473,822,48,0,2,289036,2419,27,0,0
308291,795,49,0,4,295825,1446,35,0,0
217493,1354,25,0,4,307647,277,59,0,0
265602,1214,32,0,1,259290,1696,43,0,0
285076,978,49,0,2,211088,739,59,0,0
307662,588,31,0,1,237475,1257,50,0,1
235928,1122,94,0,8,234881,845,40,0,0
205098,1493,35,0,0,283609,2138,33,0,0
289684,164,54,0,3,211819,1534,42,0,0
214412,1947,34,0,0,299571,839,34,0,0
229324,1686,100,0,3,225144,1185,17,0,0
228544,964,40,0,0,297009,1734,72,0,0
215491,878,54,0,0,203443,1056,43,0,0
215514,1259,40,0,2,251573,1438,59,0,0
224337,2334,14,0,2,268099,1438,35,0,0
305016,756,95,0,0,277567,749,18,0,0
236520,1122,19,0,2,210496,1378,31,0,0
206173,1609,49,0,3,197595,987,54,0,0
293118,322,35,0,0,269673,1842,38,0,0
208603,303,59,0,1,302712,1031,29,0,0
272935,125,27,0,1,291561,260,81,0,1
222535,852,39,0,0,219951,1147,52,0,0
254662,819,43,0,2,217150,1696,58,0,1
277950,1382,83,0,1,209184,1468,62,0,1
297068,1397,44,0,1,281541,803,45,0,0
263315,1788,44,0,1,218904,899,135,0,0
278138,1150,28,0,4,258199,1157,39,0,0
225769,927,48,0,5,281743,903,77,0,0
208765,1170,42,0,1,191691,1252,52,0,1
283008,1961,40,0,5,188230,628,15,0,0
291816,905,18,0,1,198422,955,36,0,0
211070,1111,19,0,5,260192,1838,29,0,0
261142,326,36,0,1,244063,1165,17,0,0
288720,1887,46,0,0,214833,1829,17,0,0
209823,479,67,0,1,299682,1794,28,0,0
219011,871,30,0,0,200063,618,59,0,0
234164,991,106,0,0,248113,1183,47,0,0
223837,794,38,0,0,268673,1891,20,0,0
273874,1187,86,0,1,223188,282,59,0,1
214691,1055,91,0,10,216602,2149,49,0,1
254264,411,41,0,2,287568,521,39,0,0
205755,1142,36,0,8,200432,1586,42,0,0
224108,1962,22,0,1,232561,1737,41,0,0
217513,1506,73,0,1,251434,1620,36,0,0
259426,1038,47,0,1,213428,713,62,0,1
231869,2251,37,0,3,197776,1585,24,0,0
233744,986,81,0,2,296827,1086,66,0,0
282647,950,42,0,1,280525,899,63,0,0
246854,1101,71,0,3,232401,944,30,0,0
242377,1402,62,0,3,275144,514,43,0,0
307278,1432,19,0,2,249435,1661,73,0,0
235760,750,26,0,2,219230,2406,36,0,0
269854,1138,35,0,1,248911,1449,17,0,0
303022,864,58,0,0,292669,701,104,0,0
280823,1485,51,0,1,310092,689,168,0,0
292283,862,52,0,6,299629,2147,50,0,0
224624,1384,53,0,4,242216,119,56,0,0
305111,1918,55,0,3,267470,984,57,0,0
306753,1246,52,0,1,307883,1544,34,0,0
302549,1488,75,0,0,232305,495,113,0,0
202348,1769,21,0,5,286825,989,23,0,0
220917,905,22,0,3,214417,1309,68,0,1
234303,1603,42,0,2,272039,1198,72,0,0
305918,476,43,0,4,298270,1603,46,0,0
272043,291,64,0,1,291799,1154,37,0,0
229586,1460,46,0,5,223767,739,34,0,0
272143,934,78,0,3,207119,955,19,0,0
213853,1649,49,0,0,289851,712,39,0,0
280998,520,70,0,0,285049,1199,28,0,0
231702,1282,38,0,3,219209,775,41,0,0
281357,1802,32,0,1,266549,825,59,0,0
302791,1604,23,0,1,307766,791,43,0,0
254529,598,69,0,1,198531,1650,32,0,0
239236,2176,25,0,0,255470,984,23,0,0
266100,916,46,0,10,231665,2334,18,0,0
310949,1951,71,0,1,294087,780,57,0,0
200232,882,17,0,2,307743,1147,31,0,0
312372,2178,46,0,1,245469,1104,35,0,0
311232,2529,19,0,8,259030,212,24,0,0
308839,223,33,0,9,263274,1638,61,0,0
231093,525,18,0,0,268399,1305,49,0,0
289737,1644,75,0,7,230239,1925,48,0,0
202974,702,29,0,1,264733,184,21,0,0
214291,2385,30,0,1,233983,1221,65,0,0
279325,1791,17,0,1,235608,1191,30,0,0
243771,334,18,0,2,215828,1996,22,0,0
269709,755,76,0,3,225199,1618,36,0,0
202055,1831,37,0,9,199402,2599,38,0,0
217361,2201,49,0,1,289441,1741,35,0,0
278330,1662,26,0,7,219870,972,29,0,0
201455,257,37,0,2,207711,1196,41,0,0
218013,572,62,0,3,280114,1026,55,0,0
287661,634,27,0,0,311528,877,28,0,0
229257,1633,47,0,4,242900,2017,30,0,0
276994,1573,35,0,1,212764,1908,28,0,0
283764,1317,48,0,7,286420,1359,76,0,0
288787,319,45,0,2,199040,1443,41,0,0
301835,812,60,0,1,264453,478,62,0,0
291563,449,50,0,1,312710,2071,51,0,0
309833,1266,31,0,0,218291,729,23,0,0
314095,957,21,0,1,311796,1635,19,0,0
298529,1867,37,0,0,232921,221,69,0,0
217414,2091,36,0,0,248312,986,21,0,0
225451,1285,45,0,1,232080,1306,42,0,0
201158,2017,47,0,4,278731,369,42,0,0
306231,1906,51,0,3,263412,655,61,0,0
305817,997,40,0,3,225766,1613,32,0,0
242658,1742,52,0,4,213975,944,25,0,0
274310,960,49,0,1,279455,1207,46,0,0
241570,812,101,0,2,226135,1906,19,0,0
293902,2127,54,0,3,295255,1508,51,0,0
310129,1704,14,0,3,240103,922,50,0,0
295345,220,33,0,3,278773,1366,19,0,1
224223,1686,56,0,2,225270,916,19,0,0
230490,1185,50,0,1,301048,999,45,0,0
212248,1566,25,0,4,315992,1631,40,0,0
213491,1174,37,0,1,267336,1009,20,0,0
197504,1033,41,0,4,223692,790,60,0,0
269983,2179,29,0,0,261710,1641,76,0,0
296989,1496,26,0,1,295487,995,53,0,0
230220,1560,19,0,0,267373,1148,42,0,0
212062,2171,40,0,2,224313,869,46,0,0
311211,1182,63,0,1,224553,642,77,0,0
289705,1840,60,0,0,226156,2513,37,0,0
231674,1874,49,0,1,240399,1584,43,0,0
228175,1036,75,0,3,274104,1078,55,0,0
262108,1454,24,0,5,221858,822,56,0,0
222731,193,37,0,2,215906,482,46,0,0
279375,631,38,0,5,247503,254,74,0,0
277934,2248,59,0,8,236954,1445,31,0,0
224930,860,33,0,18,296468,690,54,0,0
256970,1662,51,0,1,288304,899,63,0,0
283753,884,75,0,1,286770,755,42,0,0
271704,2185,58,0,2,269459,557,102,0,0
291702,615,48,0,2,206595,601,63,0,0
206835,1672,35,0,0,295708,619,88,0,0
313532,1589,20,0,1,259601,1237,30,0,0
315079,1238,47,0,11,293690,667,24,0,0
295761,998,75,0,0,218392,667,37,0,0
227386,2540,22,0,1,264016,617,31,0,0
269486,1057,49,0,0,250209,1231,29,0,0
236350,969,50,0,0,212412,633,22,0,0
214279,996,26,0,0,223689,1185,26,0,0
234624,896,74,0,2,240159,2687,49,0,0
315241,900,28,0,4,231426,438,41,0,0
259120,2034,53,0,2,225231,969,22,0,0
213803,840,43,0,1,275169,2117,19,0,0
268452,2258,47,0,7,262484,1620,19,0,0
202848,1426,17,0,1,316657,821,30,0,0
234056,2490,51,0,3,234090,1606,53,0,0
294529,2377,31,0,0,212074,1395,27,0,0
257206,1970,17,0,2,227514,1850,53,0,0
202096,346,55,0,0,260832,290,32,0,0
317610,808,55,0,0,237029,1579,45,0,0
205709,749,42,0,3,276881,626,38,0,0
306503,1484,28,0,6,263801,1508,39,0,0
296642,942,44,0,1,245255,2153,26,0,0
302458,911,38,0,1,281103,1184,33,0,0
232135,809,41,0,1,275874,2139,53,0,0
207419,577,69,0,0,204016,1185,33,0,0
255725,708,130,0,1,248704,910,74,0,0
305663,726,48,0,1,206899,1494,35,0,0
203826,1693,37,0,5,283926,1118,87,0,0
237660,1345,29,0,2,214426,1024,42,0,0
287410,949,17,0,6,214518,1807,53,0,0
202824,1821,24,0,2,235828,311,41,0,0
282589,1951,32,0,4,215304,537,82,0,0
243510,1156,60,0,0,214714,1466,57,0,0
288229,928,55,0,1,224521,907,69,0,0
205107,2281,72,0,5,233949,1923,23,0,0
299356,1309,84,0,0,204423,1097,19,0,0
211264,2073,49,0,4,304313,1078,63,0,0
239701,1137,49,0,1,312238,680,74,0,0
318562,1071,60,0,1,257873,197,23,0,0
255884,1441,41,0,1,267191,697,69,0,0
270698,960,68,0,5,207930,1358,54,0,0
297224,1376,76,0,2,247767,701,42,0,0
264668,736,73,0,1,273396,716,50,0,0
308745,1450,41,0,3,232494,490,87,0,0
308452,630,61,0,0,302158,1620,69,0,0
269783,1669,24,0,8,238628,643,22,0,0
238033,1189,50,0,10,215344,695,55,0,0
232419,649,32,0,1,289804,103,52,0,0
212513,958,24,0,2,301986,1523,38,0,0
231902,287,153,0,2,209118,1011,48,0,0
299368,1338,53,0,4,249902,2100,40,0,0
318065,233,27,0,2,203011,1912,28,0,0
298764,666,70,0,4,289565,370,122,0,0
272468,954,71,0,0,278259,1086,68,0,0
207161,864,37,0,6,226946,1486,45,0,0
305925,1774,39,0,3,223894,2130,63,0,0
206078,1562,65,0,0,289001,2551,23,0,0
274098,1582,17,0,4,234031,778,64,0,0
231315,1233,31,0,1,316604,441,39,0,0
255597,251,73,0,2,241104,430,198,0,0
299821,780,39,0,1,238000,1714,45,0,0
224257,1596,44,0,1,278170,1920,70,0,0
253790,1194,42,0,11,249622,2238,21,0,0
255502,870,55,0,9,320201,900,26,0,0
233780,1302,52,0,3,297220,1499,36,0,0
277677,1342,50,0,5,268920,1523,58,0,0
255618,1256,129,0,1,292932,632,89,0,0
285947,922,41,0,8,265596,1109,38,0,0
225469,1335,38,0,5,270865,2324,39,0,0
256381,1246,52,0,1,286666,1862,17,0,0
239284,1600,38,0,0,212256,1816,33,0,0
255683,1857,58,0,3,273445,2194,76,0,0
267012,1737,49,0,0,224596,209,42,0,0
320678,948,53,0,3,312354,1687,75,0,0
315485,660,64,0,1,231160,1808,29,0,0
231905,1128,60,0,3,302366,1932,20,0,0
272999,1791,22,0,1,235070,2510,28,0,0
240262,1576,29,0,3,260988,906,34,0,0
261033,1463,42,0,4,290819,1415,33,0,0
306925,841,35,0,13,293171,2491,47,0,0
299842,909,17,0,1,256447,707,94,0,0
211767,821,41,0,2,252641,790,36,0,0
296793,1101,43,0,2,233842,1151,54,0,0
219921,665,64,0,2,212507,1250,29,0,0
295114,1789,42,0,6,306259,2143,33,0,0
274761,631,41,0,2,219271,700,29,0,0
312577,1461,61,0,5,212161,2620,69,0,0
314476,2442,57,0,7,293752,1509,41,0,0
245835,1942,35,0,0,283031,2073,33,0,0
274194,1320,49,0,2,206117,1737,52,0,0
219144,1799,59,0,1,224286,1016,17,0,0
293659,1072,44,0,0,221525,807,26,0,0
225050,1278,22,0,3,250754,1875,73,0,0
274159,954,40,0,4,231374,1369,159,0,0
271303,429,64,0,1,319586,688,29,0,0
289681,1437,66,0,4,303764,890,42,0,0
304837,763,48,0,0,238864,502,23,0,0
260279,1009,46,0,2,219250,853,112,0,0
215151,985,132,0,3,278163,1615,65,0,0
291349,949,87,0,1,317562,2390,38,0,0
251800,1158,21,0,0,248763,1331,29,0,0
304021,2137,42,0,3,230241,604,118,0,0
294061,259,37,0,0,249274,1505,42,0,0
224832,2305,32,0,4,290740,1454,67,0,0
258050,1281,43,0,5,258602,1759,21,0,0
247658,1553,74,0,4,235283,2557,49,0,0
235989,1911,27,0,0,312546,1099,17,0,0
289980,981,47,0,0,247917,999,47,0,0
255124,697,23,0,2,278144,1308,43,0,0
319658,1043,58,0,4,221713,1219,19,0,0
228827,254,52,0,4,303666,1277,72,0,0
318992,485,73,0,4,310715,130,41,0,0
292152,790,53,0,1,214062,1041,56,0,0
253304,272,65,0,0,259773,913,38,0,0
317307,2187,67,0,4,216129,711,46,0,0
261742,990,77,0,7,217418,858,26,0,0
262637,1683,21,0,13,287922,1674,48,0,0
296263,1362,41,0,0,213313,1642,21,0,0
272422,666,98,0,0,284709,224,49,0,0
313284,857,65,0,0,235435,1150,14,0,0
316260,1153,123,0,13,222888,1686,32,0,0
250522,1648,29,0,2,307508,2171,45,0,0
223241,515,60,0,1,261785,1598,37,0,0
248012,393,70,0,2,265434,770,61,0,0
219372,1604,49,0,4,251242,1374,44,0,0
218549,1207,75,0,2,226923,821,40,0,0
323755,881,61,0,2,305260,1830,68,0,0
279787,752,52,0,1,237032,849,57,0,0
313913,969,24,0,2,319011,1186,36,0,0
247639,2571,22,0,0,221853,2029,16,0,0
272905,1649,60,0,8,219794,790,32,0,0
304912,1972,90,0,9,265180,1043,60,0,0
274983,1641,30,0,4,213322,1813,24,0,0
229450,896,77,0,2,219875,1164,39,0,0
316701,615,26,0,1,242343,1678,52,0,0
324571,1145,29,0,0,319504,1228,56,0,0
315789,1241,74,0,10,222119,1004,24,0,0
221699,933,57,0,3,231712,345,68,0,0
312695,868,74,0,1,250335,1043,33,0,0
229965,1246,59,0,3,316667,509,187,0,0
238807,2593,73,0,4,237502,1645,35,0,0
311405,1538,91,0,2,217861,1172,31,0,0
284502,511,64,0,1,221032,673,63,0,0
266820,1733,31,0,8,258672,1975,42,0,0
234570,2156,44,0,7,309067,1258,34,0,0
324750,1279,34,0,2,247771,1891,51,0,0
259904,784,40,0,3,261380,1006,179,0,0
296065,687,45,0,0,226102,949,29,0,0
295966,433,59,0,10,313064,2373,19,0,0
289316,1562,66,0,1,257773,1158,96,0,0
212517,2192,86,0,4,305127,552,31,0,0
266690,773,79,0,2,263182,1634,47,0,1
273655,792,34,0,2,283573,1153,22,0,0
307956,886,36,0,1,229370,1967,46,0,0
277078,1106,55,0,9,252248,1742,63,0,0
212804,792,58,0,1,268966,697,45,0,0
214164,1001,38,0,3,322485,908,43,0,0
265715,1770,69,0,2,309416,138,72,0,0
220475,723,35,0,2,219393,543,46,0,0
248870,675,25,0,0,274295,1209,45,0,0
218006,1930,50,0,0,210047,2068,73,0,0
301093,1096,46,0,4,276424,2170,35,0,0
324959,189,35,0,0,266204,1308,15,0,0
273825,358,43,0,1,307359,2458,40,0,0
214127,676,23,0,0,216253,1595,54,0,0
314527,1484,21,0,11,287203,820,92,0,0
318958,1075,48,0,7,264735,235,23,0,0
224144,1611,56,0,2,234997,1921,33,0,0
272437,1139,44,0,0,267250,1693,19,0,0
276155,1622,53,0,0,299565,1447,40,0,0
225364,1643,25,0,1,218610,992,70,0,0
253087,2189,38,0,1,222110,635,31,0,0
280464,1801,32,0,14,210822,435,32,0,0
221695,649,30,0,1,265207,1807,22,0,0
303422,805,39,0,0,305627,1045,54,0,0
321430,1010,55,0,0,270197,1211,41,0,0
209316,1780,45,0,3,316807,1061,39,0,0
237149,1855,54,0,0,218207,1304,42,0,0
262146,2145,44,0,2,312115,788,73,0,0
225876,414,30,0,1,298535,1746,61,0,0
218540,2150,84,0,1,317922,1725,55,0,0
291960,1216,41,0,3,322085,1123,26,0,0
215961,966,22,0,5,324416,1990,17,0,0
290341,1091,41,0,6,263258,1329,26,0,0
215908,1611,59,0,1,254317,2105,20,0,0
235660,358,43,0,1,278472,1885,33,0,0
264850,860,95,0,0,299211,576,88,0,0
320020,1163,49,0,0,259298,2429,21,0,0
231257,549,127,0,5,238859,2228,50,0,0
233822,257,56,0,1,288232,1121,92,0,0
288594,700,51,0,0,246441,834,51,0,0
302237,564,41,0,1,293480,1673,35,0,0
232041,618,65,0,1,315643,905,53,0,0
249291,1119,27,0,0,288772,398,42,0,0
299823,883,29,0,4,286683,1065,46,0,0
312092,2159,21,0,7,318736,1155,40,0,0
289175,2533,46,0,6,232025,2225,42,0,0
230455,1555,72,0,0,295573,1489,17,0,0
210882,1833,42,0,1,276334,1196,77,0,0
283435,1817,19,0,4,220584,1398,59,0,0
249889,280,31,0,1,219483,1140,55,0,0
227519,1123,48,0,1,277414,511,47,0,0
289309,1483,44,0,1,306145,1434,96,0,0
271165,1318,17,0,5,280163,925,32,0,0
257968,832,87,0,9,261305,1861,36,0,0
322393,521,49,0,2,216276,1462,89,0,0
260434,1292,35,0,3,264881,2111,25,0,0
210007,1388,30,0,9,208825,698,41,0,0
321202,1789,91,0,2,305214,868,24,0,0
246770,725,46,0,1,319543,271,50,0,0
233825,1255,43,0,3,231794,600,37,0,0
265640,1105,67,0,0,288967,641,83,0,0
267156,116,89,0,3,289289,163,76,0,0
249286,878,37,0,0,228204,2521,62,0,0
277011,603,24,0,3,245095,1650,21,0,0
264704,1160,37,0,1,262648,911,48,0,0
222347,742,34,0,0,324904,1498,35,0,0
299353,1578,36,0,0,294564,1102,84,0,0
311725,1477,72,0,0,305558,452,41,0,0
317381,1364,36,0,1,217262,1947,22,0,1
213574,1832,54,0,0,292651,809,48,0,0
314064,1517,25,0,1,229473,439,43,0,0
212333,766,22,0,0,324832,976,34,0,0
263231,620,64,0,5,244167,620,48,0,0
246211,1087,34,0,1,280530,932,74,0,0
286171,860,42,0,1,214398,2426,19,0,0
299921,1193,46,0,3,235470,1613,57,0,0
313493,1941,44,0,3,271814,2234,75,0,0
222001,1262,14,0,17,210635,1435,26,0,0
326841,535,85,0,3,248912,1808,42,0,0
315268,1604,84,0,1,316946,1552,25,0,0
295576,1560,38,0,0,299037,2108,19,0,0
249543,649,37,0,1,317914,784,104,0,0
294646,879,24,0,0,310054,1955,46,0,0
315726,1968,25,0,1,252067,691,60,0,0
223192,1945,63,0,8,229727,1193,38,0,0
229452,1405,65,0,1,266618,1620,51,0,0
212621,919,14,0,1,244630,2205,22,0,0
253222,451,100,0,7,235713,826,47,0,0
315772,1435,36,0,0,279856,659,29,0,0
303782,914,37,0,0,235175,1655,89,0,0
295492,1293,23,0,6,307495,1749,27,0,0
222562,1338,24,0,2,281102,1845,42,0,0
324758,888,55,0,1,231931,966,87,0,0
262768,1998,58,0,4,311502,1155,57,0,0
277964,1365,130,0,9,210916,1855,91,0,0
302508,201,41,0,3,232956,907,41,0,0
229259,836,35,0,0,218145,1092,24,0,0
243626,1189,37,0,1,240037,2027,20,0,0
331450,1063,40,0,3,248011,1878,23,0,0
216950,1060,48,0,3,319723,1769,50,0,0
307609,1477,78,0,2,270842,856,49,0,0
216331,702,39,0,0,281338,2043,72,0,0
260360,892,31,0,1,324621,996,51,0,0
240833,605,60,0,2,235394,1336,44,0,0
270179,1254,29,0,1,266484,447,61,0,0
285035,1507,30,0,5,220862,915,81,0,0
301489,919,102,0,3,320100,821,99,0,0
271575,1166,35,0,1,323836,793,60,0,0
294003,627,56,0,0,303509,1492,75,0,0
264997,1177,73,0,4,227624,1321,33,0,0
275118,1250,43,0,0,294249,619,47,0,0
255127,1123,17,0,0,255545,481,113,0,0
304140,720,43,0,0,290289,650,45,0,0
324321,1781,31,0,0,234878,847,48,0,0
293475,743,40,0,2,235984,1416,35,0,0
210609,1908,28,0,4,288452,927,65,0,0
332929,1154,42,0,0,233578,772,50,0,0
228354,1180,117,0,0,310284,367,63,0,0
299648,1975,52,0,1,289764,951,43,0,0
295611,1409,38,0,1,225861,1261,78,0,0
270412,933,63,0,7,294823,1476,20,0,0
236292,970,25,0,2,261485,2405,46,0,0
248361,1150,37,0,1,257483,2289,21,0,0
312789,1174,46,0,1,235532,733,71,0,0
269670,1155,58,0,1,274980,929,61,0,0
317059,1126,31,0,1,321670,1158,52,0,0
304948,709,38,0,1,291958,660,51,0,0
210695,670,27,0,0,211614,1131,45,0,0
262477,2544,55,0,1,261762,1125,40,0,0
323219,785,35,0,3,269131,1654,27,0,0
333514,1031,29,0,12,286188,1005,29,0,0
227772,429,29,0,1,322559,130,49,0,0
326787,607,32,0,1,238638,950,103,0,1
291296,634,84,0,2,318212,1186,40,0,0
323794,1586,45,0,2,315605,835,66,0,0
321579,1949,48,0,1,217189,1066,45,0,0
329319,1758,114,0,3,226083,2593,41,0,0
301408,1259,45,0,1,308598,946,28,0,0
219123,1328,62,0,2,316048,657,50,0,0
226094,664,35,0,3,248468,619,61,0,0
327924,956,110,0,2,237608,1807,55,0,0
332418,234,70,0,2,314800,543,69,0,0
212975,611,153,0,2,333775,1252,104,0,0
226405,1667,32,0,3,269320,1407,40,0,0
322383,803,94,0,1,299984,842,38,0,0
217784,1216,26,0,2,229092,1233,45,0,0
323713,1206,46,0,2,244693,554,33,0,0
216908,1942,48,0,3,320849,806,40,0,0
283211,253,44,0,5,316997,1627,30,0,0
305425,587,51,0,7,252999,803,41,0,0
269008,1455,71,0,1,278668,668,25,0,0
222030,588,56,0,1,296371,1673,30,0,0
334281,642,34,0,2,210927,920,21,0,0
298629,1230,54,0,2,307204,2416,73,0,0
256602,997,21,0,1,280053,799,75,0,0
325356,1895,20,0,4,260190,1122,32,0,0
216431,1101,89,0,3,271956,1308,54,0,0
317998,1951,26,0,3,321500,1079,16,0,0
213039,1248,31,0,0,269298,1711,68,0,0
316195,2252,47,0,4,266465,1103,57,0,0
210619,1275,53,0,2,317480,1741,26,0,0
249997,1242,35,0,5,324743,2269,27,0,0
301364,1194,47,0,1,299335,1770,34,0,0
246261,2512,36,0,1,209326,2278,23,0,0
262612,505,36,0,1,248260,1032,32,0,0
325963,1676,32,0,2,259177,1879,22,0,0
261642,999,32,0,2,320675,842,50,0,0
301615,804,86,0,1,270845,760,68,0,0
255192,417,44,0,2,216177,1525,52,0,0
290413,460,71,0,2,284658,1404,29,0,0
305696,1751,44,0,6,308342,1099,34,0,0
218415,429,49,0,3,224109,610,56,0,0
217467,1418,53,0,1,328988,1301,32,0,0
301924,1552,21,0,12,288448,472,53,0,0
218280,376,34,0,1,289299,539,42,0,0
258903,1680,34,0,2,257202,674,86,0,0
222699,877,29,0,0,248524,1195,33,0,0
211775,1350,41,0,1,281506,2081,32,0,0
320405,1129,47,0,11,301758,1075,47,0,0
292246,1408,43,0,2,313506,1198,99,0,0
291145,1624,52,0,0,235554,834,48,0,0
289579,1128,39,0,2,235253,1485,66,0,0
215568,1667,35,0,1,282594,1977,43,0,0
261944,547,44,0,3,310854,748,28,0,1
274242,847,11,0,4,246317,1228,19,0,0
215032,644,38,0,0,310030,1370,43,0,0
232533,1068,16,0,0,226519,1121,80,0,0
247371,1157,239,0,1,257015,722,49,0,0
273699,892,52,0,1,244404,214,38,0,0
255015,208,42,0,4,218230,1780,74,0,0
325395,864,38,0,5,250924,1069,15,0,0
309808,841,64,0,1,211621,378,51,0,0
327055,1116,38,0,2,250842,2111,21,0,0
324751,1125,26,0,1,293971,1537,49,0,0
300956,1993,68,0,1,228716,987,33,0,0
307559,1846,19,0,1,231132,1197,106,0,0
304949,1359,29,0,3,327545,1356,62,0,0
328689,1703,35,0,0,324604,872,27,0,0
219630,942,27,0,3,214971,1484,40,0,0
287861,1627,45,0,0,314668,120,24,0,0
325200,1440,44,0,3,291014,2487,56,0,0
280279,339,74,0,5,212662,2173,57,0,0
225464,1155,23,0,1,284085,1189,31,0,0
330334,271,82,0,10,311857,635,24,0,0
268536,1806,30,0,0,319411,1252,44,0,0
249147,1642,34,0,0,307896,438,46,0,0
300900,1154,46,0,0,303119,1365,24,0,0
289207,164,52,0,0,276207,730,43,0,0
244548,1345,43,0,0,318674,656,24,0,0
242510,1347,122,0,0,329159,2107,29,0,0
286415,706,62,0,0,223780,872,20,0,0
211110,1536,21,0,2,315623,133,41,0,0
266506,1158,39,0,1,242738,638,49,0,0
253602,999,60,0,1,224307,1855,38,0,0
328562,879,56,0,6,265175,1672,41,0,1
260102,2380,51,0,1,229831,1188,57,0,0
310417,1906,26,0,11,234351,669,85,0,0
230634,1402,82,0,0,271271,687,42,0,0
298101,2570,30,0,3,246897,1313,21,0,0
257736,1291,39,0,2,301648,392,63,0,0
215821,815,42,0,1,324873,2087,22,0,0
217879,608,34,0,4,243069,2053,38,0,0
277175,2251,31,0,6,307709,447,73,0,0
261548,723,42,0,2,259806,1197,17,0,0
264374,943,52,0,6,274543,611,159,0,0
243656,436,41,0,0,330602,1843,30,0,0
334644,1250,30,0,1,293276,849,24,0,0
240360,889,25,0,9,332364,1360,23,0,0
254143,1718,49,0,4,314778,1082,68,0,0
311310,901,69,0,4,290550,423,96,0,0
316616,1183,56,0,0,212221,979,44,0,0
295612,958,52,0,3,334181,1986,40,0,0
231741,800,30,0,2,262647,1567,54,0,0
260500,1790,42,0,1,274390,2456,63,0,0
278895,2176,90,0,3,270502,674,42,0,0
281131,932,47,0,2,320393,1581,185,0,0
270441,937,74,0,4,297729,2140,71,0,0
253241,1581,38,0,1,336273,1587,36,0,0
261692,938,30,0,0,322045,2382,30,0,0
300830,1381,51,0,6,315328,1024,66,0,0
282894,987,72,0,4,308704,1986,39,0,0
279806,2019,32,0,1,291053,1168,58,0,0
241455,789,65,0,1,270638,1036,51,0,0
224901,341,31,0,7,291129,1147,29,0,0
285713,1111,24,0,7,300037,560,42,0,0
212451,1148,72,0,2,216017,1172,51,0,0
317153,483,64,0,1,322467,2231,41,0,0
339082,1410,15,0,2,265042,1362,57,0,0
222366,1224,28,0,3,337685,1697,32,0,0
288598,636,36,0,1,238811,912,63,0,0
259085,712,38,0,1,208361,843,54,0,0
224876,1580,50,0,2,238374,658,70,0,0
234535,2189,42,0,0,248780,1496,51,0,0
256685,702,29,0,0,262852,1063,34,0,0
251587,1428,23,0,1,311440,967,53,0,0
227474,2238,46,0,4,284330,1548,30,0,0
271978,244,32,0,3,319838,1675,21,0,0
328268,1499,82,0,3,303183,2029,24,0,1
311597,1881,42,0,3,273427,526,45,0,0
236243,1942,50,0,5,326027,979,41,0,0
243305,225,76,0,3,258450,1061,117,0,0
278028,940,39,0,1,263627,1651,35,0,0
288992,1162,81,0,2,253412,1045,55,0,0
307311,890,46,0,4,272886,1348,75,0,0
333945,1219,53,0,2,264516,837,49,0,0
289020,1661,37,0,1,329951,1095,28,0,0
272795,800,61,0,1,320660,600,49,0,0
329008,682,62,0,1,253720,1293,92,0,0
315066,1173,40,0,1,278295,1757,12,0,0
249962,1643,46,0,5,299694,1516,30,0,0
271463,803,45,0,3,215166,809,33,0,0
316654,1696,128,0,1,213562,1941,30,0,0
340775,1465,46,0,6,322374,1693,69,0,0
223327,887,84,0,4,333584,1313,13,0,0
211597,2012,28,0,1,223162,646,34,0,0
332734,601,63,0,4,240225,824,53,0,0
260667,2680,21,0,1,334229,706,41,0,0
257387,2174,55,0,0,289445,2594,45,0,0
295544,657,37,0,5,228854,938,55,0,0
235708,2088,77,0,0,260231,2199,38,0,0
308759,1108,45,0,0,243402,1425,41,0,0
274611,1764,55,0,1,293735,1186,38,0,1
270323,767,49,0,1,302105,1502,32,0,0
233807,509,66,0,3,277386,380,23,0,0
258726,923,28,0,1,300982,1028,19,0,0
293170,1582,38,0,1,236144,818,46,0,0
338644,410,34,0,2,240965,603,50,0,0
225480,268,32,0,1,331976,567,88,0,0
230855,505,38,0,4,308982,215,40,0,0
228594,1026,49,0,3,307057,372,74,0,0
278542,1696,97,0,1,320034,1205,82,0,0
232536,1091,56,0,1,219227,626,31,0,0
270064,1666,64,0,1,265089,2197,63,0,0
307567,1774,17,0,0,246435,974,56,0,0
239600,571,34,0,3,228491,1675,45,0,0
254761,2430,31,0,1,215762,1044,34,0,0
268629,1175,43,0,0,301092,956,56,0,0
286822,1192,69,0,4,308797,941,28,0,0
271522,1007,64,0,2,217052,1731,35,0,0
225712,364,81,0,3,223544,607,42,0,0
336661,1228,56,0,1,233417,1590,38,0,0
228257,1137,31,0,6,280532,1328,63,0,0
211725,1731,23,0,3,324925,886,69,0,0
214832,844,47,0,2,215039,687,56,0,0
344296,969,23,0,0,268928,729,60,0,0
222967,503,43,0,2,314816,1297,29,0,0
264210,916,48,0,0,289653,1327,21,0,0
324467,742,55,0,3,257683,1085,30,0,0
248788,1663,56,0,2,296483,1112,29,0,0
230731,880,78,0,1,293455,926,40,0,0
226284,1685,40,0,1,305167,1387,44,0,0
322650,1332,32,0,5,260626,1164,32,0,0
306124,1544,38,0,1,211792,268,80,0,0
340211,1008,17,0,0,266732,1340,25,0,0
341079,375,29,0,2,310193,138,238,0,0
288176,2572,41,0,1,271295,1400,50,0,0
293246,1264,45,0,2,212509,2374,24,0,0
228894,1265,59,0,1,312350,1658,53,0,0
284045,1945,47,0,0,296067,501,95,0,0
220988,1388,44,0,1,226888,838,105,0,0
233855,1585,42,0,1,271530,1793,38,0,0
314570,1076,28,0,2,338728,969,60,0,0
301647,1182,42,0,2,277611,1475,51,0,0
290182,260,71,0,0,258838,904,21,0,0
326781,1220,25,0,1,333412,1353,41,0,0
310281,744,20,0,2,263891,1461,56,0,0
225217,1820,26,0,0,296763,1575,44,0,0
208939,450,45,0,3,225116,595,25,0,0
230432,1018,24,0,1,329561,1401,80,0,0
220445,133,50,0,0,312405,1159,92,0,0
298406,1178,45,0,0,304372,1856,39,0,0
281975,975,53,0,2,338498,1130,41,0,0
297817,1937,61,0,1,278935,831,222,0,0
209169,1711,35,0,2,292153,814,53,0,0
225271,1174,85,0,2,277476,2277,25,0,0
306861,1285,40,0,0,338913,954,59,0,0
272215,793,39,0,3,226791,1889,32,0,0
323638,526,70,0,2,326585,841,48,0,0
245028,1034,61,0,0,339005,1168,48,0,0
324708,1172,26,0,1,240803,2529,14,0,0
262872,681,86,0,9,296351,549,51,0,0
211620,1551,22,0,5,220322,975,55,0,0
290518,1139,46,0,2,230268,905,35,0,0
287169,1380,57,0,2,292346,465,58,0,0
225314,2138,52,0,1,316919,953,61,0,0
264977,785,39,0,1,242991,2092,56,0,0
239112,973,30,0,3,297901,1335,48,0,0
326097,1608,45,0,1,214564,1289,19,0,0
271156,1154,75,0,0,335792,1965,57,0,0
306472,913,22,0,1,252745,170,73,0,0
234530,1609,63,0,4,347115,1189,33,0,0
330273,638,62,0,4,252671,1643,55,0,0
248180,1264,26,0,1,325701,848,37,0,0
298297,574,35,0,3,307274,1236,36,0,0
297328,285,77,0,0,244460,2692,42,0,0
247980,390,17,0,7,260548,1005,64,0,0
301681,1857,60,0,0,221081,1156,48,0,0
213876,195,28,0,3,295788,1128,66,0,0
262362,711,48,0,0,331283,1012,34,0,0
245081,1160,47,0,1,291414,2544,49,0,0
276653,1533,53,0,2,341255,2111,40,0,0
264883,965,36,0,2,281114,1334,31,0,0
250741,838,33,0,6,238475,575,88,0,0
236158,1718,22,0,5,288874,2162,90,0,0
220295,882,43,0,1,302493,659,39,0,0
343669,1527,33,0,4,291356,2231,30,0,0
310943,1539,32,0,0,250701,1006,18,0,0
219877,774,54,0,3,307835,1679,53,0,0
252778,419,50,0,0,334578,1662,127,0,0
212338,1351,19,0,2,326691,784,37,0,0
217118,1384,23,0,1,283795,675,61,0,0
217834,1165,36,0,4,254468,566,60,0,0
329211,2116,33,0,1,220173,281,29,0,0
271525,477,67,0,1,249054,1268,87,0,0
326535,733,61,0,7,309595,1622,43,0,0
234645,648,43,0,1,224764,382,46,0,0
244170,834,17,0,5,262002,1037,22,0,0
219547,1866,40,0,2,216269,852,22,0,0
324001,1386,41,0,1,318578,1890,68,0,0
284397,823,42,0,2,290938,1120,70,0,0
298866,1084,25,0,6,242863,1118,58,0,0
332893,1697,14,0,3,320182,938,45,0,0
343420,1041,16,0,4,286748,464,52,0,0
298485,1741,60,0,6,328185,679,59,0,0
245135,1821,47,0,5,315898,2027,32,0,0
297065,1469,31,0,4,307823,2098,78,0,0
257228,1567,94,0,2,344334,2263,47,0,0
302682,1185,24,0,3,280432,1874,26,0,0
231490,456,50,0,1,237100,1356,17,0,0
297275,895,56,0,1,310235,2608,38,0,0
246862,921,45,0,1,319881,1669,34,0,0
269463,1709,32,0,0,229982,2056,43,0,0
294120,1023,57,0,3,336678,704,38,0,0
293495,1613,43,0,0,216125,1287,45,0,0
274547,1864,55,0,18,255443,1024,49,0,0
275262,2057,40,0,1,251834,531,39,0,0
288529,1514,50,0,0,308641,665,55,0,0
262113,1467,35,0,0,301802,1038,21,0,0
285846,559,108,0,1,220623,1589,96,0,0
340137,2370,74,0,0,227262,825,30,0,0
288458,415,67,0,3,215123,1571,15,0,0
291689,790,66,0,2,267175,413,58,0,0
250945,996,69,0,1,343033,1488,68,0,0
347365,1331,63,0,0,223097,1182,35,0,0
269590,392,51,0,1,342500,2493,33,0,0
333119,1427,21,0,2,304827,1464,47,0,0
303238,694,46,0,0,337005,790,17,0,0
317506,1060,37,0,3,279628,989,43,0,0
223073,949,90,0,0,329881,677,36,0,0
339539,1105,33,0,2,291729,1370,27,0,0
242287,459,26,0,11,299469,717,86,0,0
215923,1071,57,0,3,342586,600,35,0,0
347704,722,35,0,6,278648,815,56,0,0
257527,1241,131,0,4,253571,741,62,0,0
301797,1629,45,0,0,312119,546,38,0,0
308445,920,41,0,1,343838,319,23,0,0
299123,261,55,0,6,316010,1829,29,0,0
218791,632,74,0,3,267047,843,31,0,0
286474,2183,15,0,4,282838,2105,35,0,0
281021,1601,90,0,0,309384,1326,19,0,0
286402,667,79,0,1,330507,562,85,0,1
243575,1439,25,0,0,307136,1760,52,0,0
221440,2506,47,0,2,217559,2185,52,0,0
251164,1681,81,0,7,279431,864,57,0,0
294975,363,104,0,4,302816,428,45,0,0
286324,1560,50,0,1,349945,1216,58,0,0
268097,717,108,0,4,327170,916,25,0,0
300482,1332,57,0,3,334371,1742,46,0,0
269164,888,17,0,4,336599,1461,47,0,0
219932,1138,49,0,1,211151,523,33,0,0
299645,1257,21,0,0,282881,1404,54,0,0
339840,632,35,0,11,274165,1712,22,0,0
301498,1308,54,0,2,301438,2438,43,0,0
336289,1778,25,0,2,340473,846,61,0,0
229966,1432,39,0,0,277331,473,25,0,0
322939,1738,53,0,1,298573,1713,30,0,0
222587,830,40,0,1,278752,972,48,0,0
211268,2147,59,0,1,281589,770,54,0,0
335576,661,30,0,1,335668,1751,29,0,0
291126,749,70,0,2,306701,1167,27,0,0
340344,1687,39,0,4,349558,1126,76,0,0
279004,1196,83,0,5,259495,1084,28,0,0
331355,883,39,0,3,280648,1772,37,0,0
230025,603,43,0,3,347935,1665,34,0,0
222798,2203,121,0,0,296765,1363,20,0,0
247766,1791,26,0,3,242089,2076,35,0,0
256703,1734,31,0,3,287455,999,71,0,0
303713,832,56,0,5,310741,953,55,0,0
320436,200,59,0,1,327789,1227,32,0,0
222911,665,16,0,1,228651,1132,46,0,0
312594,261,49,0,3,305500,648,39,0,0
312854,1397,76,0,2,213019,1120,38,0,0
289116,1384,32,0,1,298711,1850,27,0,0
238266,663,47,0,4,259654,1584,48,0,0
229760,840,66,0,2,305114,2184,39,0,0
232521,446,25,0,3,334047,1395,57,0,0
242815,687,61,0,4,344732,1161,59,0,0
334866,1808,76,0,1,287824,1519,58,0,0
331925,2391,55,0,3,237836,818,39,0,0
318957,1179,32,0,0,262460,541,81,0,0
327027,1161,30,0,1,322043,1552,32,0,0
216890,978,42,0,1,263796,1364,39,0,0
343568,1453,43,0,1,313582,1524,57,0,1
217126,1692,33,0,1,222479,1537,25,0,0
254990,1741,12,0,0,338440,845,37,0,0
236108,862,34,0,2,257987,1833,59,0,0
322904,982,18,0,3,332317,192,48,0,0
354147,1379,38,0,3,221690,954,29,0,0
303169,978,50,0,0,344046,1380,54,0,0
230896,1568,46,0,2,340835,1137,48,0,0
298665,1070,33,0,1,292079,1643,58,0,0
309343,837,60,0,0,317865,616,31,0,0
274157,668,28,0,2,321541,1848,42,0,0
221123,1089,38,0,1,327717,1054,47,0,0
280829,819,75,0,1,276865,1556,29,0,0
290333,1370,48,0,2,308097,1005,43,0,0
224932,1689,54,0,0,289750,834,53,0,0
311239,1877,49,0,14,335420,2176,46,0,0
348483,1535,91,0,4,305080,1480,45,0,0
301940,1771,41,0,2,229303,234,46,0,0
324236,1193,41,0,2,301603,1065,80,0,0
216032,338,40,0,1,273803,1550,36,0,0
300733,1380,46,0,9,222793,878,62,0,0
269343,937,57,0,1,277721,653,74,0,0
253433,1116,57,0,2,320669,1356,58,0,0
307214,1590,69,0,4,322631,1638,41,0,0
348951,1070,42,0,6,315205,949,63,0,0
237780,874,59,0,1,229071,1042,26,0,0
251398,1268,70,0,2,236164,1490,23,0,0
341863,2233,46,0,0,354741,1541,37,0,0
270555,1404,53,0,1,225044,1039,41,0,0
293644,672,25,0,0,286221,896,61,0,0
218356,729,43,0,14,218474,858,62,0,0
311535,707,45,0,2,328692,984,33,0,0
224798,823,19,0,2,217296,382,79,0,0
288412,980,27,0,0,322350,2488,40,0,0
314945,1522,25,0,1,231891,661,98,0,0
276210,1465,57,0,2,295034,1210,33,0,0
324303,1320,29,0,1,279667,623,35,0,0
309570,1279,33,0,0,304901,1326,39,0,0
250765,1584,25,0,0,260685,932,37,0,0
302222,1854,48,0,2,270599,964,97,0,0
357699,1393,28,0,2,306912,595,51,0,0
324240,601,32,0,3,328251,838,25,0,0
291649,2076,56,0,1,222238,1599,20,0,0
332079,1575,84,0,4,334340,1091,46,0,0
261141,1213,23,0,2,232222,997,38,0,0
251460,1351,28,0,1,314199,1277,34,0,0
228786,1181,50,0,2,217394,799,60,0,0
224723,834,61,0,0,279792,337,65,0,0
337342,1251,20,0,1,245761,341,45,0,0
251542,1312,25,0,5,304395,830,18,0,0
288358,948,49,0,5,252093,1874,35,0,0
349962,1171,53,0,0,327779,634,15,0,0
234014,1320,88,0,2,286872,404,29,0,0
244596,848,60,0,2,231194,1091,31,0,0
347016,1010,43,0,2,307794,1949,16,0,0
311607,563,51,0,10,269697,1834,48,0,0
300792,856,65,0,1,225117,1287,26,0,0
296912,801,24,0,1,340272,1067,32,0,0
358393,1655,47,0,6,282495,1032,22,0,0
343311,1046,57,0,4,327342,842,36,0,0
240606,1259,25,0,1,235236,345,27,0,0
225512,1278,37,0,1,285724,1252,54,0,0
305907,1093,23,0,3,314907,1805,49,0,0
283481,1299,49,0,2,352153,1631,24,0,0
278327,914,23,0,3,307681,1105,56,0,0
219642,978,77,0,2,254945,1330,56,0,0
246530,1002,24,0,1,327437,1282,51,0,0
224233,1588,63,0,1,313154,1094,27,0,1
335092,1293,54,0,1,313632,771,62,0,0
270039,488,57,0,6,345944,1517,24,0,0
253906,448,46,0,3,248571,1218,26,0,0
298750,1176,27,0,2,277712,1292,48,0,2
332293,532,40,0,0,269950,1405,43,0,0
311014,1298,18,0,2,234732,785,55,0,0
313567,1251,29,0,0,237036,930,50,0,0
283335,968,38,0,3,223803,1306,44,0,1
267259,1360,43,0,0,245277,1467,54,0,0
244511,1790,75,0,7,305718,1117,44,0,0
287581,674,44,0,1,235057,617,17,0,0
275339,2271,37,0,1,233664,1158,48,0,0
354186,478,58,0,0,319182,330,25,0,0
356270,1564,28,0,2,228395,914,43,0,0
335198,1925,73,0,8,269283,1505,55,0,0
302409,2017,62,0,6,260759,1011,83,0,0
276189,914,51,0,2,316034,1374,59,0,0
320304,2406,45,0,1,260621,558,43,0,0
230147,1954,40,0,1,335124,391,47,0,0
314143,1613,34,0,3,237038,1301,48,0,0
238566,985,64,0,0,298078,1176,56,0,0
296703,100,45,0,3,227527,994,32,0,0
232239,603,40,0,4,298192,2539,66,0,0
244392,1682,47,0,2,232433,1496,38,0,1
268357,190,23,0,0,308001,1620,46,0,0
246896,519,40,0,1,224451,1518,82,0,0
243972,108,72,0,0,329176,1380,72,0,0
320464,902,58,0,2,324419,1167,60,0,0
291484,1195,84,0,1,334334,1616,37,0,0
307722,1216,40,0,1,294740,1910,32,0,0
305720,1656,56,0,5,360514,538,31,0,0
225528,970,43,0,2,345585,492,59,0,0
343441,945,22,0,8,251854,698,66,0,0
354403,321,32,0,0,292457,1356,46,0,0
303677,622,35,0,5,286045,877,46,0,0
265970,1431,33,0,2,247001,1143,82,0,0
339848,918,27,0,7,291791,1529,37,0,0
247332,1032,74,0,6,355150,1194,44,0,0
311289,1194,58,0,2,343745,1950,57,0,0
237887,1509,44,0,1,274705,1905,31,0,0
291142,1229,56,0,3,270271,643,83,0,0
344348,1469,33,0,1,358534,1181,63,0,0
222287,1495,37,0,1,357466,663,52,0,0
350819,357,78,0,2,291749,1053,67,0,0
287757,2164,21,0,3,358320,635,91,0,0
360972,1412,46,0,1,245278,475,38,0,0
224511,1108,35,0,2,242386,1580,38,0,0
264873,1195,47,0,6,238881,1447,48,0,0
287016,680,85,0,3,252340,1170,26,0,0
289450,387,25,0,1,333807,895,39,0,0
357237,2547,31,0,2,259576,1998,39,0,0
339281,601,51,0,1,343193,637,44,0,0
228961,622,50,0,2,270597,1389,29,0,0
309130,2129,22,0,7,249243,1103,38,0,0
268041,1508,32,0,2,320152,1647,46,0,0
243677,1163,28,0,1,253820,493,24,0,0
224682,1041,42,0,1,296913,941,65,0,0
286549,1045,45,0,0,258479,1754,17,0,0
222420,1360,57,0,1,247031,1017,44,0,0
306146,2151,61,0,2,235129,2265,18,0,0
344232,1270,25,0,2,337451,968,21,0,0
228388,1517,37,0,1,301524,2335,68,0,0
237704,1289,55,0,0,305061,2127,38,0,0
294888,284,56,0,4,312504,759,52,0,0
342839,224,60,0,1,270766,1524,27,0,0
224664,1926,37,0,0,245662,2335,32,0,0
355464,1029,90,0,1,272990,1030,40,0,0
263461,865,56,0,1,325297,1261,42,0,0
273225,213,68,0,1,302489,1364,41,0,0
290160,845,126,0,16,260477,1671,39,0,0
292203,994,17,0,0,290820,1078,41,0,0
229595,1668,88,0,0,239098,1243,67,0,0
349567,1892,29,0,0,344999,1080,34,0,0
331629,1061,46,0,0,237599,1398,151,0,0
252218,723,39,0,0,335623,2128,34,0,0
288669,1841,41,0,3,222728,1729,31,0,0
301790,1371,81,0,2,273335,1036,41,0,0
286671,582,105,0,4,298287,1654,34,0,0
235178,1967,27,0,3,338324,374,89,0,0
258580,1024,25,0,0,348168,1608,29,0,0
254562,982,29,0,4,246744,328,111,0,0
239131,1292,43,0,0,248953,1323,44,0,0
240745,1603,55,0,7,311265,701,31,0,0
228643,1071,41,0,3,225145,2240,33,0,0
346406,1124,61,0,0,270031,1739,60,0,0
222362,921,41,0,0,231570,805,86,0,0
291177,767,28,0,5,320966,805,69,0,0
362363,1070,22,0,1,340486,1692,62,0,0
319630,1101,39,0,2,289439,2269,31,0,0
236832,408,36,0,6,309623,348,52,0,0
349469,445,41,0,0,290659,930,36,0,0
334657,1057,21,0,15,295350,492,47,0,0
327424,1100,55,0,2,253409,1662,47,0,0
351613,1523,34,0,2,330092,1323,61,0,0
255204,488,26,0,1,304235,1414,57,0,0
239266,1022,54,0,5,232346,1264,21,0,0
309455,1679,39,0,0,240151,2162,33,0,0
292491,724,54,0,1,263285,2253,50,0,1
340016,1948,55,0,1,312465,892,67,0,0
306398,856,82,0,1,300031,967,44,0,0
236151,1110,56,0,6,347340,1274,50,0,0
310996,969,82,0,6,235864,1491,61,0,0
237636,866,40,0,0,295597,1387,61,0,0
339518,1008,24,0,9,268586,1716,40,0,0
303514,1292,97,0,3,323214,2010,83,0,0
320910,2180,81,0,4,332503,1511,42,0,0
252737,1390,61,0,2,224818,1754,44,0,0
273425,958,44,0,1,239813,784,34,0,0
278039,1491,35,0,1,276351,748,48,0,0
361976,1666,55,0,0,266849,907,59,0,0
260371,545,34,0,1,266984,816,28,0,0
307963,1502,11,0,2,323991,770,50,0,0
230496,962,81,0,2,223342,1642,35,0,0
339582,557,76,0,1,343345,574,33,0,0
255921,888,31,0,2,339735,1068,72,0,0
360724,1594,47,0,0,234153,1376,78,0,0
253578,421,72,0,1,231349,772,21,0,0
354450,1492,32,0,3,333496,1215,44,0,0
337103,2446,23,0,1,303391,870,63,0,0
321230,1208,61,0,1,295058,2281,39,0,0
244021,882,48,0,3,280749,728,25,0,0
226600,2287,21,0,2,338330,1512,44,0,0
286550,874,48,0,3,258687,1392,91,0,0
256251,1887,30,0,5,267003,1750,53,0,0
341017,688,66,0,3,236978,1297,48,0,0
317321,486,20,0,1,226904,1260,23,0,0
331265,1107,23,0,5,298851,1507,29,0,0
235439,1011,34,0,0,227999,1511,16,0,0
240408,833,40,0,3,305171,968,59,0,0
291489,558,117,0,0,318104,1378,18,0,0
250952,954,68,0,7,364694,1281,14,0,0
336858,1472,41,0,1,336251,811,132,0,0
300975,1004,38,0,6,235524,1997,33,0,0
344836,1335,25,0,2,270778,1878,35,0,0
305915,1333,34,0,1,307955,196,37,0,0
275733,1030,52,0,1,240255,2126,60,0,0
344837,1067,27,0,1,314345,1149,55,0,0
227077,2193,21,0,0,270272,351,54,0,0
287647,1328,87,0,3,364777,1750,100,0,0
334717,1396,19,0,1,317182,740,27,0,0
226662,1921,52,0,2,291874,289,81,0,1
281442,1397,47,0,0,233294,990,14,0,0
258457,1613,44,0,3,297212,776,84,0,0
268416,649,59,0,3,289766,1767,22,0,0
276960,1937,95,0,0,328160,793,20,0,0
251794,1491,53,0,4,301963,1159,23,0,0
307008,529,27,0,1,347990,1369,83,0,1
265564,2196,35,0,0,301175,1917,59,0,0
362110,1515,37,0,0,244969,1909,82,0,0
308416,583,22,0,0,271780,1312,334,0,0
341120,1977,43,0,2,298904,2147,54,0,0
310787,627,55,0,1,307386,2513,23,0,0
238011,1181,69,0,0,337144,1170,41,0,0
325800,1944,69,0,0,325111,1389,49,0,0
330528,1366,40,0,1,363898,989,60,0,0
237006,822,39,0,0,301391,729,41,0,0
259165,622,57,0,4,330702,2004,54,0,0
358680,671,52,0,1,361426,587,50,0,0
354673,1828,28,0,0,364352,590,78,0,0
325515,1636,59,0,1,261877,1305,105,0,0
302532,2407,59,0,2,317298,1076,56,0,1
302240,1239,25,0,4,308193,1191,34,0,1
344089,1668,79,0,2,277938,516,20,0,0
237497,518,52,0,1,281225,995,51,0,0
317546,1693,68,0,1,229506,1197,21,0,0
355477,869,87,0,3,289816,1414,49,0,0
317829,2589,29,0,1,244715,2161,28,0,0
345274,769,17,0,5,359944,1181,22,0,0
272708,881,17,0,0,352688,546,38,0,0
341664,590,25,0,0,306418,1096,51,0,0
322810,1747,27,0,1,316881,716,61,0,0
267509,891,42,0,1,230989,1090,82,0,0
335693,474,23,0,4,332545,826,29,0,0
310460,1630,97,0,1,347323,1656,19,0,0
294065,1740,39,0,0,298241,1069,40,0,0
346761,1205,47,0,1,277349,568,23,0,0
296245,1328,41,0,7,318935,516,40,0,0
249870,986,34,0,3,297537,170,32,0,0
303517,1341,27,0,0,263782,1068,64,0,0
270496,1643,45,0,4,339355,705,61,0,0
343386,1555,21,0,0,262891,1193,44,0,0
290855,643,51,0,1,244944,1466,53,0,0
239672,2260,33,0,0,248902,942,104,0,0
315640,1061,44,0,1,285678,672,20,0,0
333930,1353,58,0,2,255599,997,37,0,0
230074,1187,21,0,1,363807,592,75,0,0
256471,426,39,0,2,363089,905,43,0,0
240961,883,47,0,7,303244,1827,34,0,0
276431,1571,220,0,0,289685,1917,73,0,0
271260,222,38,0,2,262052,191,75,0,0
363960,1142,30,0,3,276097,866,42,0,0
256123,343,25,0,2,297617,443,60,0,0
358692,1162,58,0,1,336777,1103,16,0,0
337126,679,58,0,2,307388,1678,52,0,0
305396,1115,24,0,3,357371,1715,74,0,0
267441,1048,52,0,2,258739,986,66,0,0
273104,1941,26,0,2,320448,616,17,0,0
305592,1062,58,0,8,334523,1806,29,0,0
359641,436,59,0,1,291400,901,52,0,1
246096,2222,39,0,3,236138,885,15,0,1
291256,470,19,0,2,247580,2156,22,0,0
355423,759,47,0,1,309851,1593,54,0,0
277753,816,94,0,3,302553,1493,62,0,0
246542,1712,43,0,2,289366,911,41,0,0
339809,2043,64,0,1,235798,1110,43,0,0
348852,1130,83,0,3,277788,1609,37,0,0
331188,1121,26,0,1,232350,1886,32,0,0
329539,723,60,0,0,258787,1728,86,0,0
315650,661,39,0,1,272099,446,44,0,0
274708,729,29,0,7,273650,1520,58,0,0
348876,948,27,0,1,311798,1321,26,0,0
321535,977,29,0,1,359955,1597,20,0,0
247928,927,23,0,13,347678,1484,34,0,0
311191,979,33,0,7,308820,2125,41,0,0
234066,1336,61,0,1,272923,1831,34,0,0
236569,957,33,0,3,266977,1028,25,0,0
268978,609,76,0,2,360610,452,85,0,0
301740,678,43,0,1,286481,1748,62,0,0
363687,1279,49,0,2,349909,1176,39,0,0
347448,1670,32,0,1,355056,1625,53,0,0
281006,1189,37,0,1,275706,1539,49,0,0
289536,1913,55,0,2,263000,1754,60,0,0
237758,1330,40,0,1,311065,1170,32,0,0
251301,1246,62,0,0,256835,1660,79,0,0
321441,147,45,0,1,320505,853,43,0,0
264589,1361,52,0,0,251725,1464,48,0,0
330530,324,46,0,1,294723,1540,57,0,0
342376,1667,16,0,1,273649,992,59,0,0
320463,675,27,0,2,302832,1708,37,0,0
276245,1054,36,0,1,271737,1836,90,0,0
362195,339,58,0,5,341440,2507,52,0,0
338409,659,60,0,0,361432,1792,39,0,0
261826,275,53,0,3,341783,380,55,0,0
313268,932,38,0,0,360378,2240,67,0,0
314704,1007,42,0,1,250891,2469,35,0,0
237738,367,29,0,2,339825,833,33,0,0
257974,1828,40,0,6,251853,1060,29,0,0
304167,1621,58,0,4,362371,1401,28,0,0
346186,714,50,0,1,263551,698,36,0,0
311426,834,71,0,2,362194,1140,51,0,1
359172,1054,68,0,2,248783,2159,57,0,0
239159,2372,36,0,6,288730,762,42,0,0
259537,1869,89,0,1,340823,740,47,0,0
349523,2095,103,0,3,238902,880,47,0,0
349867,940,38,0,3,242949,2161,37,0,0
267727,1146,42,0,0,285248,1470,68,0,0
266895,429,83,0,1,241022,1129,61,0,0
318855,877,34,0,1,329564,1530,40,0,0
358815,2019,38,0,1,319106,708,85,0,0
283051,1725,52,0,3,342240,619,41,0,0
349328,533,46,0,1,336084,220,38,0,0
358170,1168,48,0,0,244547,1430,34,0,0
294678,1386,15,0,2,325298,971,16,0,1
298097,1610,37,0,1,325481,409,92,0,0
319679,1161,100,0,3,297927,1691,72,0,0
365135,1690,34,0,2,245266,1793,34,0,1
235778,1635,36,0,1,360165,1606,41,0,0
310774,889,44,0,2,21590433,653,62,0,0
336061,1005,29,0,6,288388,934,37,0,0
339333,948,76,0,1,303501,1323,135,0,0
21591022,1939,29,0,0,262467,1695,42,0,0
291330,254,95,0,5,288522,2063,38,0,0
333700,2198,43,0,1,334005,1144,59,0,1
347461,1381,84,0,1,317547,863,23,0,0
360770,1962,83,0,1,316083,181,28,0,0
269856,1452,61,0,2,262677,615,34,0,0
304462,879,38,0,3,307035,1245,43,0,0
327182,679,27,0,0,21590952,880,58,0,0
360853,495,40,0,1,238182,868,49,0,0
350905,1128,16,0,3,277346,486,71,0,0
265331,910,13,0,2,309119,1676,32,0,0
21592558,960,31,0,1,268671,801,48,0,1
239464,737,26,0,0,284006,1340,62,0,0
319879,584,37,0,1,316505,1026,48,0,0
301600,1579,59,0,3,354538,797,90,0,0
365787,2153,18,0,2,347240,2281,20,0,0
302740,1184,40,0,1,291564,1433,50,0,0
362147,972,28,0,0,252212,1319,39,0,0
251894,699,61,0,0,271757,2408,70,0,0
250718,1180,47,0,1,289743,1535,30,0,1
290027,1391,69,0,0,314316,1632,46,0,0
288759,1388,78,0,2,321231,1200,106,0,0
290339,1505,52,0,4,21590298,555,25,0,0
265986,1227,62,0,5,21589559,1152,37,0,0
364826,1643,19,0,1,332089,1187,37,0,0
21591559,1099,68,0,1,277635,958,26,0,0
316215,1654,76,0,1,249882,1533,12,0,0
360446,561,180,0,6,250778,530,52,0,0
21590856,837,24,0,4,21593169,1692,42,0,0
326154,2088,64,0,6,263841,1695,25,0,0
263499,1421,13,0,0,21592403,1381,33,0,0
299120,1463,90,0,1,296314,829,52,0,0
261655,753,27,0,3,270866,2185,62,0,0
262564,671,36,0,0,21590425,1519,60,0,0
273543,2027,32,0,3,295631,1730,47,0,0
296375,1624,41,0,0,265364,713,32,0,0
279965,1198,30,0,2,357377,1160,33,0,0
241804,1229,42,0,7,350440,612,18,0,0
311844,1540,52,0,2,355332,1736,48,0,0
357495,2175,24,0,0,321795,942,73,0,0
286992,1842,33,0,3,344290,820,45,0,0
276056,1447,33,0,3,362380,1222,39,0,0
252983,1121,61,0,2,255647,1889,31,0,0
336630,1167,42,0,8,264046,763,66,0,0
255455,323,21,0,2,300071,1398,123,0,0
257829,1133,30,0,0,254374,1526,26,0,0
265916,426,89,0,1,253286,1264,67,0,0
295621,1605,77,0,0,21591471,1181,46,0,0
291897,898,53,0,5,21592364,1012,48,0,0
247314,1323,45,0,1,271610,1098,50,0,0
273891,1727,35,0,1,244905,1609,39,0,0
283302,1810,19,0,1,342536,1814,49,0,0
245420,1592,30,0,5,300784,1646,49,0,0
310440,1729,32,0,2,357993,2190,27,0,0
308931,442,52,0,2,21589632,911,65,0,0
290618,844,67,0,4,334484,1207,59,0,0
321715,712,105,0,0,351990,982,61,0,0
351955,894,61,0,1,363638,1517,52,0,0
317052,2578,27,0,0,247000,1194,54,0,0
285304,951,45,0,1,323264,719,27,0,0
264457,1149,107,0,0,298090,1191,43,0,0
363847,2196,67,0,6,347336,766,84,0,0
272941,1699,33,0,2,21591339,552,37,0,0
274715,718,35,0,5,279026,1519,36,0,0
323552,842,49,0,3,286260,1386,44,0,0
331162,2185,43,0,2,21592500,1438,20,0,1
269080,2081,83,0,9,333179,1705,17,0,0
258918,1678,49,0,1,314649,872,41,0,0
314084,989,46,0,1,338447,1327,20,0,0
278996,1666,49,0,2,312234,1686,30,0,1
268560,621,44,0,3,277208,2228,29,0,0
295105,698,41,0,2,365400,1122,125,0,1
319519,314,60,0,1,278787,1048,72,0,1
270334,1643,47,0,0,21588808,253,86,0,0
306419,1964,30,0,2,346244,851,86,0,0
280834,1223,33,0,2,311331,1338,58,0,0
267252,1740,80,0,3,294702,832,48,0,0
351580,652,37,0,0,335622,651,21,0,0
252945,1911,25,0,2,347185,1371,81,0,0
262330,1230,66,0,1,284393,1112,29,0,0
353524,180,137,0,0,285421,1035,29,0,0
346800,1070,28,0,1,21589760,1698,24,0,0
300808,773,44,0,3,329716,889,60,0,0
259835,1370,19,0,1,277937,805,38,0,0
260347,722,39,0,2,354871,658,65,0,0
359758,920,77,0,3,252482,396,45,0,0
335704,1990,66,0,1,316212,2150,32,0,0
360639,960,20,0,1,338699,771,44,0,0
297417,746,95,0,4,266763,918,42,0,0
325884,1059,45,0,3,339707,954,60,0,0
21593748,892,60,0,0,327335,2200,34,0,0
313437,1111,75,0,0,324424,560,42,0,0
324533,928,21,0,0,315759,847,71,0,0
360327,1602,14,0,0,324686,1451,69,0,0
262133,1669,23,0,1,21593232,864,70,0,0
262425,2143,37,0,0,256533,1200,25,0,0
258958,1413,46,0,1,305254,452,29,0,0
333446,1428,21,0,1,363152,632,44,0,0
21588936,1082,17,0,1,309987,1000,57,0,0
21590134,1120,41,0,0,21594580,983,106,0,0
365913,981,72,0,0,361599,290,49,0,0
21593008,160,60,0,1,331904,1494,32,0,0
363029,1238,49,0,2,342305,1545,62,0,0
306031,701,51,0,4,283395,1087,42,0,0
285311,1984,25,0,0,261068,1803,25,0,0
290632,2100,91,0,0,307634,1695,57,0,0
255625,1875,34,0,0,363245,449,61,0,0
21590620,1659,26,0,1,307095,1633,48,0,0
266420,1676,50,0,1,347740,2266,34,0,0
300669,386,36,0,2,270984,448,34,0,0
297645,1226,43,0,1,312304,307,24,0,0
336288,736,33,0,1,272667,584,46,0,0
300743,1651,56,0,1,325281,1338,50,0,0
297761,943,44,0,2,263488,2058,31,0,0
21596072,824,62,0,7,269889,2096,51,0,0
291255,450,58,0,1,339218,880,123,0,0
21594776,658,69,0,1,340860,973,25,0,0
299811,1697,23,0,0,280695,1036,36,0,0
334209,1722,50,0,0,334621,968,64,0,0
359779,1041,49,0,3,286627,1751,43,0,0
346604,1871,64,0,3,353874,1123,57,0,0
296931,902,37,0,1,346581,414,43,0,0
298174,987,69,0,8,341240,428,30,0,0
344539,1568,32,0,0,307461,1569,83,0,0
331646,1196,38,0,0,21596859,407,38,0,0
21588212,1463,27,0,0,321475,1427,56,0,0
291656,425,44,0,2,260465,698,74,0,0
318888,1136,55,0,0,312049,1986,33,0,0
278368,1367,41,0,3,339793,971,44,0,0
315691,2174,27,0,2,360160,1014,44,0,0
318743,936,51,0,3,21590182,216,36,0,0
321955,2095,35,0,6,288433,1844,26,0,0
335654,2567,46,0,2,271380,1465,43,0,1
321508,476,31,0,5,302952,1354,22,0,0
293178,1282,70,0,4,260546,1767,40,0,0
287071,895,57,0,0,257605,1155,27,0,0
332258,610,29,0,4,346954,720,64,0,0
307924,1037,68,0,1,311196,1200,68,0,0
307002,1389,45,0,1,21589338,987,50,0,0
365926,972,28,0,1,339680,719,46,0,0
301660,1115,71,0,5,309576,1492,25,0,0
285231,1131,16,0,3,21591891,1407,27,0,1
258184,1136,41,0,9,345985,340,36,0,0
21594647,1495,38,0,6,266808,2156,51,0,0
318967,1697,56,0,1,269470,1586,38,0,0
21590713,2151,49,0,0,364369,1672,46,0,0
307940,1281,27,0,2,321635,723,29,0,0
280478,206,94,0,0,313989,332,63,0,0
349793,628,71,0,1,339795,219,38,0,0
304657,1125,25,0,1,258692,1128,52,0,0
352286,1580,26,0,1,359918,831,35,0,0
289752,1057,64,0,1,360088,1209,34,0,0
333296,1900,47,0,1,334721,349,75,0,0
304581,914,22,0,0,347692,691,17,0,0
260878,1645,52,0,2,327636,570,52,0,0
320290,1308,22,0,1,359734,1200,26,0,0
279522,1579,78,0,1,265858,301,36,0,0
21589103,1360,82,0,2,359851,1076,37,0,0
277744,1511,37,0,2,304315,1189,51,0,0
257728,1219,29,0,3,327120,1164,46,0,0
360035,1159,33,0,1,346259,752,60,0,0
361162,1440,47,0,2,21587925,1475,43,0,0
314532,335,59,0,1,21589557,2164,60,0,0
290195,152,60,0,1,336138,1734,39,0,0
21596793,566,60,0,0,301685,1315,39,0,0
345226,1726,102,0,2,313749,1061,42,0,0
21593072,356,55,0,1,267869,1272,38,0,0
319722,1112,53,0,0,335261,678,215,0,0
330034,1600,29,0,9,330190,1459,67,0,0
288649,1017,26,0,2,309908,1642,70,0,0
256795,1190,48,0,1,332279,108,13,0,0
309763,1204,53,0,0,258026,1454,84,0,0
343939,1713,66,0,8,293617,466,118,0,0
21595179,1225,62,0,5,313456,754,31,0,0
21592233,488,103,0,0,296626,989,46,0,0
315182,934,39,0,1,258171,1092,43,0,0
274094,1504,50,0,1,313875,672,56,0,0
340364,610,46,0,6,316271,2541,30,0,0
315922,1392,31,0,3,21591427,1136,102,0,0
260729,1628,23,0,6,348712,860,52,0,1
341043,1020,53,0,0,323388,1810,41,0,0
358983,2361,35,0,3,315536,615,24,0,0
346341,1121,55,0,2,303271,961,41,0,0
278399,1299,54,0,5,330279,1537,38,0,0
293289,811,29,0,0,338098,1506,61,0,0
286480,1288,65,0,3,325508,2196,15,0,0
21598379,1859,29,0,3,323458,1386,51,0,0
341823,785,41,0,1,358919,175,336,0,0
21593989,1060,26,0,0,332403,1205,43,0,0
318859,475,16,0,1,277250,1793,59,0,1
361125,1123,27,0,8,279831,616,53,0,0
21596589,1959,52,0,1,288240,1007,49,0,0
333195,889,52,0,0,352992,1693,60,0,0
262938,1543,18,0,2,272602,668,25,0,0
354717,661,51,0,1,278413,712,32,0,0
350101,1760,29,0,4,21599569,1523,48,0,0
291182,892,101,0,4,310012,1382,62,0,0
317743,1204,45,0,0,21589728,1027,66,0,0
364039,1267,61,0,6,284104,212,27,0,0
259283,1174,28,0,4,333858,1204,81,0,0
283343,839,29,0,1,356524,844,30,0,0
364748,2411,42,0,1,344851,837,39,0,0
322658,2568,18,0,1,333124,1198,38,0,0
21592067,874,62,0,1,316817,1298,26,0,0
314552,938,62,0,1,266626,757,42,0,0
21589710,1310,35,0,0,347284,915,38,0,0
277294,1693,50,0,2,307803,334,26,0,0
262536,2135,33,0,3,293190,785,32,0,0
336687,1942,61,0,5,286233,688,60,0,0
329128,2504,45,0,4,319684,1458,23,0,0
342552,1660,46,0,0,21598085,800,37,0,0
355258,982,70,0,1,320048,1334,48,0,0
362814,919,30,0,1,363523,768,23,0,0
315342,864,106,0,2,333088,1264,47,0,0
21600180,2003,14,0,12,341515,1131,42,0,0
349860,1056,61,0,2,311935,224,43,0,0
289929,1460,61,0,4,354183,772,24,0,1
263914,996,33,0,9,281203,673,36,0,0
335451,1677,30,0,1,316714,568,95,0,0
262341,1878,19,0,2,272456,2509,22,0,0
302189,787,61,0,1,317245,1310,26,0,0
317378,1693,54,0,1,358597,1265,41,0,0
303777,1609,83,0,9,309413,1762,21,0,0
335224,719,66,0,0,21597191,766,40,0,0
343120,1084,48,0,5,292019,1674,27,0,0
303103,1895,34,0,3,271813,1639,68,0,1
306212,1678,32,0,2,21593971,1119,23,0,0
311052,542,51,0,0,271502,475,71,0,0
264956,1130,32,0,1,311217,1673,24,0,0
329214,1682,68,0,1,349886,1189,28,0,0
364257,1197,27,0,4,359724,1682,25,0,0
358120,1103,31,0,0,361815,1205,61,0,0
21595136,1634,54,0,0,288837,404,34,0,0
318409,1307,40,0,0,295330,1703,82,0,0
21591337,1089,41,0,3,310384,1387,32,0,0
361357,2583,44,0,1,346199,813,87,0,0
347874,470,57,0,19,21589927,1731,20,0,0
21588709,522,67,0,1,344989,1625,44,0,0
21595292,455,56,0,7,352008,1037,46,0,0
330050,920,25,0,2,21598243,2047,65,0,0
306620,913,49,0,6,21591479,2088,61,0,0
21593321,143,140,0,1,287198,1080,55,0,0
295547,488,45,0,1,291095,593,41,0,0
357398,955,30,0,5,21598140,1392,45,0,0
21601548,680,42,0,1,277434,2180,24,0,0
271361,1319,32,0,8,323576,273,48,0,0
290220,1273,48,0,1,307187,1284,55,0,0
312733,1824,17,0,0,327040,1198,59,0,0
302843,612,61,0,1,292718,1096,62,0,0
21599035,670,42,0,4,21594121,866,69,0,0
296601,1384,19,0,2,272779,1209,36,0,0
21590935,1163,48,0,1,21591576,1486,60,0,1
354914,1641,39,0,2,21589696,593,21,0,0
346610,729,50,0,2,352454,684,42,0,0
292906,744,40,0,0,324605,1557,45,0,0
342667,477,49,0,2,314680,2185,34,0,0
332788,588,65,0,2,264954,2340,29,0,0
308715,2249,57,0,3,349994,1464,25,0,0
324902,392,33,0,2,21602694,1428,57,0,0
21603051,1221,46,0,1,21590434,611,79,0,0
278397,1143,44,0,2,269767,685,29,0,0
300475,2201,51,0,0,21602946,1499,39,0,0
308530,2342,40,0,5,308500,964,45,0,0
318361,1328,49,0,1,334639,874,49,0,0
364402,768,27,0,0,348147,859,59,0,0
351048,2172,39,0,1,314831,2662,24,0,0
310615,2178,41,0,4,279630,800,67,0,0
21593649,2083,40,0,8,307979,1211,60,0,0
276263,1770,45,0,1,21591408,317,99,0,0
314328,1128,53,0,3,289654,665,41,0,0
345299,1697,41,0,3,322331,502,47,0,0
21593652,1271,54,0,0,21596173,931,61,0,0
299011,1140,52,0,2,360508,744,35,0,0
297043,530,50,0,0,21588030,142,302,0,0
321649,1915,64,0,5,269065,2355,38,0,0
274420,1309,31,0,3,300797,2508,42,0,0
21594058,1191,81,0,12,272024,1045,26,0,0
365334,960,51,0,1,294664,382,50,0,0
335029,1491,68,0,8,296521,949,50,0,0
283219,1761,31,0,1,343708,915,56,0,0
21592286,890,31,0,4,275747,1313,30,0,0
317156,878,39,0,10,280246,688,88,0,0
365096,1153,54,0,2,364784,1409,32,0,0
317883,470,50,0,3,279741,734,42,0,0
336525,845,96,0,2,288426,2180,41,0,0
278846,1517,24,0,2,325472,925,94,0,0
336049,1807,32,0,2,297771,1878,22,0,0
281314,661,32,0,2,346611,1205,41,0,0
268688,614,17,0,3,315056,905,28,0,0
312673,1752,45,0,1,342992,1619,69,0,0
21590751,1196,44,0,2,266413,2174,65,0,0
21591353,739,27,0,4,321711,789,69,0,0
21599632,759,38,0,1,269636,2130,29,0,0
289524,647,53,0,3,21593500,635,42,0,0
329480,728,41,0,1,291138,565,360,0,0
344894,368,55,0,2,347777,2119,62,0,0
312117,1171,45,0,0,21603221,893,42,0,0
21591999,959,40,0,0,355909,863,53,0,0
350900,620,30,0,3,328119,965,24,0,0
305043,1100,34,0,0,365254,1319,37,0,0
345580,432,104,0,3,285950,1706,49,0,0
276924,1908,18,0,2,315585,948,38,0,0
350681,1247,110,0,1,21600897,813,66,0,0
316856,1968,22,0,1,324428,1193,29,0,0
336401,1515,37,0,5,346016,1145,33,0,0
311335,305,30,0,2,21597780,1879,34,0,0
339632,1041,61,0,0,336160,699,33,0,0
301046,1623,43,0,1,21590406,1229,33,0,0
316245,1717,43,0,2,272692,1408,58,0,0
316882,1524,23,0,1,311926,1686,23,0,0
21603687,981,42,0,0,290541,245,86,0,0
365144,1194,50,0,5,21589210,987,100,0,0
326319,1809,47,0,1,310027,1398,54,0,0
270876,942,28,0,3,321915,1964,24,0,0
290257,1346,31,0,4,282332,1122,54,0,0
346754,1693,22,0,3,333097,991,17,0,0
268743,691,13,0,7,322386,1437,23,0,0
322340,740,54,0,4,311561,1109,39,0,0
304797,1013,46,0,2,21598820,1129,22,0,0
339366,868,49,0,1,21595401,955,62,0,0
307680,1125,63,0,5,272224,369,220,0,0
282827,1054,68,0,1,309509,2178,29,0,0
302732,463,184,0,0,21600107,2100,21,0,0
346506,671,38,0,3,21599092,823,39,0,0
358031,2353,39,0,6,275205,1529,45,0,0
359105,1645,34,0,5,21589445,350,51,0,0
305762,998,40,0,2,299302,966,72,0,0
21599670,1347,53,0,1,304160,383,42,0,0
309769,600,66,0,0,294349,2573,36,0,0
21597747,982,42,0,3,362204,695,49,0,1
21599494,942,36,0,3,298793,1345,42,0,0
315799,1128,25,0,0,21595788,230,65,0,0
325572,1033,21,0,1,317308,671,40,0,0
291537,2396,33,0,2,21601166,1176,34,0,0
272849,2525,26,0,1,21605721,800,49,0,0
291082,1396,37,0,2,356656,1440,66,0,0
297110,1034,32,0,4,314611,526,67,0,0
21600268,744,38,0,0,302975,1767,36,0,0
361997,621,29,0,1,325532,1647,30,0,0
21595713,1593,36,0,2,21606275,1770,30,0,0
351972,1735,43,0,2,269409,575,32,0,0
328136,2481,55,0,0,304760,862,170,0,0
307651,679,88,0,4,346182,938,39,0,1
21590744,1171,71,0,2,301592,2470,26,0,0
307181,2079,34,0,0,272114,1148,43,0,0
279715,1653,46,0,3,365741,881,44,0,0
325663,1149,20,0,2,298650,1139,31,0,0
332986,1534,45,0,0,346405,1365,55,0,0
21592157,1024,28,0,0,21596514,784,19,0,0
271095,1131,40,0,2,299496,1474,61,0,0
291084,438,60,0,1,356139,825,76,0,0
280899,1351,35,0,5,326738,1914,37,0,0
302450,917,43,0,2,288732,1473,67,0,0
21588024,1168,80,0,1,21607616,1132,39,0,0
361882,1454,21,0,5,308101,850,37,0,0
21588903,1353,38,0,4,302506,948,70,0,0
315169,873,60,0,1,21591026,651,81,0,0
272254,1382,26,0,9,328881,564,33,0,0
21599147,675,39,0,6,278401,962,47,0,0
21597295,806,11,0,4,324344,543,55,0,0
303165,1787,47,0,1,270789,1747,74,0,0
324204,1248,17,0,1,316000,1465,14,0,0
334379,1258,45,0,1,323348,1071,47,0,0
317837,668,41,0,1,342450,1573,74,0,0
283040,470,53,0,1,322208,1293,20,0,0
361617,1201,162,0,0,283768,1715,26,0,0
269293,2136,27,0,3,310496,977,22,0,0
315794,734,28,0,2,348516,2593,34,0,0
21600571,174,39,0,4,287037,670,50,0,0
308293,636,31,0,2,294463,871,28,0,0
352933,1422,20,0,3,309340,586,48,0,1
21602641,2070,50,0,4,362470,1319,85,0,0
329864,808,45,0,1,21606751,635,38,0,0
334193,1944,22,0,0,21606670,861,53,0,0
353477,2088,55,0,2,290863,1959,73,0,0
296819,785,38,0,6,358269,2472,26,0,0
299135,1634,27,0,1,21600797,1191,60,0,0
325983,1863,61,0,19,359270,863,21,0,0
315130,1153,34,0,3,323395,1836,39,0,0
299831,563,71,0,4,343421,2551,46,0,0
281293,1741,73,0,3,21600917,1239,21,0,0
361694,1118,68,0,1,319136,927,30,0,0
299439,1188,56,0,0,21597326,647,118,0,0
21596706,1438,19,0,0,320564,985,32,0,0
353590,588,57,0,1,275281,1884,54,0,0
21597940,1031,39,0,3,354539,962,50,0,0
296560,338,49,0,1,342062,1445,21,0,0
21590390,974,74,0,5,362852,1896,23,0,0
330885,1505,46,0,6,364319,978,41,0,0
21590163,1989,31,0,0,357667,738,61,0,0
343258,1672,41,0,4,356318,1439,43,0,0
326287,605,46,0,2,21597121,1881,39,0,0
335347,1304,29,0,2,21605731,854,89,0,0
21588076,554,36,0,2,309360,516,30,0,0
21591708,1356,59,0,5,343204,1299,42,0,0
362634,419,22,0,0,321532,1235,28,0,0
306387,1330,22,0,2,322053,1408,37,0,0
283559,1606,25,0,1,323249,615,57,0,0
288917,1124,33,0,1,21606920,494,17,0,0
311556,1273,64,0,1,21605391,1113,27,0,0
363845,380,60,0,4,348845,779,82,0,0
21604111,778,38,0,3,21595402,362,66,0,0
301522,1782,75,0,2,292356,2201,39,0,0
310907,1383,35,0,0,339731,918,47,0,0
280202,531,24,0,6,360960,996,123,0,1
364816,1529,52,0,2,21604177,981,74,0,1
21604043,511,29,0,2,308008,947,30,0,0
307885,2201,45,0,2,21600117,1246,53,0,0
340700,370,39,0,4,282905,1265,19,0,0
282585,1779,27,0,1,21607737,957,40,0,0
312116,1157,34,0,2,290020,736,85,0,0
347517,1232,58,0,1,296695,612,33,0,1
21597758,1298,56,0,0,21607129,885,74,0,0
321112,1808,39,0,1,322976,1429,56,0,0
329963,887,121,0,0,346324,1301,19,0,0
296137,1270,61,0,1,295811,868,52,0,0
344909,1713,44,0,6,340774,1386,33,0,0
316541,606,71,0,7,286773,183,237,0,0
304821,1006,30,0,3,339993,650,27,0,0
335038,1540,26,0,6,21600385,304,43,0,0
356443,777,41,0,2,358361,1224,58,0,0
316959,1154,94,0,6,348023,1388,33,0,0
358307,1422,92,0,1,21609468,1661,39,0,0
21590770,1062,19,0,4,362328,1179,19,0,0
316370,1048,55,0,2,21589376,1660,55,0,1
362983,993,28,0,1,282869,1462,42,0,0
21600507,803,40,0,3,307210,1104,55,0,0
333121,672,73,0,1,21610120,2156,29,0,0
307423,1137,30,0,2,21601580,1900,41,0,0
357089,704,106,0,3,308283,1132,38,0,0
315222,489,51,0,1,333786,855,57,0,0
321884,1813,45,0,1,273634,674,54,0,0
363582,1303,44,0,1,314767,232,87,0,0
364620,1478,43,0,2,280915,1741,72,0,0
318551,397,195,0,1,21589418,1510,33,0,0
365995,954,35,0,1,21592874,1454,25,0,0
358979,790,56,0,5,297556,1710,72,0,0
364576,1138,18,0,1,362327,1104,32,0,0
273849,1586,34,0,1,305094,954,49,0,1
312954,946,57,0,6,279587,1156,17,0,0
330106,824,57,0,3,274428,2178,19,0,0
21609802,114,73,0,2,297874,1014,76,0,1
21601387,1150,25,0,1,21601592,1666,34,0,0
359651,1343,37,0,0,21607810,2092,37,0,0
21609126,1082,44,0,1,279650,1863,39,0,0
337367,1749,34,0,3,340286,875,46,0,0
313624,1449,23,0,4,21596653,1153,25,0,0
315310,1022,128,0,3,320382,1794,45,0,0
356276,971,36,0,1,21595133,1782,35,0,0
21590277,1153,48,0,4,21601497,909,30,0,0
21592111,1136,31,0,8,299543,781,47,0,0
303471,904,18,0,2,21598547,369,40,0,0
21607086,1786,34,0,7,21592917,1732,63,0,0
333595,1411,51,0,1,21594998,1053,27,0,1
21612681,295,49,0,6,306434,1189,45,0,0
283029,1145,54,0,0,21597083,1631,61,0,0
287680,1786,39,0,3,306304,683,33,0,0
345072,1107,66,0,7,282166,403,35,0,0
21607889,397,40,0,0,311315,2070,19,0,0
21607826,1957,41,0,4,21597684,1259,64,0,0
328869,2590,26,0,1,338837,1134,30,0,0
332643,878,59,0,0,21587837,848,42,0,0
357783,739,55,0,1,292823,1480,36,0,0
21596025,1282,64,0,1,325187,1391,14,0,0
290432,1675,54,0,1,338161,768,46,0,0
274279,1049,28,0,2,332221,1060,37,0,0
334794,773,41,0,4,281708,2488,28,0,0
330339,888,28,0,6,289641,303,75,0,0
21606900,1715,42,0,2,287792,642,74,0,0
296704,1249,36,0,7,21598664,1618,76,0,0
347636,1585,61,0,1,21599786,1451,25,0,0
21601291,513,53,0,1,359340,1145,52,0,0
345450,710,71,0,3,285002,1646,25,0,0
21610617,497,50,0,4,276676,1581,23,0,0
321844,1093,23,0,4,321115,1537,69,0,0
345264,1106,60,0,0,318703,1691,29,0,0
322619,740,62,0,1,21598944,2062,22,0,0
21588650,1429,44,0,1,289438,626,75,0,0
21602771,937,37,0,1,300158,961,52,0,0
292418,1755,29,0,3,357572,923,74,0,0
341034,1192,36,0,5,362989,1129,27,0,0
358161,915,52,0,3,347117,1140,47,0,0
21603208,1010,38,0,12,317365,831,53,0,0
325695,924,41,0,2,21595159,1722,93,0,0
21610563,1138,26,0,0,357205,1347,67,0,0
312177,461,35,0,6,366062,355,45,0,0
293054,744,34,0,1,21595467,1571,41,0,0
362945,1398,30,0,2,21606915,915,43,0,0
21610403,910,60,0,4,292507,877,39,0,0
21595547,632,13,0,0,284731,784,37,0,0
300517,1170,32,0,0,21589820,682,47,0,0
358169,643,56,0,0,21611730,1758,61,0,0
21591734,782,37,0,2,298009,690,40,0,0
300254,1295,61,0,3,292041,691,65,0,0
21594051,1466,17,0,1,360153,859,71,0,0
285261,1300,65,0,3,21609982,1426,50,0,0
21591850,643,55,0,6,289070,513,26,0,0
305224,1078,19,0,1,346963,2059,41,0,0
292731,943,38,0,2,346953,1637,127,0,0
341727,447,96,0,3,21604555,727,64,0,0
287758,1160,21,0,1,300748,1310,43,0,0
21592689,766,45,0,2,331518,2172,36,0,0
21594129,686,39,0,1,21606874,619,29,0,0
341513,705,56,0,2,21596414,1313,53,0,0
336775,1643,50,0,1,21588905,1540,29,0,0
314981,1300,41,0,1,333818,781,18,0,0
21597947,1257,54,0,2,312223,806,42,0,0
319607,2164,35,0,1,322713,2105,88,0,0
283737,1185,87,0,2,21614366,485,30,0,0
336055,1614,75,0,0,361441,606,33,0,0
287415,1317,29,0,2,316791,1006,31,0,0
285170,795,29,0,15,21595429,494,97,0,0
322016,1592,14,0,0,21594275,1150,103,0,0
307537,1393,55,0,3,352587,1124,19,0,0
348674,884,123,0,2,353856,324,76,0,0
309028,1457,29,0,8,359010,1237,49,0,0
292106,1258,29,0,1,21593617,706,42,0,0
312277,1678,21,0,1,313512,777,74,0,0
330701,1411,18,0,0,21612253,1181,39,0,0
310333,952,47,0,1,336581,2354,49,0,0
21609110,992,48,0,4,335174,1651,36,0,0
293552,953,90,0,5,359997,960,82,0,0
297414,2570,23,0,3,21597483,2153,57,0,0
21588471,858,67,0,1,361890,1419,41,0,0
278396,1765,58,0,1,21591437,339,92,0,0
21591752,789,26,0,3,358717,792,37,0,0
327507,1623,90,0,9,21592311,365,27,0,0
324343,1150,74,0,3,21608669,1961,32,0,0
352458,637,44,0,4,21599935,456,23,0,0
346012,2482,67,0,2,299746,1302,54,0,0
296064,1232,27,0,0,327308,2152,43,0,0
324859,1924,31,0,1,21596789,1853,40,0,0
336253,668,51,0,1,21588796,1917,27,0,0
21607690,812,46,0,1,286389,1197,36,0,0
280546,1128,45,0,1,308127,673,68,0,0
294829,873,35,0,0,302202,1824,90,0,0
357003,1169,29,0,0,278271,612,28,0,0
21590364,606,26,0,7,282605,884,54,0,0
333384,1521,35,0,0,21596583,516,49,0,0
21589372,802,46,0,14,21607303,1559,50,0,1
297119,1740,18,0,0,307268,113,62,0,0
304204,1617,71,0,0,308411,1199,48,0,0
303045,335,38,0,0,289082,653,59,0,0
21606285,1454,51,0,0,280116,1524,32,0,0
338383,1577,58,0,0,21592141,641,62,0,0
336853,952,31,0,0,323844,596,30,0,0
305397,1299,43,0,2,324627,1584,19,0,0
299703,702,69,0,2,317007,962,47,0,0
348376,400,33,0,6,301349,2156,75,0,0
21604762,813,111,0,1,290485,830,26,0,0
21610652,1176,96,0,3,326223,585,65,0,0
356460,228,59,0,2,296804,1582,37,0,0
325037,1948,30,0,0,288534,1060,61,0,0
21615237,1080,38,0,6,318482,561,29,0,0
319481,1362,42,0,2,347640,524,60,0,0
328113,1433,32,0,2,290958,1017,27,0,0
361941,916,32,0,9,360583,992,52,0,1
329265,1459,35,0,2,283110,1357,33,0,0
21604385,517,23,0,3,21588634,113,95,0,0
362793,1059,46,0,1,362005,751,45,0,1
332196,125,75,0,7,21600848,1684,19,0,0
331489,964,54,0,0,350531,864,29,0,0
21617814,112,25,0,3,343272,1144,27,0,0
21611453,1063,66,0,0,327700,757,68,0,0
288060,988,53,0,4,350644,709,34,0,0
365115,1547,47,0,2,298159,1506,56,0,0
311589,1385,29,0,1,332724,764,90,0,0
289774,824,33,0,5,329690,1262,58,0,0
345920,1912,50,0,1,338994,1277,33,0,0
21588042,1189,47,0,3,21599428,1199,33,0,0
295957,2262,68,0,2,333114,763,71,0,0
304119,1702,21,0,4,21590291,767,39,0,0
287041,1487,45,0,1,314952,317,47,0,0
355411,1254,28,0,0,21608561,2076,16,0,0
365717,2116,27,0,1,21598339,1578,12,0,0
325503,1001,94,0,1,324586,819,64,0,0
327127,1709,60,0,4,320137,2071,44,0,0
286767,1709,46,0,3,344228,156,237,0,0
324508,1539,48,0,1,340280,918,52,0,0
283549,1152,34,0,0,325305,1766,42,0,0
297081,854,68,0,10,21617812,807,48,0,0
355520,567,38,0,1,344341,1317,39,0,0
310846,1304,41,0,0,330769,1010,62,0,0
21603519,1100,85,0,0,316007,586,24,0,0
322784,505,55,0,2,21618445,690,32,0,0
304927,888,50,0,1,21612104,1295,46,0,0
21618711,1143,40,0,1,311760,2190,27,0,0
330662,1009,36,0,6,350865,856,40,0,0
292263,1020,80,0,1,21590938,913,164,0,0
294123,749,27,0,1,287674,1444,88,0,0
345951,671,58,0,1,21609544,1621,37,0,0
21604814,1934,19,0,1,363896,1338,59,0,0
21613355,1024,60,0,3,294870,996,42,0,0
337833,846,59,0,0,315907,1958,65,0,0
339908,1384,22,0,1,358074,1925,44,0,0
21594508,1384,62,0,2,296779,1246,33,0,0
308941,2574,19,0,2,359245,838,19,0,1
283339,850,22,0,1,328059,1167,113,0,0
347137,1329,40,0,0,284805,644,24,0,0
337635,1320,43,0,0,352265,400,50,0,0
299801,1821,40,0,3,355534,1066,34,0,0
364304,557,58,0,0,313303,1618,49,0,0
21607894,1203,82,0,2,21594293,1475,39,0,0
351292,871,36,0,0,343383,371,100,0,0
339200,336,72,0,4,314175,1381,44,0,0
21615104,1382,29,0,1,333636,1682,43,0,0
345641,1422,26,0,12,359021,2461,40,0,0
21600686,501,69,0,1,21596620,1660,32,0,0
361933,1655,48,0,3,360937,553,42,0,0
351109,1125,30,0,0,21589311,2043,22,0,0
362056,983,53,0,4,21619136,1418,44,0,0
310249,1088,18,0,1,292869,1493,50,0,0
21592279,1997,36,0,1,298773,955,27,0,0
287236,758,33,0,5,21611953,1360,24,0,0
305635,1652,17,0,3,347659,1375,43,0,0
317586,1189,43,0,6,314534,1142,34,0,0
328252,1560,60,0,6,21593440,433,54,0,0
362185,867,67,0,2,288879,1157,70,0,0
364946,1151,42,0,8,21604257,666,40,0,0
298414,984,24,0,2,327197,1282,45,0,0
352946,1519,57,0,1,321361,1603,54,0,1
21619058,915,22,0,1,21609197,585,29,0,0
303551,723,39,0,3,314867,1615,17,0,0
310743,2429,25,0,2,339558,1645,50,0,0
300277,1099,34,0,4,21595731,1665,39,0,0
298675,1379,42,0,2,21588368,1293,62,0,0
302213,1110,13,0,3,21597892,371,25,0,0
344755,879,90,0,3,21598312,866,51,0,0
21610273,925,53,0,3,333840,1436,36,0,0
297856,1770,63,0,1,21592378,1401,33,0,1
364850,2207,40,0,1,21593902,1789,26,0,0
349674,1465,22,0,2,360877,1744,77,0,0
320504,548,43,0,2,343739,618,53,0,0
311670,1657,60,0,3,332810,769,25,0,0
348464,782,25,0,3,311020,1020,38,0,0
300159,315,53,0,7,21617552,1008,36,0,0
303739,1925,41,0,8,21615661,1277,45,0,0
333316,1203,36,0,0,294504,755,44,0,0
290663,658,63,0,2,307657,1685,49,0,0
284116,1491,20,0,0,338846,1694,49,0,0
290431,1619,46,0,1,286112,666,47,0,0
329196,828,42,0,1,365065,1354,31,0,0
21616890,1124,16,0,1,21589273,1617,54,0,0
21591407,1408,60,0,1,361419,786,20,0,0
294736,952,76,0,4,296066,606,40,0,0
326822,1655,45,0,2,350501,686,20,0,0
21596034,335,34,0,3,21599244,288,92,0,0
312052,641,41,0,0,21615018,1688,52,0,0
21611991,1066,28,0,2,332116,1418,70,0,0
344450,1177,61,0,2,21618673,890,44,0,0
21601179,1003,32,0,1,21600960,1135,35,0,0
356330,632,94,0,0,21591657,588,59,0,0
304865,1639,44,0,1,326401,2226,30,0,0
307013,1746,33,0,2,21608762,1670,49,0,0
346715,1103,26,0,0,308365,414,62,0,0
21619819,1448,49,0,2,340870,142,30,0,0
314849,1687,55,0,3,322996,230,62,0,0
21614323,2517,23,0,4,21602147,973,25,0,0
332084,710,33,0,14,301742,1236,34,0,1
21595204,1077,53,0,3,303674,573,45,0,0
354487,1035,52,0,2,21611638,270,30,0,0
290491,488,53,0,1,362872,594,33,0,0
298147,1521,52,0,1,21610587,1650,61,0,0
333621,1520,62,0,1,349665,558,35,0,0
297739,1948,85,0,2,333791,760,43,0,0
305875,1125,57,0,4,21591200,1329,83,0,0
21603103,116,77,0,2,308187,1136,75,0,0
359669,1642,53,0,0,287985,2197,69,0,0
304762,1521,49,0,7,21591830,1740,28,0,0
341730,1306,32,0,2,21604798,850,48,0,0
288590,350,36,0,4,21618841,1573,43,0,0
21597699,851,84,0,2,290535,2480,31,0,1
21605371,1123,14,0,2,21614871,712,81,0,0
323016,1188,34,0,9,331544,870,20,0,0
21606301,725,31,0,1,351920,1280,23,0,0
360243,2365,55,0,4,299144,767,59,0,0
319971,2430,35,0,4,21612292,849,54,0,0
21615179,2006,68,0,1,335339,1163,65,0,0
21591765,466,24,0,0,344566,1764,46,0,0
307718,1411,76,0,4,331880,1945,58,0,0
336500,278,56,0,1,322517,2191,44,0,0
21602347,1132,25,0,0,21620183,1898,45,0,0
356365,1616,74,0,2,324812,1255,35,0,0
365853,1013,38,0,0,363632,751,20,0,0
21593375,592,53,0,3,21594711,1480,52,0,0
322437,2173,43,0,0,340712,1126,23,0,0
21604097,207,46,0,1,21590224,1334,56,0,0
295184,824,28,0,0,365090,1207,21,0,0
21611932,1424,35,0,1,21589033,1850,45,0,0
323782,1195,64,0,1,343769,839,82,0,0
297851,1319,26,0,2,308314,2298,28,0,0
334975,1291,37,0,3,353177,1102,245,0,1
353372,664,35,0,1,293451,351,70,0,0
21589861,1134,29,0,2,349483,1205,61,0,0
334413,1644,41,0,10,353409,956,17,0,0
311546,1069,28,0,1,337830,588,21,0,0
21617490,355,48,0,2,323615,2171,40,0,0
21598923,544,92,0,3,340071,1009,39,0,0
346969,1063,30,0,7,21623395,2414,50,0,0
21599098,1493,30,0,1,328214,924,65,0,0
299330,109,102,0,1,316143,2322,55,0,0
21608288,1191,35,0,2,21591996,1048,14,0,0
304410,602,66,0,5,353999,443,53,0,0
21607561,523,23,0,1,332535,1145,26,0,0
313291,1299,41,0,4,309312,700,38,0,0
306297,1864,27,0,1,21604004,1357,40,0,0
311465,1803,63,0,4,305993,748,29,0,0
339957,1505,35,0,5,314509,1597,41,0,0
21604641,740,72,0,3,310529,1623,42,0,0
347626,760,53,0,3,356751,1203,22,0,0
325216,977,53,0,5,310657,1000,62,0,0
21598072,1015,40,0,5,21608870,1622,73,0,0
358266,2176,56,0,1,311352,1802,53,0,0
21619543,2489,52,0,4,345662,1987,27,0,0
301744,2184,40,0,1,21598943,1647,77,0,0
300966,664,117,0,1,298012,668,57,0,0
21591523,931,42,0,3,21611420,1868,33,0,0
344476,841,65,0,3,21622321,734,40,0,0
338568,863,61,0,2,340957,928,47,0,0
304068,1068,33,0,8,356902,970,42,0,0
346289,1379,31,0,1,357916,1606,51,0,0
21624875,1671,18,0,1,315655,616,24,0,0
302510,721,51,0,5,306096,1932,66,0,0
308502,1179,38,0,2,349928,1298,45,0,0
21601578,1002,68,0,3,295635,1884,81,0,0
302999,2194,32,0,5,356595,659,13,0,0
302355,666,45,0,1,21600430,2506,20,0,0
21589310,128,28,0,1,297055,1076,54,0,0
294230,753,35,0,4,301631,660,85,0,0
309135,952,41,0,2,350497,1641,56,0,0
322925,116,58,0,1,299277,1014,76,0,0
340708,904,37,0,1,21623843,522,39,0,0
21620558,1729,65,0,1,304580,1616,32,0,0
316190,1314,60,0,1,21616012,941,86,0,0
324019,767,94,0,3,332599,1601,75,0,0
353242,687,31,0,5,359592,570,34,0,0
344112,600,91,0,0,342108,1631,102,0,0
21606489,821,20,0,1,331446,683,26,0,1
342648,2568,43,0,0,21625671,1190,26,0,0
293258,1044,57,0,1,21601703,1451,134,0,0
21601937,182,42,0,1,21606716,1856,52,0,0
21612653,326,111,0,0,21600538,1172,34,0,0
21595248,769,59,0,2,21601976,668,35,0,0
21606421,1776,18,0,3,21616882,1721,64,0,0
333203,890,106,0,3,21612003,2140,38,0,0
339985,637,55,0,1,293010,694,59,0,0
360255,2443,43,0,2,21614640,528,50,0,0
21622232,1252,42,0,3,299150,1714,50,0,0
362048,2525,35,0,2,329862,1719,46,0,0
21624805,1179,23,0,0,21614145,1217,25,0,0
298809,919,55,0,4,21588941,1062,33,0,1
21621521,2580,29,0,0,362551,601,56,0,0
21597588,2072,56,0,5,21592847,1009,44,0,1
337548,1735,66,0,1,335319,1021,65,0,0
343962,356,41,0,0,21604421,728,58,0,0
21592564,626,50,0,1,21595749,259,36,0,0
21608952,2347,115,0,1,362918,1803,38,0,0
297058,501,45,0,0,337788,1992,48,0,0
21617262,147,40,0,2,21594782,610,53,0,0
343359,932,47,0,3,330183,841,100,0,0
334428,1662,38,0,4,334559,2010,48,0,0
299019,1448,21,0,0,365209,1291,70,0,0
21620121,280,42,0,0,344130,1156,67,0,0
21591400,918,59,0,1,360575,1332,29,0,0
21626393,1807,60,0,0,21598553,592,55,0,0
353902,858,51,0,1,298927,894,47,0,0
340906,820,44,0,2,21622843,1269,56,0,0
295832,760,52,0,7,21595008,977,48,0,0
314460,2163,53,0,1,339835,1415,29,0,0
349497,903,68,0,1,334506,160,146,0,0
327851,1119,44,0,3,310478,1330,19,0,0
365604,1745,28,0,11,21600656,1103,41,0,0
336266,1039,47,0,1,358127,1006,42,0,0
341690,645,45,0,1,21589430,230,21,0,0
300504,1284,73,0,1,21610378,621,337,0,0
21591258,1189,57,0,5,364229,1834,17,0,0
313127,1699,34,0,0,307237,2272,15,0,0
21597189,791,41,0,3,301117,1852,42,0,0
321347,1598,15,0,3,352365,2125,24,0,0
364873,1400,29,0,7,21618810,851,49,0,0
21618517,1447,66,0,7,21593786,825,34,0,0
350191,652,41,0,4,21614696,1338,46,0,0
308151,576,20,0,3,21623921,2067,32,0,0
21616588,911,36,0,1,21594348,132,41,0,0
365424,2189,29,0,1,21618148,932,28,0,1
311446,882,90,0,7,21595874,2584,34,0,0
21617559,643,72,0,1,326281,413,101,0,0
21596333,642,31,0,3,357057,1626,24,0,0
348451,812,39,0,1,327233,739,29,0,0
21613262,1165,62,0,2,21607711,1184,74,0,0
345229,1294,52,0,0,21599896,239,134,0,0
321027,1633,52,0,1,314563,864,29,0,0
339579,672,120,0,5,299932,1724,62,0,0
21627575,656,32,0,1,299970,1868,56,0,0
302577,1644,80,0,2,21615400,753,41,0,0
21615188,976,51,0,5,363508,1486,39,0,0
21598122,607,78,0,0,21621100,569,23,0,0
21591958,1322,30,0,4,21626397,1140,28,0,0
329946,1149,37,0,0,343289,674,52,0,0
310989,653,19,0,5,21616817,893,35,0,1
21619028,945,39,0,0,21598235,315,75,0,0
306527,473,125,0,2,350508,813,108,0,0
21620894,1929,51,0,3,21618845,518,50,0,0
21598170,269,49,0,3,21617145,2519,32,0,0
21609912,766,19,0,0,300658,1412,21,0,0
21607169,2175,30,0,1,358301,1648,59,0,0
313806,1337,37,0,0,333600,682,60,0,0
319239,769,36,0,1,21630275,1026,71,0,0
315227,1233,27,0,2,21626616,1622,54,0,0
21605289,1089,51,0,0,322716,1670,54,0,0
21628278,1053,144,0,5,309356,1374,48,0,0
321220,1199,51,0,5,21621119,1837,59,0,0
299866,859,115,0,5,359049,1010,54,0,0
328200,1380,53,0,3,359859,853,41,0,0
21592978,890,37,0,3,21616070,1231,53,0,0
357564,654,32,0,1,300368,645,21,0,0
21621077,711,50,0,5,21593780,1061,68,0,0
21592046,634,41,0,0,21608370,934,48,0,0
21613363,1121,33,0,2,312473,1916,18,0,0
307734,688,46,0,1,21626250,1408,55,0,0
301386,1142,51,0,2,21626942,1612,31,0,0
21593198,419,79,0,6,303637,2107,33,0,0
344091,959,37,0,3,302674,1133,84,0,0
21593417,1076,56,0,5,21606518,1210,25,0,0
21594428,1808,45,0,3,353379,1329,48,0,0
359001,1141,58,0,0,342825,335,47,0,0
325214,952,19,0,1,298284,219,34,0,0
343765,1507,32,0,1,21603990,603,44,0,0
360872,1270,43,0,5,340584,1639,43,0,0
21610664,1190,48,0,1,21604338,1256,86,0,0
339939,899,25,0,1,21629551,966,23,0,0
359401,1720,27,0,4,21604738,2203,26,0,0
21594167,761,36,0,1,316332,1362,27,0,0
21605732,2367,47,0,3,21616027,901,88,0,0
300940,1112,58,0,2,302581,302,73,0,0
304339,626,27,0,1,311312,1525,31,0,0
315668,871,57,0,6,321941,860,83,0,0
315565,984,131,0,7,21623866,1296,43,0,0
314194,536,51,0,0,353410,1640,25,0,0
21600307,1360,118,0,1,21596389,1343,47,0,1
21592909,932,39,0,0,330866,2349,29,0,0
363331,1922,62,0,0,358297,1083,37,0,0
21593044,857,40,0,8,363476,1748,30,0,0
21598066,930,33,0,1,302575,1146,22,0,0
21607055,499,21,0,1,21615196,1649,37,0,0
21604631,1306,41,0,0,321539,829,47,0,0
21622467,1037,65,0,5,21628040,394,137,0,0
21609736,982,78,0,5,322800,1116,61,0,0
321595,893,34,0,0,359947,746,36,0,0
343403,1040,30,0,0,21594695,1971,58,0,0
21600876,522,36,0,1,21595863,1368,56,0,0
21610743,1696,41,0,1,21588138,703,30,0,0
331247,742,61,0,2,21606471,1475,56,0,0
311049,473,68,0,2,21611920,1651,92,0,0
21608682,969,56,0,1,21622468,1416,42,0,0
21597116,541,56,0,0,308877,277,129,0,0
323843,371,56,0,0,21604401,1986,44,0,0
21605489,1874,25,0,3,311711,1422,24,0,0
21617356,1496,54,0,2,21594440,850,50,0,0
21624096,1282,37,0,1,21606484,1088,17,0,0
21621614,1202,98,0,1,21591647,1944,83,0,0
21610367,981,47,0,1,316107,566,43,0,0
364715,1847,46,0,1,21629673,911,22,0,0
341639,875,57,0,1,346631,581,19,0,0
346708,1363,39,0,2,352856,919,54,0,0
21626316,964,40,0,1,331377,432,51,0,1
21595709,1111,42,0,2,333744,1116,60,0,0
322836,660,44,0,1,332803,653,84,0,0
21597788,1057,57,0,4,21592906,915,40,0,1
359544,1232,46,0,2,21590947,2532,29,0,0
21595166,1995,36,0,1,340275,290,54,0,0
332019,1310,35,0,2,315331,2549,24,0,0
21597670,1609,47,0,5,21612191,663,33,0,1
351976,1221,64,0,3,349745,676,63,0,0
21615030,825,32,0,4,21616655,633,55,0,0
21627236,808,94,0,2,21632246,1199,27,0,0
21607062,2317,38,0,2,21613206,1008,29,0,0
331524,1021,89,0,5,21633134,2529,31,0,0
21629031,2173,45,0,0,303924,989,30,0,0
21616636,772,46,0,0,21599463,2215,35,0,0
21620537,1391,40,0,3,21618813,1757,59,0,0
21627578,722,29,0,2,341731,1093,177,0,0
361684,1114,44,0,4,346152,1850,28,0,0
21621150,1939,66,0,3,325252,1138,41,0,0
21604873,2409,38,0,2,306263,1620,30,0,0
21611115,1793,19,0,4,21621147,735,42,0,0
328025,642,45,0,0,360415,501,18,0,0
333737,1023,39,0,0,309271,2038,27,0,0
21589276,1945,45,0,3,362059,978,36,0,0
341527,1016,97,0,0,326670,1233,54,0,0
303013,673,25,0,5,340302,1195,29,0,0
21588425,582,23,0,1,356422,670,64,0,0
308812,1204,85,0,1,335847,508,63,0,0
309676,1327,19,0,2,346806,1244,43,0,0
344075,1158,42,0,6,301588,451,106,0,0
309631,1214,17,0,1,21591654,1412,57,0,0
21613308,1650,61,0,1,21598644,1126,24,0,0
363589,520,53,0,3,340017,1977,19,0,0
21592749,241,56,0,2,21595961,850,73,0,0
308479,1356,105,0,0,329768,927,26,0,0
21618455,956,24,0,0,21593592,311,22,0,0
21596222,1782,63,0,0,330470,547,48,0,0
21598492,1650,41,0,0,324396,704,21,0,0
337930,527,32,0,0,21603278,1290,62,0,0
334182,1013,55,0,0,355664,1176,50,0,0
340883,1347,47,0,1,364432,878,78,0,1
342103,1868,26,0,3,335436,554,27,0,0
309480,1820,51,0,1,21592577,984,23,0,0
307978,1086,34,0,0,315503,1756,58,0,0
319135,2056,17,0,2,360802,1466,26,0,1
334613,1109,30,0,0,329303,2146,21,0,0
21624036,1306,43,0,1,21600369,961,90,0,0
21597370,699,53,0,0,21621691,1556,23,0,0
332748,519,37,0,0,21592201,834,49,0,0
326277,440,117,0,2,349765,997,99,0,0
305151,1887,34,0,0,21610923,1639,59,0,0
332034,1887,78,0,2,312396,1134,105,0,0
323499,1632,24,0,3,302599,1077,76,0,0
307690,1142,25,0,1,352623,1174,22,0,0
21595690,1814,61,0,1,300906,1264,31,0,0
21604526,1603,54,0,3,21630126,1201,61,0,0
21633938,1350,70,0,1,335653,982,39,0,0
21620552,2101,40,0,5,21628619,808,39,0,0
348019,695,28,0,2,332658,1931,28,0,0
313735,1695,75,0,0,21602987,1342,35,0,0
350201,423,35,0,4,317135,769,35,0,0
21589736,575,46,0,1,307841,349,27,0,0
21605808,823,70,0,1,21635489,1715,50,0,0
21625597,841,57,0,1,342930,782,78,0,0
21595393,1554,58,0,2,21636212,1424,55,0,0
329096,744,79,0,2,21626736,2038,54,0,0
365158,1161,57,0,2,363329,1051,30,0,0
314136,1103,49,0,1,360261,1221,18,0,0
21611532,1397,40,0,5,21601993,882,51,0,0
21601078,548,62,0,8,21590095,1044,33,0,0
332128,711,87,0,2,21610248,722,46,0,0
331856,1165,55,0,6,365700,735,23,0,0
332120,1849,33,0,5,21591825,1649,54,0,0
21609786,1175,54,0,1,21603508,1123,44,0,0
321576,1540,43,0,1,21629837,433,28,0,0
337618,418,34,0,7,21589822,1188,42,0,0
345548,755,20,0,1,331577,252,27,0,0
21598608,1660,45,0,1,324824,1918,33,0,1
354051,2120,45,0,3,358651,693,57,0,0
21634497,1206,54,0,1,349377,1517,64,0,0
351964,1073,98,0,1,334663,1225,36,0,0
362286,1080,53,0,2,335651,1171,47,0,0
356058,1631,65,0,3,363536,973,41,0,0
325545,513,62,0,1,21618666,2193,162,0,0
341364,2145,36,0,1,21636679,1680,41,0,0
21606556,1353,39,0,3,334279,272,33,0,1
21615699,633,52,0,1,21608188,1230,35,0,0
21637372,637,49,0,3,21598770,1404,37,0,0
345554,909,56,0,2,317141,1426,22,0,0
21633725,994,58,0,0,311125,661,77,0,0
310408,525,118,0,1,365844,949,75,0,0
321143,259,80,0,3,363619,1332,29,0,0
352411,1488,30,0,4,21588434,2503,35,0,0
21610838,1863,39,0,3,332309,1167,59,0,0
21630832,1383,40,0,1,351977,834,58,0,0
21633319,1333,44,0,3,325106,2142,108,0,0
334218,813,27,0,1,331383,879,36,0,0
365435,1480,29,0,5,21615493,1652,52,0,0
21623593,2288,25,0,3,357058,992,30,0,1
352358,484,54,0,5,311420,660,25,0,0
327385,1449,27,0,0,351121,1313,31,0,0
319339,1339,43,0,0,21614803,963,24,0,0
21588939,1819,29,0,0,21628059,2275,31,0,0
329879,1977,42,0,3,21610435,1130,59,0,1
324722,743,54,0,1,328832,277,22,0,0
364112,990,35,0,2,21622448,736,77,0,0
322029,1708,165,0,3,340853,895,29,0,0
21599313,1331,40,0,0,21604064,645,37,0,0
354132,1091,34,0,3,305234,1874,35,0,0
21605806,1209,78,0,0,21622110,259,20,0,0
329998,453,93,0,0,361134,1180,90,0,0
333690,624,41,0,4,21620838,1006,29,0,0
21597617,1252,54,0,2,305054,1928,42,0,1
326226,1759,54,0,1,21628650,711,20,0,0
310983,967,19,0,3,334011,1179,29,0,0
21604404,346,90,0,1,307856,1040,53,0,0
348123,772,59,0,6,21606782,1243,38,0,0
310947,1515,23,0,0,324641,1646,24,0,0
353493,273,96,0,2,21592822,1381,61,0,0
357408,2162,61,0,3,21612461,855,184,0,0
320311,1794,51,0,0,312637,666,60,0,0
352136,1161,43,0,4,21588855,1394,27,0,0
327622,1392,59,0,1,347853,1113,29,0,0
338367,796,62,0,4,320601,1618,39,0,0
21589415,2033,57,0,1,21607306,1234,25,0,0
21600700,734,52,0,2,342904,540,24,0,0
21614681,458,20,0,2,21626571,549,44,0,0
330052,733,85,0,6,21621141,943,113,0,0
340411,806,16,0,3,21595593,1261,61,0,0
21623811,1177,42,0,0,21614754,2182,66,0,0
333167,1670,40,0,7,330400,1536,56,0,0
21619485,589,30,0,7,346967,1196,46,0,0
21613079,1584,18,0,4,338975,2591,68,0,0
21628590,2313,54,0,0,331482,2398,36,0,0
21628291,1297,30,0,4,348467,2019,60,0,0
21599235,1138,59,0,4,21631893,726,26,0,0
21613137,1607,42,0,0,21608675,1091,31,0,0
322151,633,62,0,3,21594419,1940,51,0,0
21588835,2167,41,0,0,21612167,1643,31,0,0
21606654,907,31,0,0,21599163,1060,19,0,0
21602490,882,26,0,0,310836,1165,54,0,0
342339,456,36,0,0,363236,617,30,0,0
21621963,1452,30,0,1,329624,1294,59,0,0
21594979,1029,38,0,0,21588559,937,31,0,0
21592968,1415,49,0,1,21630242,1192,57,0,0
21594758,1354,30,0,3,344448,1787,19,0,0
351792,2174,57,0,4,21595969,2113,44,0,0
350790,1408,29,0,0,21630444,938,28,0,0
358738,1039,80,0,5,21590571,1771,22,0,0
343443,1804,65,0,1,21620412,1521,47,0,0
21606755,1432,47,0,3,306825,1909,20,0,0
354663,1351,39,0,1,329859,1985,46,0,0
21592711,2501,26,0,1,21638962,2004,33,0,0
21631980,1807,61,0,2,311395,921,80,0,0
21588223,1270,23,0,5,343853,1147,38,0,0
21620209,2464,126,0,10,21593206,1027,11,0,0
358626,605,178,0,3,308824,2578,11,0,0
21590049,1991,23,0,2,21588631,479,27,0,0
21609434,1168,66,0,8,21612266,1572,26,0,0
21611599,2020,33,0,0,21593856,2336,45,0,0
21621051,235,28,0,3,21630468,2561,25,0,0
315028,925,98,0,3,21588057,1186,24,0,0
322428,1160,39,0,2,21607920,1559,72,0,0
332674,994,37,0,4,356532,529,20,0,0
21612829,2123,67,0,9,357102,1211,60,0,0
21612154,1148,45,0,0,21634103,270,37,0,0
337333,1340,70,0,0,21622679,111,75,0,0
21608731,1570,38,0,2,21590648,868,86,0,0
21631535,1892,41,0,0,356816,1357,42,0,0
361686,1265,35,0,1,21600467,1463,41,0,0
346578,1100,60,0,3,21594241,1780,73,0,0
21632169,670,49,0,0,306593,878,41,0,0
312165,878,45,0,0,21625609,1138,53,0,0
344068,1974,39,0,1,334872,1608,62,0,0
21629289,771,36,0,0,21612972,2189,42,0,0
348932,1699,28,0,0,21614907,1937,77,0,0
21592647,1494,11,0,1,320677,2012,39,0,0
322167,488,49,0,1,363281,280,80,0,0
328241,1054,57,0,1,318183,136,28,0,0
21593111,645,37,0,1,354611,1698,35,0,0
21608659,932,49,0,0,313504,669,39,0,0
21627400,1030,44,0,3,317040,1184,60,0,0
21622709,1548,28,0,2,21627833,1084,62,0,0
21639416,876,69,0,1,342950,1381,27,0,1
308528,754,33,0,2,310871,1443,44,0,0
359187,848,77,0,1,21610315,2551,24,0,0
355410,1123,51,0,2,21609103,2329,44,0,0
21640614,2210,34,0,0,21630501,672,29,0,0
351872,1187,58,0,0,21605788,535,33,0,0
21596306,1187,45,0,4,21627427,702,52,0,0
21624143,1165,38,0,0,352232,1461,52,0,0
21591542,1241,66,0,2,21630885,948,81,0,1
21628134,412,47,0,0,337605,883,48,0,0
21618313,763,24,0,1,21605736,1031,48,0,0
21616851,817,18,0,3,320727,1472,56,0,1
21613304,1609,40,0,3,21625615,1394,42,0,0
328566,640,65,0,3,338368,1988,20,0,0
21593833,771,27,0,5,21607970,725,64,0,0
21615873,1644,19,0,2,21596115,1107,36,0,0
361893,2087,22,0,9,21624095,1502,38,0,0
357272,1052,46,0,0,317312,1012,26,0,0
21622367,1100,45,0,1,326058,1717,24,0,0
21622260,1292,38,0,7,21627847,952,28,0,0
311602,2105,28,0,0,309506,1296,39,0,0
21606986,1588,82,0,1,21606565,698,51,0,0
309773,655,52,0,2,21627123,1115,20,0,0
21611163,1869,30,0,4,346507,2129,49,0,0
21638875,780,22,0,2,21589470,2181,22,0,0
352385,720,19,0,1,351971,680,100,0,0
21605104,2018,67,0,2,21601314,1623,52,0,0
364619,1422,60,0,1,21593122,1010,37,0,0
21594555,1209,65,0,1,21610561,2234,71,0,0
21627305,1144,50,0,0,336419,851,68,0,0
21629690,1126,62,0,10,21598597,1205,31,0,0
21620013,824,46,0,1,21590350,1685,42,0,0
21616156,2246,34,0,4,21610916,1407,39,0,0
21614821,1919,35,0,0,21639263,1817,30,0,0
21624594,932,29,0,0,21612203,967,26,0,0
21608853,717,35,0,1,21611407,1384,25,0,0
21595260,1984,57,0,2,21590204,814,41,0,0
21613755,2187,20,0,0,328198,733,83,0,0
21627846,664,26,0,1,336202,880,24,0,0
336259,1036,78,0,1,331462,1968,38,0,0
311683,458,45,0,3,21594016,593,53,0,0
21640043,1493,86,0,4,21631956,1044,33,0,0
21588238,1463,49,0,1,363312,588,92,0,0
21599878,668,18,0,1,310840,735,23,0,0
348730,620,50,0,7,343748,841,26,0,0
341509,842,71,0,1,21636686,414,65,0,0
334620,526,29,0,1,21618846,2105,99,0,0
21612246,956,33,0,5,21588685,1758,72,0,0
21625918,587,35,0,7,21618828,913,36,0,0
357503,1516,32,0,8,21632386,1793,26,0,1
21641251,1690,34,0,0,315978,1741,61,0,0
21612800,1260,91,0,4,21633537,2512,132,0,0
21613461,1208,54,0,1,21598867,1104,54,0,0
357180,1128,30,0,9,21605457,1919,43,0,0
21605181,648,33,0,15,21639924,1082,83,0,0
21591851,1390,59,0,1,21640806,2214,50,0,0
21637357,1366,17,0,0,333781,1143,35,0,0
21610496,382,116,0,17,364545,625,66,0,0
333055,2031,51,0,1,21607146,1693,121,0,0
21609026,2255,48,0,8,349281,668,37,0,0
21619385,1625,57,0,3,314395,777,82,0,0
21606520,906,71,0,1,316070,959,50,0,0
21591393,716,63,0,0,21594526,1972,27,0,0
21594775,2311,53,0,1,21627225,742,64,0,0
322695,1416,67,0,0,21641868,1139,17,0,0
21608602,1270,36,0,0,360172,957,44,0,0
319569,1518,59,0,2,361568,1595,41,0,0
322681,1595,54,0,0,343954,752,40,0,0
21611608,2345,35,0,9,21606784,354,96,0,0
21632810,1333,94,0,2,350617,1512,24,0,0
21638674,1827,37,0,1,21610855,1409,28,0,0
21624919,2264,34,0,1,21619913,1192,53,0,0
362156,617,60,0,6,313899,963,81,0,0
21613690,836,35,0,3,21613681,1208,36,0,0
21618881,2185,42,0,2,361857,1125,47,0,0
21601668,2181,49,0,0,310120,762,54,0,0
21591894,302,39,0,4,21631264,1904,55,0,0
338268,1836,33,0,1,327325,1478,52,0,0
326840,1662,42,0,6,344011,1167,79,0,0
328364,934,36,0,1,21624978,837,45,0,0
21592519,234,157,0,1,21626223,1819,24,0,0
21611339,565,34,0,1,330180,916,50,0,0
21627733,2137,72,0,2,342879,1965,44,0,0
357622,1584,23,0,4,347266,1282,27,0,0
21633216,1063,37,0,8,311892,310,80,0,0
21631085,1493,47,0,11,349169,959,24,0,0
314770,469,24,0,0,21608902,1301,14,0,0
313308,1419,25,0,4,330631,1401,51,0,0
21631805,2404,36,0,0,366057,1485,66,0,0
341715,402,58,0,0,21631062,1341,27,0,0
21628896,1008,97,0,0,21592306,1156,84,0,0
21619351,345,42,0,0,21609985,2338,53,0,0
21640875,917,36,0,3,21588790,1128,76,0,0
364713,1132,58,0,0,338641,1367,76,0,0
21601223,602,68,0,0,21631069,1120,25,0,0
21612544,1620,38,0,2,345157,994,34,0,0
317174,311,39,0,2,21639530,787,27,0,0
21588112,886,42,0,3,318624,898,49,0,0
21642982,1149,51,0,1,21612217,1080,33,0,0
21631371,1432,39,0,5,343354,1013,43,0,0
21610500,587,21,0,1,329522,1489,38,0,0
320541,1188,33,0,0,334170,965,34,0,0
21637467,712,28,0,1,21640176,1398,91,0,0
21644314,1352,35,0,3,334299,874,33,0,0
317853,1644,47,0,1,21616938,827,213,0,0
21615800,479,57,0,6,21600264,1381,42,0,0
21617597,1210,26,0,0,21615782,937,32,0,0
21600076,1213,47,0,6,21632873,1126,64,0,0
317125,758,28,0,1,317702,802,71,0,0
323299,1326,56,0,3,21627131,1220,45,0,0
21643023,1742,52,0,3,21646401,1608,55,0,0
21592941,1742,27,0,5,21613871,1186,52,0,0
21594839,1157,70,0,1,21609934,918,38,0,0
21603241,960,65,0,1,21595236,1172,39,0,0
21643847,1114,166,0,2,316730,1463,38,0,0
21599466,1835,24,0,1,312944,1230,23,0,0
21590347,789,22,0,1,357576,1395,86,0,0
21592652,619,45,0,2,21622791,1830,45,0,0
365416,957,33,0,1,353115,913,21,0,0
365941,415,44,0,2,21595255,1060,46,0,0
361184,617,18,0,0,345384,1899,57,0,0
21618960,2157,36,0,1,21637701,813,71,0,0
21590522,1425,29,0,3,333014,632,60,0,0
21644984,934,60,0,2,334779,1304,51,0,0
21622606,1974,55,0,2,21592218,1236,31,0,0
362651,1775,38,0,2,21613096,653,128,0,0
21595684,788,50,0,0,21594845,1580,51,0,0
334465,888,58,0,3,355776,869,44,0,0
21605587,1611,86,0,2,21588785,1854,26,0,0
21626085,817,56,0,7,21605903,1419,80,0,0
336908,1020,17,0,0,21615618,903,18,0,0
21647958,1445,26,0,0,353791,2594,57,0,0
317846,2039,59,0,2,21613547,1426,44,0,0
339599,118,40,0,2,335977,2562,44,0,0
358571,623,41,0,1,21603084,777,17,0,0
21639401,1559,31,0,0,21605016,1037,32,0,0
21645212,721,53,0,0,360882,567,30,0,0
21634236,948,91,0,1,21646023,1075,50,0,0
21588742,1611,46,0,3,336340,874,61,0,0
355616,715,62,0,1,21601992,1129,38,0,0
21635265,908,32,0,1,360964,735,26,0,0
21600269,1231,80,0,1,21600410,1725,24,0,0
356679,935,31,0,5,21619703,868,49,0,0
21593849,1068,45,0,1,333054,727,54,0,0
365177,336,47,0,5,314705,1906,39,0,0
335691,1802,46,0,3,339178,998,45,0,0
21644478,1958,71,0,1,21592398,1813,67,0,0
21644634,728,63,0,3,344885,1032,48,0,0
21627081,1152,53,0,3,21597779,642,13,0,0
21616715,1590,42,0,1,331707,936,28,0,0
341638,456,35,0,3,349578,1876,41,0,0
21636771,632,23,0,0,339184,1270,39,0,0
21603144,1105,86,0,0,21612146,2053,32,0,0
21621511,508,63,0,0,21647077,1915,87,0,0
21593916,1064,54,0,1,21613933,2111,29,0,1
21617024,1218,46,0,0,354149,617,66,0,0
21647595,2152,20,0,0,21647628,526,32,0,0
21646821,716,56,0,2,21648054,1161,54,0,0
331154,841,39,0,0,21638194,1584,24,0,0
363953,733,66,0,4,327338,2136,43,0,0
339639,1337,80,0,1,21618980,1145,16,0,0
21616489,1010,161,0,1,21642566,925,27,0,0
21611459,2118,42,0,7,21617762,1144,53,0,0
339619,1427,28,0,0,21613227,1248,53,0,0
21591655,960,16,0,2,21642775,1440,36,0,0
21610789,2270,26,0,3,21597472,1496,61,0,0
319905,1057,55,0,1,21611129,781,89,0,0
363594,820,45,0,8,21591228,1696,49,0,0
21644203,1410,59,0,0,359872,2156,19,0,0
344510,1053,70,0,0,21601521,1114,80,0,0
21596626,1340,52,0,4,21628585,1495,63,0,0
324534,975,50,0,0,21619055,1140,21,0,0
21625220,133,40,0,6,21649078,1098,56,0,0
21591474,807,50,0,2,21606947,1493,39,0,0
323222,809,67,0,2,21619049,1240,49,0,0
21589563,1154,27,0,0,322539,938,29,0,0
361468,1746,66,0,0,329612,679,193,0,0
345642,1821,25,0,4,21650275,860,42,0,0
21600126,1056,26,0,6,364691,1537,40,0,0
21601558,2125,54,0,1,337835,535,54,0,0
21611875,2378,74,0,1,21642401,1519,41,0,0
325848,535,22,0,5,21590961,1376,24,0,0
21646193,1857,18,0,3,21647643,1659,25,0,0
21592170,607,71,0,1,21616783,866,56,0,0
21596347,868,37,0,1,333419,457,96,0,0
316559,1055,35,0,0,346458,636,62,0,0
21610497,1915,42,0,0,21628325,752,76,0,0
345876,408,89,0,1,21620557,745,72,0,0
21618930,1362,55,0,0,336995,2161,49,0,0
360845,258,23,0,2,21589182,435,44,0,0
21598478,739,36,0,1,21617995,1743,161,0,0
21597204,695,34,0,1,21594879,1375,14,0,0
21620003,705,19,0,0,325058,1660,44,0,0
21587982,1162,70,0,2,21634690,991,18,0,0
326193,849,51,0,6,347845,1038,28,0,0
360046,921,34,0,1,21592085,1260,79,0,0
339670,2300,67,0,2,21650041,786,24,0,0
21627242,1608,39,0,3,21616606,1309,30,0,0
318633,1044,56,0,3,21615221,1792,82,0,0
21623891,1681,48,0,1,359999,1472,34,0,0
21616678,1439,40,0,8,21596120,1673,31,0,0
21635748,792,29,0,1,21595486,900,46,0,0
318521,2354,39,0,2,21596261,2008,56,0,0
335842,1033,86,0,0,21597817,776,73,0,0
21643511,600,28,0,5,333265,1823,51,0,0
347106,1164,44,0,3,362150,349,54,0,0
21632222,1274,26,0,3,21623997,2048,26,0,0
21616289,451,36,0,3,21638469,910,25,0,0
321682,2104,30,0,0,21591694,286,72,0,0
356186,2254,49,0,1,21604107,1131,59,0,0
351599,379,52,0,2,21638158,1610,40,0,0
344057,1034,66,0,1,21609904,1109,55,0,0
21634940,727,66,0,2,21644843,2122,29,0,0
21636144,824,59,0,2,21613357,828,36,0,0
343617,782,50,0,1,335111,2571,18,0,0
21595714,759,59,0,8,365027,1684,61,0,0
21618739,1270,28,0,4,359602,731,62,0,0
336502,2115,20,0,0,21615658,706,147,0,0
21606761,857,27,0,4,21617326,643,36,0,0
334804,403,31,0,1,21596361,1152,36,0,0
332704,990,39,0,1,320165,1147,68,0,0
21645696,1301,48,0,0,21609465,442,52,0,0
333190,808,51,0,1,21605366,1088,35,0,0
327382,1194,24,0,0,361091,115,85,0,0
317084,533,68,0,0,21611694,1687,47,0,0
339627,112,35,0,1,21643250,701,81,0,0
340169,555,49,0,1,21611931,705,44,0,0
330053,2110,26,0,3,21609529,1094,58,0,0
362362,1552,19,0,1,21630480,1534,33,0,0
355360,850,49,0,2,21605586,755,32,0,0
363903,551,82,0,1,21641623,694,47,0,0
344260,1110,32,0,1,21588962,1191,60,0,0
346689,2450,57,0,1,21641584,1406,45,0,0
333525,1783,15,0,7,21609232,780,59,0,0
332499,1102,22,0,0,21641620,670,32,0,0
21610957,2425,28,0,2,21620841,1511,31,0,0
21591490,770,29,0,12,21639967,562,48,0,0
356932,671,78,0,1,325013,2161,16,0,1
356979,629,44,0,2,21612766,1840,54,0,0
21623200,1000,53,0,4,331877,309,39,0,0
21603619,652,53,0,2,21590750,1731,43,0,0
21643202,718,44,0,1,21588362,1606,49,0,0
322556,1547,22,0,11,21630831,621,49,0,0
21609926,1001,51,0,2,21614328,137,53,0,0
21621884,1018,71,0,1,21613428,1356,50,0,0
21598749,1083,28,0,11,359771,1811,17,0,0
21611282,707,23,0,2,21635969,435,77,0,0
21624630,2149,17,0,1,21650796,998,49,0,0
21649996,833,86,0,1,21618674,2381,33,0,0
21631495,1171,33,0,2,21617497,1027,49,0,0
322217,329,64,0,3,21591524,795,65,0,0
339804,1316,43,0,3,324741,1224,36,0,0
21650127,1192,72,0,1,21607397,1645,82,0,0
21604667,670,42,0,5,323280,779,50,0,0
21610246,1173,68,0,3,21633368,1112,40,0,0
21644338,1084,51,0,7,21637879,930,29,0,0
21638702,886,25,0,3,21592969,791,30,0,0
21593877,782,48,0,1,361069,956,62,0,0
349726,283,35,0,3,330166,1341,12,0,0
21652196,2101,21,0,7,21623884,1702,26,0,0
343262,873,149,0,3,21589853,826,30,0,0
21593646,1306,32,0,1,21588273,1019,47,0,0
323718,1416,42,0,1,21626484,331,53,0,0
21624207,687,106,0,2,346029,1595,17,0,0
347849,1704,27,0,1,21596805,1182,22,0,0
338619,1539,44,0,3,21648252,1562,65,0,0
21622222,315,27,0,4,21647322,1419,53,0,0
21589583,2077,47,0,2,21590956,848,72,0,0
326629,1239,72,0,4,21621291,1113,79,0,0
356169,1172,39,0,0,21619904,842,274,0,0
21648871,1489,50,0,5,21594640,1629,46,0,0
21641698,1374,49,0,8,21617894,1658,60,0,0
21654680,2461,31,0,1,21600779,1396,26,0,0
21650918,1099,61,0,3,356823,1743,46,0,0
21636430,2273,31,0,2,333448,1443,63,0,0
21596349,2145,70,0,0,332646,995,53,0,0
324193,2113,68,0,0,365815,713,15,0,0
21649840,715,58,0,4,21644245,369,19,0,0
21599826,884,156,0,1,21589020,1306,52,0,0
361554,1120,78,0,0,362767,2193,31,0,0
21600496,1451,33,0,3,358368,607,51,0,0
328244,1784,56,0,1,21606019,1163,34,0,1
332228,1447,32,0,1,21607525,740,47,0,0
21633367,763,58,0,7,350523,777,81,0,0
21627125,1061,52,0,2,21624277,778,43,0,0
21649102,1094,46,0,2,362303,1949,29,0,0
327825,1334,38,0,3,21635216,452,43,0,0
21594983,788,50,0,2,360756,564,55,0,0
21641271,722,33,0,0,21614713,1603,41,0,0
21597551,1137,32,0,1,21600513,319,69,0,0
363596,447,61,0,1,21643935,604,30,0,0
21645889,629,35,0,0,21599128,1317,31,0,0
21609593,1011,36,0,1,21604620,875,49,0,1
21592394,2373,32,0,2,21630655,2183,39,0,0
21648881,1586,33,0,2,21616961,1216,18,0,0
21606754,859,61,0,4,21615353,909,60,0,0
21592811,912,38,0,2,21651293,1171,41,0,0
324684,1213,27,0,5,21636214,507,68,0,0
21643179,1176,44,0,0,362917,832,47,0,0
345980,1495,31,0,1,21652672,1818,36,0,0
21624562,1094,31,0,3,339892,1010,124,0,0
21647113,1195,88,0,0,361798,1182,63,0,0
328932,682,68,0,1,21641326,539,27,0,0
21592694,1506,54,0,2,365472,1478,60,0,0
21625115,1146,80,0,1,21611962,1477,45,0,0
21604748,1454,46,0,1,21629072,683,49,0,0
21634799,1034,65,0,1,335510,420,61,0,0
21619398,1645,35,0,1,341444,1263,68,0,0
21594619,1792,48,0,0,357036,1326,57,0,0
21619261,1282,14,0,6,21601927,637,46,0,0
21603467,189,75,0,2,21613486,1463,27,0,0
21628492,787,24,0,4,21590370,1218,87,0,0
21616824,947,41,0,3,341814,1860,34,0,0
21649378,1488,58,0,0,342561,788,68,0,0
356142,1568,32,0,0,21593752,2040,76,0,0
326968,2096,31,0,2,21617542,502,63,0,0
21623518,1281,49,0,0,21622356,1560,16,0,0
21652830,1529,63,0,1,330123,668,49,0,1
21654048,2084,31,0,0,347798,1004,62,0,0
21598640,1169,16,0,1,21640933,571,29,0,0
21619498,1611,42,0,18,21632436,868,45,0,0
21608106,1132,16,0,2,325693,878,44,0,0
339302,2133,57,0,1,333841,873,30,0,0
345454,1273,33,0,3,21588653,1771,79,0,0
357033,1010,31,0,0,21593987,758,28,0,0
326582,720,48,0,0,21593455,418,99,0,0
358019,963,56,0,0,21620970,983,54,0,0
364090,524,54,0,8,343969,1245,62,0,0
21597357,197,41,0,1,21646433,1671,32,0,0
21594741,635,41,0,2,21653491,939,86,0,0
21615113,1792,51,0,0,21624142,174,76,0,0
21636796,1117,24,0,4,21591449,1085,58,0,0
21607700,2275,30,0,1,21595343,1933,22,0,0
21604395,1016,44,0,6,21610513,1301,42,0,0
353412,514,39,0,6,21617613,2478,42,0,0
359474,2236,67,0,1,21647885,1060,68,0,0
365908,128,56,0,1,21635287,1143,46,0,0
21589562,1200,29,0,0,21616545,733,77,0,0
21640822,805,47,0,4,21612340,1811,45,0,0
21597696,573,77,0,0,21657771,2149,50,0,0
325597,2092,47,0,2,355429,907,44,0,0
21642034,545,58,0,1,21620298,128,115,0,0
21628008,1402,93,0,3,336026,1079,40,0,0
21643374,887,23,0,4,352898,907,49,0,0
327756,1676,22,0,3,21597757,1049,40,0,0
332157,848,56,0,0,21597613,1748,55,0,0
21635067,1553,34,0,2,21623554,851,65,0,0
21634575,2591,27,0,6,21625395,1714,75,0,0
21627380,1880,37,0,2,21632935,952,50,0,0
21651473,1014,28,0,2,338444,830,52,0,0
21658319,1311,41,0,5,21639201,165,59,0,0
337183,2121,55,0,4,21600487,173,107,0,0
331376,2581,26,0,1,365914,1594,22,0,0
21601801,1052,53,0,0,21591798,910,45,0,0
21591832,1229,27,0,0,327855,557,43,0,0
21632232,1428,39,0,3,21606470,744,47,0,0
21639855,2125,20,0,0,21649414,1657,29,0,0
21645768,310,61,0,1,21634513,1845,48,0,0
21632903,1927,33,0,3,21635381,1278,43,0,0
21607645,876,51,0,1,338860,1651,41,0,0
21625037,1678,21,0,3,21635863,1558,64,0,0
336460,1422,50,0,5,21615101,1299,57,0,0
21604648,933,74,0,7,21640883,1537,31,0,1
21606676,1437,61,0,1,340251,1502,50,0,0
21611636,853,39,0,0,346151,1891,81,0,0
21640373,1811,40,0,4,337829,451,34,0,0
338426,204,44,0,2,326070,746,44,0,0
362996,1400,29,0,2,21600856,1374,41,0,0
21636788,853,17,0,2,21588194,1151,61,0,1
21641751,1147,25,0,1,332917,839,26,0,0
359938,1509,30,0,0,21632745,1166,26,0,0
21599702,1065,32,0,5,21621809,1377,30,0,1
334054,2437,31,0,1,21593994,1191,53,0,0
343683,2190,21,0,0,335137,2018,43,0,0
359242,936,54,0,4,21624843,1047,19,0,0
21635254,710,43,0,9,362736,1820,23,0,0
21597834,289,50,0,1,21647028,1683,46,0,0
21648371,1479,36,0,3,21624466,1692,91,0,0
332997,635,59,0,9,21593721,1916,45,0,0
21638008,940,52,0,0,21616925,1441,49,0,0
21622918,1440,96,0,0,21605230,1109,22,0,0
21648327,1513,39,0,2,336802,1738,63,0,0
21598227,1112,94,0,0,21613812,1908,52,0,0
21635632,1918,32,0,3,21598496,2327,21,0,0
343940,752,42,0,0,21654477,1725,58,0,0
343874,1114,81,0,0,21637968,719,93,0,0
21616746,1348,59,0,4,21635882,946,74,0,0
21622830,1505,59,0,0,21638035,882,78,0,0
21603738,187,36,0,0,21617727,1818,56,0,0
21628151,1213,29,0,0,350054,1601,38,0,0
21635604,992,81,0,0,344741,1456,27,0,0
21630021,618,23,0,1,21605622,1169,32,0,0
362234,822,70,0,1,21625760,1541,78,0,0
21607470,232,38,0,0,21630460,1122,52,0,0
21609269,2447,41,0,0,21596815,373,63,0,0
21618689,2404,86,0,1,21616805,172,43,0,0
21629741,2024,57,0,1,21640308,563,37,0,0
21659051,459,42,0,0,21598130,900,58,0,0
21653800,1909,32,0,0,21646550,1333,60,0,0
21646258,1772,33,0,2,21596984,891,26,0,0
21591409,1362,81,0,0,352908,1978,62,0,0
21653600,601,44,0,5,333226,890,40,0,0
346395,568,44,0,2,21599955,1698,59,0,0
21616914,1807,36,0,0,21596283,2105,29,0,0
347075,1460,31,0,2,343497,1325,23,0,0
21627362,2351,69,0,2,21644310,130,58,0,0
21652597,1698,29,0,1,363467,1805,29,0,0
21640132,1123,62,0,1,21650132,2112,48,0,0
21647758,1602,58,0,2,21599939,674,63,0,0
21595897,1799,40,0,4,331641,2191,75,0,0
365075,956,79,0,1,346208,2154,42,0,0
21638862,850,45,0,1,21615110,1788,18,0,0
21594245,271,131,0,1,21614445,1671,45,0,0
364973,1609,57,0,0,21615570,992,35,0,0
21615241,1005,31,0,4,349958,222,59,0,0
361316,1644,36,0,1,21641299,1120,17,0,0
21643303,2202,47,0,3,21651670,1669,25,0,0
21649258,866,55,0,4,21607074,1171,54,0,0
347765,1190,34,0,8,21597265,1781,66,0,0
21589658,737,111,0,0,21605683,1761,53,0,0
21619921,1067,73,0,5,21636854,559,60,0,0
21658933,989,19,0,3,21594963,749,39,0,0
21629719,1313,79,0,1,21611372,2331,28,0,0
365857,1320,49,0,2,21657351,1710,28,0,0
21609994,396,42,0,0,21589622,914,29,0,0
21637344,1147,57,0,1,21617301,1741,31,0,0
21638634,965,55,0,8,21635820,915,23,0,0
21653601,1659,49,0,9,21617587,2174,32,0,0
364126,1568,56,0,2,21640864,1769,21,0,0
21588706,1075,59,0,0,21592316,1313,21,0,0
21636912,2530,53,0,2,21620729,1803,41,0,0
361061,1058,25,0,5,21591957,1925,107,0,0
21595176,728,23,0,0,21602277,946,64,0,0
21588833,596,59,0,0,21635022,829,31,0,0
21592183,936,50,0,5,332072,1717,53,0,0
21602017,818,30,0,4,21597744,1618,38,0,0
21593506,2516,53,0,3,336257,617,42,0,0
21616475,1070,56,0,4,339133,116,426,0,0
21615779,872,42,0,6,21595686,656,80,0,0
21604600,2257,34,0,1,21622259,1975,40,0,0
21632192,892,62,0,5,21640814,1617,46,0,0
362561,828,46,0,0,21609265,885,66,0,0
333541,406,46,0,3,21655358,648,62,0,0
344913,1603,49,0,6,21616641,1968,50,0,0
344420,1248,78,0,2,21591178,235,104,0,0
21592650,949,46,0,1,21627067,1351,22,0,0
365841,1963,140,0,0,360087,1855,21,0,0
21597716,1409,54,0,1,21656138,645,46,0,0
21606524,1663,34,0,3,21636565,2572,61,0,0
338919,1067,42,0,2,21624766,1227,38,0,0
21636851,909,44,0,1,337540,1317,21,0,0
21588587,1012,39,0,0,21636605,1349,32,0,0
21636205,896,56,0,8,21625398,1600,35,0,0
21651330,1173,30,0,2,21646295,611,56,0,0
357556,1841,92,0,4,355116,1137,74,0,0
356377,915,31,0,0,355775,566,43,0,0
21660040,696,27,0,5,21657470,356,19,0,0
21606255,2232,55,0,0,21649275,1937,50,0,0
346022,987,38,0,2,21598134,662,74,0,0
338526,1763,57,0,1,360843,715,48,0,0
21644648,2134,39,0,5,21618934,1138,50,0,0
365910,1608,105,0,6,354273,1125,56,0,0
21597081,993,39,0,1,21606331,1535,98,0,0
21591954,2385,21,0,0,21608751,920,59,0,0
332248,681,55,0,3,333860,1278,41,0,0
21639696,2003,48,0,1,21638552,1570,52,0,0
21651516,2371,37,0,4,356924,444,41,0,0
21655716,1038,81,0,3,21654513,2149,36,0,0
21650048,1146,37,0,1,349954,2074,26,0,0
21623899,654,60,0,2,21655361,2030,20,0,0
21645242,1719,38,0,4,357936,635,44,0,0
21653573,2228,26,0,0,21625670,828,36,0,0
21623562,768,58,0,0,331729,1566,41,0,0
21611766,1035,96,0,0,21649814,859,49,0,0
21608022,906,36,0,1,21660492,1258,18,0,0
21600465,1387,46,0,1,21589637,892,91,0,0
21590634,611,14,0,6,21638275,1889,46,0,0
21643358,1537,34,0,1,21660353,941,43,0,0
21633186,1679,92,0,2,21650803,1745,65,0,0
364290,1729,29,0,11,335075,1105,28,0,0
21606211,1040,78,0,4,332204,922,54,0,0
21599724,539,35,0,2,21612977,1604,42,0,0
365375,891,46,0,0,21651118,459,36,0,0
341337,1140,39,0,1,21651044,978,47,0,0
21617097,932,62,0,2,21638064,679,32,0,0
21650411,2428,47,0,4,21615755,844,51,0,0
350734,668,27,0,1,357287,1414,97,0,0
21644501,796,50,0,1,21626003,1716,61,0,0
336795,2576,29,0,2,21615828,1878,55,0,0
21632354,1285,36,0,2,21628840,883,63,0,0
21590627,930,44,0,1,21590093,1351,39,0,0
21616051,1611,82,0,0,21602689,1196,62,0,0
21660483,1739,69,0,0,21589500,1994,32,0,0
359300,1834,24,0,2,21589366,588,38,0,0
358222,1055,53,0,0,333298,689,70,0,0
360701,158,69,0,2,21658294,1678,46,0,0
21628317,895,27,0,1,21652211,1050,49,0,1
21632599,2336,35,0,6,21610044,1690,55,0,1
21656982,591,33,0,2,333543,1699,73,0,0
343433,1748,46,0,2,21643403,1961,44,0,1
21592103,985,50,0,0,21645116,1839,53,0,0
21611517,1458,86,0,1,21595382,473,29,0,0
21634801,1162,106,0,3,336677,727,29,0,0
21646646,565,41,0,2,350219,1049,66,0,0
21597689,101,86,0,2,21658578,1423,124,0,0
336797,1669,25,0,0,21619360,302,48,0,0
357323,711,59,0,0,342153,2053,53,0,0
21633254,1936,41,0,1,21592746,1021,25,0,0
21621103,1517,31,0,3,21609542,943,42,0,0
21648533,719,76,0,3,21617634,1473,57,0,0
21630569,1188,36,0,3,21629536,1390,37,0,0
344848,1328,35,0,1,21637359,821,81,0,0
21592980,1152,24,0,1,21649843,1177,48,0,0
21619755,186,19,0,2,358403,1328,31,0,0
348111,919,28,0,0,21659204,1637,28,0,0
21606568,2402,33,0,1,21664190,1567,54,0,0
21648157,1932,51,0,4,21622061,114,27,0,0
342191,1203,50,0,4,357168,677,109,0,0
21661127,963,28,0,2,21644469,643,45,0,0
21601065,2157,45,0,2,21642560,1372,44,0,0
21587987,938,47,0,2,21644758,1274,26,0,0
21595612,594,45,0,2,355195,2020,41,0,0
21654652,494,37,0,2,21658305,609,51,0,0
334651,1287,24,0,2,351899,1229,17,0,0
21656268,468,30,0,3,21601600,2226,29,0,0
21658375,1337,48,0,7,357598,1254,21,0,0
21632488,1218,41,0,4,349581,2060,49,0,0
364587,1188,37,0,2,334667,1640,43,0,0
21594767,1183,41,0,2,21638649,1125,31,0,0
21632225,1482,48,0,3,339602,1363,27,0,0
21642606,2568,33,0,2,21642169,1696,53,0,0
21666160,830,24,0,2,21648473,518,25,0,0
21666985,1895,24,0,3,21623170,1828,29,0,0
21630454,1229,48,0,1,21626567,935,76,0,0
21610976,1078,81,0,4,335961,731,30,0,0
21659414,997,51,0,1,21646958,1507,62,0,0
21641354,302,53,0,1,21596205,1302,39,0,0
21600494,568,44,0,4,21623681,1703,31,0,0
21598833,763,50,0,1,351018,914,19,0,0
21594133,921,32,0,0,21621108,1777,16,0,0
364794,1655,31,0,0,21591904,1195,44,0,0
21595691,396,68,0,0,21597175,1420,52,0,0
21656840,264,68,0,1,21663882,1595,36,0,0
21638816,1354,37,0,2,21629901,915,30,0,0
21648069,547,54,0,2,21620340,1086,20,0,1
21612230,585,36,0,4,361892,1060,28,0,0
21596068,1320,36,0,1,21627751,308,43,0,0
357849,477,51,0,1,21610142,1197,45,0,1
21663413,925,21,0,2,21625470,868,51,0,0
21638190,548,43,0,1,21587857,921,61,0,0
344895,2144,47,0,2,21601093,1989,27,0,0
21665194,357,71,0,6,21589732,1183,27,0,0
21591155,688,32,0,2,21650771,1687,29,0,0
21644044,999,64,0,3,341314,690,42,0,0
21615765,1079,51,0,1,21651616,806,32,0,0
21652261,796,51,0,0,21616470,1044,53,0,0
347492,2315,33,0,6,21660937,1486,20,0,0
340488,1705,17,0,1,21597632,1724,28,0,0
21588147,2409,37,0,7,21664339,985,24,0,0
21601725,1102,79,0,5,357766,663,109,0,0
21588923,1827,59,0,6,21599280,1197,41,0,0
355353,1026,33,0,1,336535,1247,47,0,0
21660528,1291,67,0,2,21593881,554,54,0,0
21629537,1627,45,0,6,21650728,1435,33,0,0
21632927,388,31,0,3,21630977,651,31,0,0
21665681,959,23,0,5,21598672,313,50,0,0
21599180,490,48,0,1,339845,556,32,0,0
21652702,1773,44,0,7,21624116,2223,47,0,0
21647253,2590,35,0,0,360680,380,38,0,0
21627633,697,37,0,2,21641952,443,52,0,0
21594047,1762,21,0,2,21667557,1551,32,0,0
21654540,1032,60,0,3,21597719,659,33,0,0
21597706,766,44,0,1,21591163,1194,19,0,0
21605390,1583,61,0,1,21626991,2151,32,0,0
21623789,834,27,0,3,21660955,605,32,0,0
21626507,1369,46,0,9,21657745,1695,29,0,0
21601417,886,61,0,1,21636807,1300,55,0,0
21602492,369,75,0,3,342357,995,16,0,0
21620197,1140,72,0,3,21596302,717,55,0,0
364312,941,47,0,0,21668842,1650,20,0,0
21639943,1306,16,0,1,21609759,750,54,0,0
343738,748,75,0,2,21625740,2398,48,0,0
21595353,1148,92,0,1,349875,700,25,0,0
361932,466,26,0,2,341051,403,112,0,0
21624376,926,57,0,1,21589330,2401,31,0,0
21596339,762,33,0,0,21625420,606,25,0,0
21628672,1460,37,0,2,21653762,1351,36,0,0
21599493,1271,69,0,1,21616458,1883,70,0,0
21657486,1807,31,0,4,21613746,240,52,0,0
21621863,1055,86,0,3,365383,1069,83,0,0
364909,591,46,0,2,21663487,258,66,0,0
21591167,994,54,0,0,21643197,1162,53,0,0
21622510,553,45,0,2,356180,234,58,0,0
21626066,724,30,0,1,21622542,785,66,0,0
21601091,1741,24,0,1,351451,1746,48,0,0
21609248,1689,30,0,2,21606875,1045,20,0,0
21599620,1077,50,0,3,21636191,1112,29,0,0
21639452,500,44,0,1,352876,1668,24,0,0
21664953,1484,40,0,5,21643486,1465,71,0,1
21588697,1318,17,0,0,21639484,785,55,0,0
21631306,1131,35,0,0,363946,1116,42,0,0
21588050,297,37,0,1,347216,1243,52,0,0
366027,444,39,0,1,21650990,1192,65,0,0
21667778,744,23,0,2,21604730,1229,50,0,0
21664949,468,19,0,3,21603440,1071,30,0,0
21659281,902,44,0,4,365747,1184,43,0,0
21610199,2137,38,0,0,21649369,1103,83,0,0
351558,2099,46,0,4,21606513,2379,50,0,0
21613362,855,61,0,3,21611092,1432,46,0,0
21649240,714,49,0,4,21623923,2179,27,0,0
21591062,911,125,0,5,21644595,738,63,0,0
21656316,729,42,0,1,21634769,1849,68,0,0
358423,310,28,0,7,21590144,816,57,0,0
354235,775,51,0,1,21657190,1068,22,0,0
21661030,495,79,0,0,21617278,853,36,0,0
362403,1225,51,0,1,21640773,2229,42,0,0
21632243,731,63,0,4,21648608,2550,45,0,0
21595560,1855,25,0,4,21593665,1172,16,0,0
21604284,2470,32,0,1,21624576,1490,32,0,0
21607249,879,58,0,0,21591986,1281,40,0,0
21663749,2523,48,0,1,21624112,2631,42,0,0
21636884,1928,88,0,1,21592298,1486,32,0,0
364757,1110,51,0,0,21629334,915,33,0,0
364532,1578,64,0,1,21636016,995,25,0,0
346517,1923,56,0,2,21642850,1519,31,0,0
21600015,1221,43,0,0,362916,352,43,0,0
21589199,1644,42,0,0,21638683,433,59,0,0
21615019,874,30,0,0,342749,856,49,0,0
360538,789,50,0,1,364917,2591,63,0,0
364920,247,94,0,1,21621737,896,71,0,0
360240,2500,33,0,3,21635936,1196,45,0,0
21639732,1686,19,0,3,21625281,989,45,0,0
21632958,1886,49,0,1,21611901,1688,34,0,0
21600226,1464,54,0,4,21633595,1448,66,0,0
21635330,937,17,0,2,21599892,1327,20,0,0
21604001,1198,22,0,0,356149,971,35,0,0
21667761,1469,55,0,0,21613233,2327,49,0,0
21661459,1421,28,0,1,21611964,1283,35,0,0
21667434,1261,26,0,0,21659466,315,46,0,0
346837,1933,21,0,3,21641665,2121,39,0,0
21645721,1299,12,0,2,21669218,1229,34,0,0
21600578,1489,46,0,0,21640038,288,59,0,0
21660215,1591,29,0,2,21589673,1270,40,0,0
21666828,877,44,0,0,21638003,2251,28,0,0
21592342,976,22,0,3,21660362,1441,51,0,0
347026,943,56,0,3,21602204,1191,40,0,0
21591638,437,63,0,0,21658108,1117,48,0,0
356068,1275,56,0,1,21588699,967,39,0,0
346844,1857,24,0,7,21660326,1546,35,0,0
21589812,1779,28,0,0,21613153,531,68,0,0
21594322,994,51,0,4,21641567,1962,44,0,0
21593824,1929,23,0,4,21595200,2437,44,0,0
21640750,983,76,0,1,21598465,1140,130,0,0
21588525,1372,14,0,5,21640959,901,35,0,0
21652639,1435,56,0,1,21636802,268,90,0,0
21614793,1556,38,0,2,21643378,670,80,0,0
21658476,1730,19,0,0,21608592,470,46,0,0
21661486,1754,48,0,1,21665616,1142,38,0,0
21648084,1300,33,0,0,21649230,923,85,0,0
346984,1469,35,0,1,21667106,1038,70,0,0
21663712,2471,38,0,3,363343,2194,32,0,0
21588864,1135,33,0,2,21663438,1116,111,0,0
21620028,1646,33,0,2,21597625,1851,17,0,0
21666103,2171,46,0,0,21671089,240,23,0,0
21640697,1514,45,0,5,21609897,844,30,0,0
21595888,861,41,0,1,21589806,486,34,0,0
21654246,2090,68,0,2,21620876,1026,54,0,0
21654225,1184,23,0,5,21671952,1054,56,0,0
21619736,623,94,0,3,21627813,799,87,0,0
21632037,961,50,0,0,21627457,765,22,0,0
21612720,708,54,0,2,21638133,874,78,0,0
21590126,1425,42,0,1,21671442,1114,30,0,0
21593890,1412,34,0,1,21620906,1902,82,0,0
21648457,2113,66,0,1,21629625,890,25,0,0
21661534,1690,25,0,1,21666875,845,43,0,0
21626847,1575,70,0,0,21661020,2566,58,0,0
21637219,1449,36,0,1,350031,1969,57,0,0
21662343,652,56,0,0,21626533,2417,58,0,0
21631157,671,78,0,0,21593348,1443,27,0,0
21667124,1515,68,0,0,363816,1931,39,0,0
21607186,1286,37,0,3,21642561,1312,80,0,0
21619528,2012,27,0,14,21621073,1466,29,0,0
362493,1152,35,0,0,21595183,1434,40,0,0
21619547,1419,24,0,1,21599011,1297,48,0,0
21618982,2196,39,0,2,21594417,1222,46,0,0
364216,1706,48,0,4,21659252,494,54,0,0
21654593,1786,30,0,6,21588920,1160,37,0,0
21601206,2072,60,0,3,346691,1180,63,0,0
21622208,1538,60,0,5,21644306,666,33,0,0
21645328,1688,36,0,3,21646986,1376,38,0,0
359766,1247,62,0,1,21591876,1080,26,0,0
21628315,627,103,0,1,21641278,1388,34,0,0
359933,908,74,0,2,21667790,578,14,0,0
21604437,1382,68,0,1,21667925,1249,62,0,0
21604578,822,34,0,0,21657891,988,39,0,0
21617069,224,46,0,5,21648681,1235,26,0,0
21589385,2431,18,0,2,21665239,442,21,0,0
21603710,544,32,0,2,21662428,1635,39,0,0
21634663,1514,34,0,0,345061,2092,31,0,0
21659318,1503,39,0,4,21618994,1258,44,0,0
21648593,1504,61,0,0,21649127,1308,41,0,0
21666280,1650,76,0,1,21660983,504,63,0,0
21640156,390,32,0,1,21655446,2022,33,0,0
21628644,704,70,0,0,21590766,1323,48,0,0
21613454,613,35,0,4,21619686,1654,25,0,0
21654409,988,75,0,5,358024,1961,76,0,0
21627701,2137,35,0,2,21597417,1504,44,0,0
21633618,890,83,0,0,21667842,1656,18,0,0
360260,1811,21,0,1,21593132,398,130,0,0
21652734,1279,54,0,3,21642681,1477,39,0,0
21655541,2261,26,0,22,21614099,1750,16,0,0
21651201,793,49,0,4,21650253,1882,15,0,0
21616849,1361,77,0,2,21641662,2397,28,0,0
21673844,1385,66,0,2,21661463,1493,55,0,0
21651006,809,48,0,0,21611806,832,46,0,0
21593912,1676,57,0,1,21603314,2267,32,0,0
21630134,1135,41,0,8,21665045,1597,27,0,0
21588900,789,55,0,1,21661531,446,49,0,0
21646136,612,26,0,2,21591283,1116,48,0,0
21673074,2372,54,0,1,21660465,1253,37,0,0
21662830,1027,16,0,4,21601004,1119,25,0,0
352000,1152,53,0,4,21643286,1132,46,0,1
21665352,949,57,0,2,21655012,924,26,0,0
21647558,697,63,0,0,353442,1767,30,0,0
21640731,2144,48,0,0,21657153,785,28,0,0
21673215,879,38,0,2,21663869,1281,17,0,0
21622896,1995,44,0,10,21595369,2167,42,0,0
352697,1415,62,0,2,21647790,904,41,0,0
21607621,1755,54,0,1,21671550,1035,121,0,0
21641298,1373,60,0,2,359226,144,78,0,0
21628484,1136,27,0,2,348000,1635,44,0,0
21650460,1087,54,0,1,21644503,571,24,0,0
21599827,1560,47,0,2,21598551,1235,50,0,0
21587963,898,24,0,2,21589922,754,60,0,0
21640414,1212,49,0,1,21589784,1232,46,0,0
21672422,1606,15,0,2,21669012,1426,29,0,0
21618898,1300,84,0,7,21619749,422,89,0,0
21641306,1178,27,0,1,21598780,1117,33,0,0
365268,347,60,0,8,21635643,936,81,0,0
21667443,2110,48,0,4,21627256,2107,41,0,0
363260,1472,22,0,4,21628179,1075,40,0,0
355698,693,205,0,1,21620198,1931,30,0,0
21629043,1412,52,0,1,21629129,1524,65,0,0
21633820,1877,65,0,4,21672053,1547,35,0,0
21595341,1680,33,0,7,21638550,785,34,0,0
21588990,881,82,0,1,21600211,1342,21,0,0
21589111,879,46,0,1,21639194,806,164,0,0
21648177,917,95,0,3,21602827,766,81,0,1
21617690,1227,38,0,2,21639524,1339,97,0,0
21591927,1383,34,0,1,21620371,1374,48,0,0
21667318,710,61,0,0,351817,1615,83,0,0
21640860,1641,44,0,1,21644816,1426,42,0,0
21592827,625,70,0,3,21648587,1652,24,0,0
21605614,1336,36,0,1,21597247,1828,48,0,0
21671335,520,108,0,0,21648287,790,54,0,0
21608586,1028,22,0,1,21630876,1639,49,0,0
362848,459,77,0,0,21590561,1387,67,0,0
21613219,1398,39,0,10,21623198,104,34,0,0
21612222,1103,30,0,9,21652210,1626,56,0,0
354644,639,54,0,2,21611815,1931,59,0,0
362554,874,62,0,2,21672277,1305,40,0,0
21665942,1630,55,0,0,21664448,1505,82,0,0
21662353,1639,62,0,1,21608632,525,60,0,0
21622666,1811,41,0,5,21631137,727,30,0,0
21677423,2483,46,0,1,21593933,983,40,0,0
351776,481,94,0,0,21637593,783,57,0,0
21600382,927,43,0,4,21632088,1031,38,0,0
21622881,1710,43,0,3,21655706,2593,18,0,0
21588358,1330,23,0,3,363385,613,34,0,0
21630528,962,39,0,3,21603564,705,43,0,0
21590907,1729,43,0,3,21631390,1184,14,0,0
21647750,2367,37,0,4,21666804,842,33,0,0
21638555,255,80,0,1,21675074,885,25,0,0
21667576,841,72,0,5,21642319,1849,14,0,0
21635247,134,45,0,1,21611310,2154,27,0,0
21590397,1389,45,0,1,21650379,700,48,0,0
21637504,1220,40,0,1,363505,1090,45,0,0
21672631,2184,55,0,1,21674346,812,44,0,0
21636555,1560,56,0,3,21659140,1554,31,0,0
21644294,2383,41,0,0,21595079,442,46,0,0
21665324,776,73,0,1,21623721,1437,39,0,0
21632807,1722,52,0,1,21643366,1861,24,0,0
21631840,1321,79,0,6,21595681,2271,47,0,0
21630465,1167,43,0,1,21609955,1579,83,0,0
21637872,1355,43,0,3,21620992,902,36,0,0
21613602,1021,18,0,0,21639903,1356,107,0,0
21651490,1546,45,0,0,21610931,544,121,0,0
21664313,1252,43,0,4,21592552,1437,53,0,0
21594564,796,134,0,2,21602062,765,25,0,0
21671261,1718,65,0,1,21608124,1161,64,0,0
21655221,1276,57,0,0,21613058,896,45,0,0
21619959,559,44,0,1,21645608,2246,51,0,0
21660060,1462,44,0,2,21604085,2133,64,0,0
21618160,1222,55,0,7,21634972,2258,37,0,0
364807,477,26,0,0,21619999,1126,106,0,0
21607650,928,22,0,1,21667183,1089,40,0,0
21673052,604,52,0,10,21667915,2128,19,0,0
21593236,1223,38,0,5,21612436,747,32,0,0
21595362,1173,43,0,3,21656803,1086,21,0,0
21602875,1199,38,0,3,21589224,790,32,0,0
21638835,1116,33,0,1,21674527,860,20,0,0
21588894,1686,29,0,1,21623770,1662,64,0,0
21605858,1297,71,0,6,21652630,2372,37,0,0
21674354,1318,75,0,4,21596761,515,65,0,1
21659772,838,68,0,2,21591547,855,39,0,0
21671886,447,56,0,3,21674247,1859,45,0,0
21657535,2166,39,0,4,21605872,1065,109,0,0
21622091,1704,55,0,4,21600605,2496,28,0,0
21655595,1811,41,0,1,21665683,515,54,0,0
21647454,1145,44,0,1,359862,716,32,0,0
21590898,1202,32,0,4,21614208,1276,50,0,0
21590678,1538,70,0,4,21671263,162,61,0,0
21659016,1153,39,0,0,21598512,618,24,0,0
21598761,1585,25,0,2,21630230,1897,39,0,0
21599191,1679,52,0,3,21632558,1382,25,0,0
21628115,1472,36,0,5,21664938,1137,31,0,0
21670681,1577,87,0,1,21620502,983,59,0,0
21673875,2323,53,0,1,21597459,1158,15,0,0
364772,818,29,0,7,21663192,925,33,0,0
21639222,2513,60,0,1,21636318,768,31,0,0
21588794,1257,34,0,0,21659157,2096,30,0,0
21649674,1183,27,0,5,21630111,1679,24,0,1
21677314,1413,51,0,9,21625642,1008,45,0,0
21664037,705,31,0,1,21594632,1524,51,0,0
359047,1782,73,0,0,21667282,1458,46,0,0
21605919,709,91,0,3,360221,960,32,0,0
21598525,1933,37,0,2,21600574,702,35,0,0
21656837,2149,31,0,2,354801,1936,56,0,0
21605760,2516,34,0,1,21674763,140,68,0,0
21653098,309,38,0,1,21621841,846,54,0,0
21633683,506,39,0,1,21657524,1687,25,0,1
21617001,987,30,0,2,21680249,1816,36,0,0
21602287,448,83,0,1,21621926,1369,32,0,0
21614585,1370,43,0,3,21649324,1521,25,0,0
21613113,626,35,0,4,21671977,2067,75,0,0
21607918,679,70,0,0,21592767,169,183,0,0
21632293,951,32,0,3,357062,1351,41,0,0
21676309,2045,43,0,1,21623561,1195,34,0,0
21602567,1858,31,0,10,21659764,657,25,0,0
21596759,913,42,0,2,364458,642,44,0,0
21659608,1372,38,0,8,21625971,2020,43,0,0
21665374,1164,37,0,1,21632379,1229,58,0,0
21601172,839,34,0,0,21613494,1171,20,0,0
361042,1220,42,0,3,21649325,717,100,0,0
21677480,156,69,0,7,21595750,432,55,0,0
21619839,1222,35,0,1,21636475,1149,32,0,0
21626481,701,44,0,1,21652110,1305,46,0,0
21608378,1251,35,0,5,21666780,962,31,0,0
21673120,1013,80,0,2,21637169,2236,19,0,0
21611786,1512,76,0,2,21635111,2220,23,0,0
21591666,1320,105,0,0,21593857,2167,21,0,0
21612101,2146,48,0,3,21630938,1185,35,0,0
359181,2173,52,0,6,21641132,1279,31,0,0
21676310,1819,52,0,1,21625931,1730,25,0,0
21680721,941,40,0,1,21666555,1150,51,0,0
21644408,1034,32,0,0,21591488,1854,25,0,0
21680453,2070,30,0,11,21677770,602,23,0,0
21610007,1272,33,0,0,21613566,1569,43,0,0
21654072,2148,47,0,1,21589915,429,40,0,0
362214,1663,20,0,1,21654434,956,15,0,0
21648586,1508,76,0,5,21589193,1350,77,0,0
21633039,1807,51,0,0,21621532,1126,39,0,0
21629679,2299,61,0,1,21589522,1383,34,0,0
21614120,1548,32,0,0,21591783,257,44,0,0
21590579,1664,56,0,2,21670149,1572,30,0,0
21629137,1035,57,0,5,21600244,1257,53,0,0
362316,1104,29,0,0,21646067,1556,35,0,0
21602026,1053,34,0,3,21665776,1439,31,0,0
21671391,1427,52,0,2,21598252,1942,46,0,0
21642399,2317,46,0,4,21648475,1002,45,0,0
364359,1931,61,0,2,21646983,907,26,0,0
21613034,2196,28,0,3,21658658,965,18,0,0
21616207,1368,28,0,3,21616886,866,51,0,0
21592045,2187,47,0,0,21657100,1123,49,0,0
21651466,1413,83,0,1,21638736,1078,56,0,0
21627133,365,116,0,1,21590212,235,51,0,0
21681542,750,29,0,1,21669542,1124,20,0,0
21663117,716,41,0,0,21622251,1363,20,0,0
21677576,767,55,0,6,21637686,686,47,0,0
21625141,915,28,0,1,21611567,969,57,0,0
21681156,1208,57,0,4,21630741,841,76,0,0
361623,434,59,0,1,21650539,1107,36,0,0
21658726,2100,41,0,2,21591009,1041,23,0,0
21679964,516,71,0,0,21601874,2451,32,0,0
21629748,1413,30,0,6,361402,829,50,0,0
21657014,1162,39,0,5,21600016,554,45,0,0
21589964,1643,35,0,2,21589368,1683,40,0,0
21639076,675,80,0,2,21589323,1310,45,0,0
21604391,1140,230,0,4,21673419,165,35,0,0
21618974,1192,64,0,2,21660261,1119,59,0,0
21601717,378,45,0,2,21604637,1248,45,0,0
21664634,1214,58,0,0,21610975,1694,102,0,0
21641236,1048,31,0,0,21633139,699,47,0,0
21666754,1612,28,0,4,21599899,2398,22,0,0
362828,1408,75,0,2,21606527,751,70,0,0
21625204,1925,37,0,1,21613396,1569,68,0,0
21631771,2045,24,0,2,21665995,227,49,0,0
21676631,797,28,0,0,21674234,921,69,0,0
21671280,2436,63,0,4,21678894,277,33,0,0
21599524,640,53,0,2,21647747,1385,60,0,0
21590782,850,123,0,0,21644171,485,60,0,0
21605248,1205,104,0,1,21636339,522,45,0,0
21607618,725,33,0,1,21673895,312,81,0,0
21623246,988,25,0,2,21681881,1131,48,0,0
21656872,804,32,0,0,21595856,574,58,0,0
21628211,590,25,0,2,21633041,1793,39,0,0
21593334,2267,53,0,3,21668048,755,33,0,0
21674393,1156,45,0,0,21675380,1203,32,0,0
21606534,2464,69,0,1,21606082,886,47,0,0
21616022,755,143,0,3,21612853,1415,33,0,0
360884,1421,56,0,3,21667681,1444,34,0,0
21670318,1128,86,0,6,21601614,711,84,0,0
21615878,1777,57,0,3,363648,950,23,0,0
21597724,1937,25,0,3,362047,1188,47,0,0
21661103,1942,34,0,10,21611274,448,17,0,0
21618312,1258,29,0,2,21625161,1664,51,0,0
21681230,259,47,0,0,21596820,1306,32,0,0
21644048,2452,23,0,2,21597539,1545,40,0,0
21598778,2008,25,0,1,21635568,1400,31,0,0
21592553,562,43,0,5,21661016,2256,38,0,0
21639689,405,89,0,6,21625047,1104,182,0,0
21664166,1034,73,0,1,21614484,1371,28,0,0
21587990,786,128,0,0,21641432,1251,37,0,0
21655869,1069,68,0,1,21609641,901,36,0,0
21680882,664,38,0,1,21663780,2173,36,0,0
21669587,494,60,0,1,21593903,638,56,0,0
21628078,1151,29,0,9,21654910,2198,72,0,0
21657989,1472,64,0,0,21668487,1770,33,0,0
21638729,1122,64,0,3,21598133,732,35,0,0
21667515,1034,30,0,1,21676480,1645,41,0,0
21623756,1042,32,0,6,21648294,285,81,0,0
21605436,1383,29,0,1,363241,707,66,0,0
21658356,1215,62,0,1,21627176,334,63,0,0
21622390,1036,44,0,1,21675387,1572,47,0,0
21642212,1487,36,0,4,21680467,845,80,0,0
21675877,965,44,0,2,21638448,480,58,0,0
21662807,1274,43,0,3,21638678,1218,44,0,0
21674520,838,25,0,7,21616945,680,70,0,0
362566,950,41,0,0,21673538,486,60,0,0
21607018,1159,51,0,0,21600983,1506,55,0,0
21679250,1182,50,0,0,21636395,1728,67,0,0
21626433,1306,74,0,0,21632930,873,25,0,0
21631343,1879,25,0,1,21663427,1301,28,0,0
21682453,1795,112,0,2,21608657,870,45,0,0
21669985,1811,85,0,0,21674622,1235,19,0,0
21645179,2306,52,0,1,21650110,2025,58,0,0
21625796,1031,56,0,4,21649893,1374,37,0,0
21666882,612,60,0,1,21608620,1364,18,0,0
21643283,808,31,0,1,365152,1721,22,0,0
21603275,1863,42,0,0,21589132,840,21,0,0
21684192,809,48,0,1,21626896,841,62,0,0
21632086,1038,58,0,0,21683907,965,56,0,0
21623436,2157,39,0,4,21620069,1752,51,0,0
21678747,1642,43,0,0,21677339,431,37,0,0
21618521,876,42,0,1,21685605,2147,51,0,0
21684972,715,60,0,2,21613120,873,49,0,0
21633678,1306,40,0,3,21632755,1637,20,0,1
21667447,1306,31,0,3,21620939,430,82,0,0
21678186,2254,39,0,2,21657876,823,42,0,1
21588765,594,61,0,0,21657571,1023,99,0,0
21615278,1683,41,0,10,21651755,1640,33,0,0
21671492,138,28,0,3,21629227,1870,39,0,0
21633169,1968,48,0,0,21678860,995,50,0,0
21651735,1111,31,0,0,21600058,950,68,0,0
363179,1461,141,0,2,21621947,2214,47,0,0
21662313,308,29,0,0,21612103,1393,18,0,0
21660924,1391,54,0,3,21605525,1518,55,0,0
21609004,1506,40,0,1,21635295,778,41,0,0
21675249,2092,25,0,1,21607161,1393,87,0,0
21615236,913,61,0,1,21650852,1411,58,0,0
21601441,1280,26,0,1,21607326,925,29,0,0
21617792,1642,26,0,0,21647667,1665,42,0,0
21589920,932,39,0,2,21592947,1871,74,0,0
21679899,1830,62,0,3,21598629,1221,51,0,0
21616211,1010,19,0,7,21630659,412,96,0,0
21632305,2341,36,0,0,21651925,530,45,0,0
21642141,1224,27,0,2,21643558,1705,52,0,0
21589628,727,17,0,3,21597039,383,89,0,0
21678852,2131,48,0,1,21616073,707,93,0,0
21659560,1662,39,0,4,21665161,1629,47,0,0
21671466,839,23,0,1,363580,697,19,0,0
21654785,1132,15,0,0,21672518,1159,54,0,0
21637231,2077,42,0,8,21676057,546,38,0,0
21664920,1799,60,0,15,21606910,1869,15,0,0
21600914,1581,49,0,0,21615664,839,47,0,0
21651220,680,43,0,0,21628589,1098,34,0,0
21625170,963,90,0,0,21602244,1789,47,0,0
21657154,1232,78,0,1,21660999,1141,47,0,0
21660167,1741,30,0,0,21620799,970,240,0,0
21660141,1663,29,0,0,21651590,1261,58,0,0
21681572,2259,48,0,0,21642298,590,28,0,0
21630500,1204,34,0,0,21592739,1130,28,0,0
21641234,1310,23,0,3,21661240,398,75,0,0
21650367,1175,240,0,1,21591464,1663,24,0,0
21686760,700,25,0,1,21632562,1598,50,0,0
21626601,935,26,0,2,21625558,956,53,0,0
21593379,447,27,0,1,21632419,2109,50,0,0
21641894,987,29,0,0,21658282,875,23,0,0
21664927,2106,70,0,3,21655726,1464,44,0,0
21615154,296,49,0,3,21593888,1576,18,0,0
21682313,1172,37,0,2,21671900,1139,28,0,0
21641910,1369,64,0,4,21677158,1390,41,0,0
21660576,732,27,0,1,21602183,755,37,0,0
21664937,1357,58,0,4,21656461,1449,67,0,0
21589539,1512,53,0,3,21616126,953,54,0,0
21594139,1242,18,0,0,21652825,242,65,0,0
21678792,876,39,0,1,21608750,1811,33,0,0
21599911,1777,45,0,1,21596719,1685,53,0,0
21609300,1031,29,0,1,21660184,844,47,0,0
21648281,2131,44,0,1,21619202,1034,92,0,0
21652334,1338,22,0,8,21600350,1239,49,0,0
21607361,718,30,0,2,21631108,1521,51,0,0
21659394,189,81,0,1,21592108,1735,63,0,0
21679623,1893,60,0,1,21687835,1995,19,0,0
21668766,678,15,0,6,21649955,741,30,0,0
21647311,1278,49,0,0,21686069,1071,41,0,0
21674974,733,44,0,1,21626903,811,52,0,0
21593250,697,55,0,0,21596221,961,58,0,0
21590611,1695,35,0,2,21626523,1629,22,0,0
21638173,640,28,0,1,21618191,1026,39,0,0
21686551,1174,37,0,1,21647455,978,40,0,0
21617140,651,57,0,0,21594415,920,75,0,0
21667408,172,103,0,3,21597756,664,41,0,0
21662948,1633,43,0,4,21645388,1325,88,0,0
21656387,2184,31,0,1,21663791,1573,25,0,0
21601102,2126,40,0,4,21593472,1055,63,0,0
21589219,812,67,0,6,21615330,951,33,0,0
21683969,2164,22,0,5,21645443,957,24,0,0
21593753,1823,30,0,2,21644733,759,92,0,0
21679296,820,48,0,6,21614268,667,32,0,0
21649633,1681,41,0,1,21668331,408,97,0,0
21591412,1356,32,0,3,21604479,1689,44,0,0
21609326,1670,77,0,1,21617427,620,28,0,0
21587931,1882,46,0,1,21619806,913,113,0,0
21639389,347,54,0,5,365684,484,46,0,0
21668106,1100,39,0,4,21657522,861,50,0,0
21637151,805,100,0,3,21622248,1899,40,0,0
21677583,1279,65,0,3,21678048,1106,91,0,0
21600908,1042,84,0,1,21609971,2103,61,0,0
21656344,1899,34,0,3,21686281,935,23,0,0
21670979,507,74,0,2,21631866,860,96,0,0
21652279,640,22,0,2,21662798,1655,47,0,0
21646894,813,52,0,7,21678018,1866,26,0,0
21600558,1405,98,0,3,21667558,1112,35,0,0
21637447,307,55,0,1,21591626,535,38,0,0
21683041,1261,20,0,12,21629766,558,24,0,0
21635214,2195,46,0,1,21631329,1330,79,0,0
21682663,1922,23,0,0,21650461,826,60,0,0
21593025,2467,22,0,4,21652815,597,63,0,0
21635310,960,44,0,3,21658415,1323,27,0,0
21666739,1298,16,0,2,21673219,1981,57,0,0
21630140,890,85,0,1,21601129,1300,40,0,0
21654142,1817,67,0,2,21620931,827,64,0,0
21669062,1590,18,0,2,21641455,750,22,0,0
21637350,1899,20,0,1,21668853,1300,50,0,0
21617055,1266,28,0,2,21650114,695,34,0,0
21622708,1001,58,0,1,21677155,854,51,0,0
21689525,1341,52,0,1,21640643,1342,56,0,0
21598488,1506,33,0,1,21642783,564,53,0,0
21609011,867,35,0,1,21597454,432,86,0,0
21678623,2207,30,0,1,21649477,406,36,0,0
21596377,1890,47,0,0,21650430,630,42,0,0
21661586,1620,58,0,0,21681464,779,108,0,0
21637997,1552,53,0,0,21599808,1620,55,0,0
21655141,2043,47,0,4,21650227,1259,49,0,0
21672347,1578,149,0,3,21648990,2034,41,0,0
21681932,1651,55,0,1,21595787,1356,39,0,0
21685569,634,85,0,4,21595705,842,23,0,0
21611099,1028,76,0,5,21608919,1933,70,0,0
21685394,2031,28,0,1,21660475,916,37,0,0
21625180,1323,18,0,3,21608103,2005,33,0,0
21629332,2025,64,0,3,21604319,1698,85,0,0
21681704,1230,65,0,2,21610779,1132,34,0,0
21649744,1191,83,0,3,21625792,1686,22,0,0
21635860,1276,94,0,1,21662212,1180,29,0,0
21677347,1549,21,0,2,21591649,1520,26,0,0
21628999,324,29,0,1,21591569,502,46,0,0
21643259,1147,37,0,2,21606732,1367,18,0,0
21646226,1343,60,0,2,21689365,2178,21,0,0
21638677,1400,71,0,2,21639598,1886,57,0,0
21607656,1836,70,0,3,21654873,1325,32,0,0
21606511,940,61,0,2,21670207,624,64,0,0
21681506,434,21,0,2,21652338,2349,23,0,0
21691847,2449,26,0,2,21589618,856,17,0,0
21608651,1758,27,0,0,21684845,1039,24,0,0
21665208,704,56,0,0,21636658,933,34,0,0
21637021,1376,43,0,2,21666850,1676,33,0,0
21600641,1253,45,0,0,21675862,252,110,0,0
21655266,892,58,0,2,21685053,1542,31,0,0
21596130,813,121,0,3,21609460,2139,47,0,0
21643823,373,42,0,0,21624700,1911,40,0,0
21628971,2186,27,0,1,21654984,1128,71,0,0
21605472,1092,38,0,1,21626612,338,45,0,0
21665398,2123,34,0,9,21650270,385,27,0,0
21686360,645,66,0,2,21688744,2051,29,0,0
21627764,2601,63,0,0,21618424,597,23,0,0
21641881,2161,50,0,0,21684628,867,36,0,0
21650574,1520,18,0,1,21651200,981,33,0,0
21616624,1974,30,0,2,21636236,2519,41,0,0
21690943,458,24,0,0,21654559,1833,22,0,0
21690586,2350,70,0,0,21692591,2538,54,0,0
21590929,1433,29,0,2,21613161,2594,51,0,0
21665422,618,46,0,5,21638508,1436,40,0,0
21621591,1665,43,0,0,21662299,1298,47,0,0
21650329,1071,132,0,2,21601320,1376,26,0,0
21601752,1170,46,0,1,21673686,1136,21,0,0
21685139,538,49,0,2,21680734,2547,24,0,0
21619792,743,82,0,0,21619863,725,46,0,0
21690144,763,34,0,1,21627836,1686,46,0,0
21663536,1083,67,0,3,21602634,558,38,0,0
21606444,787,20,0,2,21639868,1296,85,0,0
21636146,1174,71,0,2,21595630,1154,30,0,0
21620796,732,16,0,1,21679264,152,46,0,0
21636141,1928,29,0,9,21671033,1609,32,0,0
21671367,764,51,0,4,21689693,1137,58,0,0
21642817,1887,29,0,0,21669499,869,43,0,0
21634773,840,25,0,3,21669256,635,61,0,0
21647865,2179,56,0,1,21690907,717,24,0,0
21688683,240,44,0,2,21645037,603,39,0,0
21612874,958,58,0,1,21619131,931,52,0,0
21646715,111,25,0,2,21632395,1674,57,0,0
21595715,984,28,0,0,21626839,1535,84,0,0
21604994,831,25,0,1,21674010,933,59,0,0
21600232,1058,50,0,2,21645685,1631,34,0,0
21595318,1219,54,0,1,21681945,477,43,0,0
21691855,398,179,0,0,21621036,2495,49,0,0
21664857,565,47,0,2,21633456,1274,32,0,0
21683610,754,42,0,0,21600135,965,35,0,0
21669433,1912,48,0,2,21673618,895,45,0,0
21638242,819,85,0,13,21674898,1230,18,0,0
21605213,1621,29,0,6,21620801,1400,51,0,0
21640818,1141,53,0,8,21657150,2109,17,0,0
21679482,1923,66,0,1,21643729,1814,30,0,1
21607615,2283,43,0,1,21606843,1319,54,0,0
21639656,940,32,0,4,21630272,2213,46,0,0
21598514,2183,34,0,0,21638512,325,130,0,0
21657697,2280,20,0,1,21651032,1911,74,0,0
21628602,1330,54,0,1,21635087,1802,45,0,0
21663199,2285,30,0,1,21617864,565,43,0,0
21632732,1697,79,0,0,21633601,1480,61,0,0
21616815,1315,68,0,1,21655729,1489,42,0,0
21682575,1668,41,0,1,21615513,973,171,0,0
21656628,1437,61,0,2,21627997,1491,60,0,0
21624865,969,37,0,0,21677411,799,25,0,0
21623836,1351,23,0,1,21691116,1391,41,0,0
21684045,205,21,0,1,21628965,1363,43,0,0
21638737,1287,22,0,1,21608588,1306,33,0,0
21648253,686,45,0,3,21693640,1090,43,0,0
21666237,796,42,0,4,21604517,1998,51,0,0
21687535,1335,35,0,4,21654379,1369,37,0,0
21614558,677,81,0,5,21642831,942,25,0,0
21666704,1347,48,0,1,21601352,1170,36,0,0
21622014,1155,53,0,4,21681385,1163,45,0,0
21668674,1799,67,0,4,21678584,690,32,0,0
21643519,846,25,0,0,21600992,1581,40,0,0
21609677,1522,37,0,2,21600311,1577,21,0,0
21645200,924,26,0,1,21623136,1336,29,0,0
21644444,224,27,0,11,21671176,1519,17,0,0
21647611,2200,82,0,0,21627129,2023,25,0,0
21681219,1160,43,0,5,21593984,1036,39,0,0
21662594,1676,62,0,2,21594720,1286,30,0,0
21683284,1123,46,0,0,21676705,810,46,0,0
21641683,958,45,0,1,21679159,814,39,0,0
21674150,1355,113,0,5,21627347,1035,47,0,0
21653168,2135,36,0,0,21606687,224,48,0,0
21637789,861,58,0,1,21619128,1785,74,0,0
21635949,1046,79,0,1,21628829,1857,102,0,0
21646520,1702,22,0,2,21630007,575,22,0,0
21695129,843,45,0,2,21617224,2539,46,0,0
21594967,757,28,0,12,21660765,1919,56,0,0
21594274,2307,94,0,3,21599282,1380,28,0,0
21611976,421,89,0,1,21691635,2179,25,0,0
21677616,1393,96,0,4,21626368,1572,45,0,0
21692797,1230,58,0,0,21621424,855,74,0,0
21613703,507,27,0,0,21675591,829,54,0,0
21669761,925,77,0,1,21608071,1371,68,0,0
21655241,1721,61,0,3,21658911,1785,31,0,0
21656467,2283,48,0,0,21658498,460,24,0,0
21660444,1313,86,0,4,21672242,996,45,0,0
21617352,1461,45,0,1,21668275,682,58,0,0
21632058,712,25,0,2,21682333,864,61,0,0
21639587,486,62,0,0,21616210,1619,50,0,0
21615738,1711,85,0,4,21690220,784,55,0,0
21635613,1710,31,0,0,21593908,981,63,0,0
21598225,1172,47,0,0,21670480,1472,25,0,0
21602833,531,36,0,2,21593102,1023,53,0,0
21664710,1047,27,0,4,21622336,320,48,0,0
21626490,2459,34,0,5,21683738,1630,81,0,0
21658773,1038,20,0,2,21634301,736,17,0,0
21623799,1092,20,0,1,21607795,2511,36,0,0
21687274,1189,48,0,1,21692104,1198,34,0,0
21638814,2089,53,0,2,21638823,2325,15,0,0
21604968,1781,22,0,0,21655304,1374,18,0,0
21629120,2155,63,0,0,21673489,1217,42,0,0
21640135,1272,42,0,1,21593958,1088,113,0,0
21683624,603,40,0,1,21694653,1065,48,0,0
21661008,1176,24,0,1,21669263,935,94,0,0
21598351,1041,57,0,1,21623961,977,43,0,0
21691769,1047,48,0,2,21607247,1536,23,0,0
21600305,731,71,0,2,21660245,1638,39,0,0
21654848,2232,26,0,1,21603664,245,55,0,0
21623421,1650,53,0,1,21609954,998,52,0,0
21658049,822,55,0,0,21675842,1108,55,0,0
21611514,719,38,0,1,21656152,1254,64,0,0
21693251,2050,33,0,6,21679324,564,41,0,0
21629169,2278,57,0,0,21687956,635,64,0,0
21652253,2052,43,0,1,21681546,1694,83,0,0
21597342,658,28,0,8,21651668,1284,69,0,0
21593535,1152,75,0,0,21621246,1452,25,0,0
21685756,1823,54,0,2,21692575,1481,61,0,0
21662531,2495,41,0,0,21638695,1686,81,0,0
21611075,1011,37,0,1,21646655,894,57,0,0
21610209,1034,113,0,3,21621631,1124,59,0,0
21679986,1022,61,0,6,21691249,1474,91,0,0
21607662,1385,50,0,0,21661635,1541,40,0,0
21679203,1313,43,0,1,21673159,1606,52,0,0
21667673,1222,28,0,1,21683981,1116,38,0,0
21617652,899,49,0,2,21611572,1228,43,0,0
21594074,286,90,0,1,21596280,842,75,0,0
21630834,2086,29,0,1,21643491,821,36,0,0
21595051,566,33,0,5,21665357,149,71,0,0
21606972,1780,44,0,11,21691209,1730,61,0,0
21638106,2414,61,0,0,21646071,385,42,0,0
21594852,1300,26,0,1,21641052,1070,62,0,0
21635781,1807,68,0,0,21665482,1825,30,0,0
21620240,1480,48,0,6,21689914,547,52,0,0
21596464,838,55,0,1,21685546,1799,62,0,0
21649849,1637,42,0,0,21670899,2177,19,0,0
21685362,375,67,0,0,21695793,1541,51,0,0
21651866,1277,86,0,2,21674676,1956,65,0,0
21681303,1196,80,0,1,21599815,1682,44,0,0
21599877,946,30,0,1,21615736,1338,46,0,0
21671772,944,57,0,0,21666445,1524,19,0,0
21646607,1817,15,0,0,21681078,1256,74,0,0
21594101,1320,26,0,1,21644003,1730,27,0,0
21676687,1692,59,0,5,21669303,1259,17,0,1
21668265,1046,28,0,3,21661615,713,38,0,0
21679147,921,23,0,2,21624704,550,59,0,0
21652239,1096,23,0,1,21662590,1385,55,0,0
21679535,1751,109,0,2,21614272,242,44,0,0
21600127,945,53,0,1,21618168,179,76,0,0
21687356,837,79,0,1,21651320,665,51,0,0
21650985,2460,22,0,3,21678268,1027,17,0,0
21671771,1693,27,0,6,21609148,300,81,0,0
21670141,998,87,0,1,21687402,1337,30,0,1
21648263,1639,40,0,1,21599507,473,48,0,0
21683119,1497,46,0,1,21688836,1004,45,0,0
21656677,1654,41,0,0,21675858,1359,23,0,0
21674582,613,77,0,3,21641788,1046,42,0,0
21657761,2515,29,0,1,21660244,1366,82,0,0
21663672,1545,31,0,1,21692697,1363,45,0,0
21608788,1585,25,0,0,21655182,812,55,0,0
21617180,886,25,0,2,21680991,946,69,0,0
21599625,435,63,0,4,21604096,2106,26,0,0
21602561,636,97,0,4,21659504,766,45,0,0
21635878,2316,38,0,1,21693323,1396,24,0,0
21672736,897,81,0,0,21688767,1512,163,0,0
21596052,246,73,0,1,21595967,885,23,0,0
21665042,742,88,0,2,21655533,1077,26,0,0
21601639,2077,54,0,1,21670926,1014,25,0,0
21688600,705,64,0,8,21699281,1820,37,0,0
21623687,687,57,0,5,21604248,1886,50,0,0
21627214,1695,42,0,1,21626948,1931,43,0,0
21692941,1223,26,0,0,21652402,1616,37,0,0
21692654,1280,30,0,2,21625627,803,61,0,0
21660414,911,38,0,3,21680757,1284,17,0,0
21659512,603,51,0,5,21625583,1310,64,0,0
21607610,936,26,0,1,21663329,619,71,0,0
21619808,1863,30,0,0,21600198,2331,43,0,0
21621908,342,35,0,4,21645461,332,121,0,0
21691668,430,123,0,5,21632693,696,57,0,0
21652497,443,78,0,3,21597797,1485,108,0,0
21631307,1478,44,0,1,21618183,1551,51,0,0
21655442,2464,38,0,2,21663345,1147,55,0,0
21608916,1140,25,0,3,21637907,627,46,0,0
21667943,1143,44,0,0,21655436,1493,51,0,0
21612801,640,58,0,4,21700502,1532,13,0,0
21677581,1379,52,0,3,21613966,477,41,0,0
21607985,705,49,0,1,21675122,1875,24,0,0
21661640,1628,46,0,0,21680341,1671,93,0,0
21684359,1043,42,0,0,21661650,1525,20,0,0
21598618,2168,60,0,0,21639193,1546,26,0,0
21662961,1196,19,0,2,21645951,2030,74,0,0
21605791,463,39,0,4,21669506,1288,73,0,0
21671165,810,44,0,4,21651961,795,44,0,0
21697286,444,40,0,3,21650184,2362,33,0,0
21693015,1310,37,0,2,21661996,1222,47,0,1
21629392,163,23,0,0,21671625,1161,50,0,0
21626504,1948,43,0,6,21651539,880,43,0,0
21661660,1658,71,0,0,21639758,1623,22,0,0
21679280,273,55,0,1,21638734,1373,41,0,0
21607132,239,42,0,1,21674324,525,63,0,0
21619186,2387,35,0,0,21667436,663,40,0,0
21664585,1620,39,0,0,21671303,1668,44,0,0
21671481,1457,39,0,0,21682787,2163,75,0,0
21654753,121,31,0,0,21690008,979,39,0,0
21668546,975,167,0,1,21605246,1029,55,0,0
21694821,1873,63,0,1,21682726,989,35,0,1
21631691,1565,88,0,4,21644066,1432,47,0,0
21599212,1767,28,0,4,21665413,590,68,0,0
21696934,1029,25,0,2,21682655,485,115,0,0
21695681,985,27,0,5,21626852,1196,42,0,0
21689881,1499,92,0,3,21628079,1474,38,0,0
21652595,936,46,0,0,21656210,723,64,0,0
21690236,1377,43,0,1,21695450,899,60,0,0
21603135,697,72,0,5,21609149,1766,36,0,0
21700670,313,44,0,0,21620964,1114,36,0,0
21679603,606,29,0,3,21697771,1024,51,0,0
21682409,2196,45,0,11,21664913,617,70,0,0
21652858,1025,30,0,16,21697302,1786,34,0,0
21660493,1239,40,0,2,21696690,941,16,0,1
21635545,524,41,0,1,21695366,1104,56,0,0
21675810,1134,24,0,2,21627643,123,205,0,0
21659818,1202,30,0,2,21612421,672,55,0,0
21643416,989,21,0,0,21654167,2557,58,0,0
21611041,1668,48,0,12,21628611,928,67,0,0
21647484,1732,41,0,15,21671948,1660,49,0,0
21612006,1144,32,0,1,21697368,2228,22,0,0
21620515,1123,46,0,4,21676350,515,24,0,0
21661750,719,33,0,3,21653546,2403,29,0,0
21667806,1393,41,0,11,21609506,549,45,0,0
21695685,1424,47,0,6,21692480,1209,24,0,0
21672713,2277,64,0,1,21651157,1703,47,0,0
21610571,732,27,0,2,21690237,1697,26,0,0
21690151,1092,41,0,2,21666864,1256,29,0,0
21619133,1144,50,0,1,21598707,857,70,0,0
21659596,1616,21,0,8,21680978,1256,39,0,0
21671211,779,48,0,2,21659099,781,112,0,0
21697227,1288,56,0,2,21624516,1210,34,0,0
21603599,1581,42,0,2,21624139,1227,24,0,0
21660361,2621,31,0,3,21655458,901,20,0,0
21668124,671,51,0,4,21645874,130,50,0,0
21661270,1123,33,0,4,21663755,896,52,0,0
21637395,1720,58,0,4,21630897,1522,73,0,0
21655089,1104,21,0,7,21687556,1730,59,0,0
21671153,1312,173,0,4,21682521,915,43,0,0
21644031,1644,28,0,0,21693811,730,25,0,0
21638184,876,20,0,0,21665294,1999,31,0,0
21689851,1662,48,0,2,21654061,1751,57,0,0
21676550,470,70,0,0,21659485,1475,42,0,0
21652744,964,61,0,1,21636959,815,54,0,0
21648676,1000,48,0,1,21679836,933,42,0,0
21642173,1926,31,0,1,21622041,1147,28,0,0
21648128,1872,32,0,0,21692474,1184,57,0,0
21627039,557,30,0,2,21624326,1965,26,0,0
21623464,320,20,0,0,21672654,1233,27,0,0
21689226,1179,45,0,0,21617980,1126,61,0,0
21630829,721,56,0,2,21640240,1930,76,0,0
21681746,827,43,0,3,21669177,1014,28,0,0
21652961,712,32,0,2,21609336,416,38,0,0
21706192,944,63,0,3,21690645,1569,40,0,0
21691664,790,95,0,10,21680165,1212,38,0,0
21618217,794,69,0,3,21679632,1378,66,0,0
21673715,969,96,0,4,21685212,1264,41,0,0
21682951,2165,41,0,5,21653529,1070,84,0,0
21633914,1628,41,0,2,21681456,763,47,0,0
21677340,750,56,0,2,21665867,667,49,0,0
21658334,1681,28,0,2,21604527,321,46,0,0
21612255,1662,39,0,1,21610017,1082,93,0,1
21706841,705,30,0,2,21638948,644,26,0,0
21658694,1611,46,0,1,21654193,1310,38,0,0
21601911,1998,42,0,5,21664373,1305,37,0,0
21608775,546,26,0,3,21661525,319,46,0,0
21611119,2414,41,0,2,21633570,1804,228,0,0
21610729,742,80,0,5,21703049,1235,50,0,0
21679075,533,46,0,6,21602223,1988,33,0,0
21656679,1224,27,0,1,21601027,1617,54,0,0
21632767,717,66,0,1,21621835,1459,14,0,0
21610674,1326,17,0,3,21635974,1122,28,0,0
21624526,1421,42,0,3,21649085,966,67,0,0
21650602,2516,59,0,0,21684643,1367,29,0,0
21637371,1241,28,0,0,21701913,1463,37,0,0
21683085,808,88,0,1,21674899,1769,58,0,0
21660247,1097,29,0,1,21631284,1934,28,0,0
21623897,1222,38,0,3,21697149,807,60,0,0
21675131,395,28,0,0,21677614,1735,69,0,0
21631721,1192,55,0,2,21626413,1119,66,0,0
21699113,1191,55,0,2,21695470,1176,59,0,0
21638189,1453,33,0,1,21681011,1115,22,0,0
21609756,1066,26,0,2,21628516,1848,35,0,0
21642595,1292,54,0,1,21614206,747,36,0,0
21695959,1929,39,0,7,21659391,1156,31,0,0
21674404,696,35,0,0,21662397,104,66,0,0
21697265,834,63,0,0,21670114,623,47,0,0
21679432,936,50,0,2,21602939,2375,43,0,0
21651371,838,49,0,1,21646667,2118,45,0,0
21695960,935,32,0,3,21699720,1195,62,0,0
21689720,1057,33,0,0,21611784,1213,23,0,0
21631106,1060,53,0,3,21638567,414,48,0,0
21676375,597,59,0,2,21662517,1097,44,0,0
21671780,297,22,0,4,21606481,1625,77,0,0
21679119,691,34,0,3,21636092,655,61,0,0
21616459,1017,43,0,0,21624691,655,18,0,0
21618081,1285,159,0,2,21700776,2132,38,0,0
21613870,1048,43,0,5,21678277,601,51,0,0
21674850,1105,20,0,5,21692741,734,83,0,0
21693250,1770,17,0,1,21637388,1483,60,0,0
21650793,994,103,0,6,21663055,915,19,0,0
21641186,2375,43,0,1,21678100,1749,35,0,0
21611046,1419,25,0,0,21657204,1429,25,0,0
21615603,1123,66,0,2,21650761,1137,60,0,0
21650381,785,25,0,4,21674168,1423,90,0,0
21677229,1162,50,0,1,21631679,1245,67,0,0
21645473,756,65,0,2,21629368,1455,36,0,0
21709520,1334,27,0,2,21652705,858,54,0,0
21630524,1621,58,0,1,21691960,1659,69,0,0
21630412,1555,19,0,3,21651427,1820,39,0,0
21639229,1331,45,0,3,21616580,1235,61,0,0
21618377,797,74,0,4,21657239,1594,27,0,0
21636240,2495,58,0,1,21696444,800,70,0,0
21636918,970,29,0,3,21696971,1171,32,0,0
21635028,1907,44,0,1,21638871,1092,36,0,0
21618385,2274,34,0,4,21654208,856,31,0,0
21689667,370,63,0,4,21677067,1774,43,0,0
21673252,2340,45,0,0,21606325,1114,17,0,0
21691110,1224,47,0,0,21619634,1626,17,0,0
21613382,1713,87,0,0,21704396,1321,31,0,0
21667632,894,41,0,0,21636032,1095,80,0,0
21701069,1069,66,0,0,21682213,1109,23,0,0
21638798,1264,49,0,2,21604823,1591,43,0,0
21635740,980,29,0,3,21636937,1244,71,0,0
21614014,1860,32,0,3,21643782,114,58,0,0
21663000,1067,28,0,2,21686720,933,42,0,0
21621237,1172,37,0,1,21681195,698,21,0,0
21702103,819,69,0,1,21692395,871,80,0,0
21617667,956,75,0,1,21661358,498,43,0,0
21687797,829,45,0,2,21613103,534,40,0,0
21694237,777,43,0,0,21680397,395,59,0,0
21687515,1387,73,0,6,21646484,1299,65,0,0
21703492,944,49,0,4,21693819,1796,42,0,0
21668874,998,70,0,2,21633087,1912,42,0,0
21689077,1476,34,0,0,21706906,954,35,0,0
21686389,1872,49,0,7,21651966,1142,20,0,0
21640516,945,24,0,0,21683086,1270,19,0,0
21678848,1310,74,0,1,21710693,1737,41,0,1
21654990,2352,26,0,1,21624886,1984,87,0,0
21658382,1170,35,0,2,21650370,2133,20,0,0
21663886,486,63,0,2,21660208,697,57,0,0
21656195,449,12,0,5,21699588,1030,114,0,0
21654481,739,60,0,4,21695086,778,26,0,0
21638112,1388,45,0,1,21635454,589,19,0,0
21664874,1115,38,0,0,21648615,725,91,0,0
21625175,1387,18,0,0,21699632,1272,43,0,0
21608694,1230,46,0,1,21619208,660,56,0,0
21655775,1545,54,0,4,21667484,1451,60,0,0
21642066,1168,94,0,2,21665892,1853,20,0,0
21676289,687,36,0,7,21661912,862,37,0,0
21701093,1440,118,0,1,21691907,796,47,0,0
21619799,559,76,0,0,21611561,627,42,0,0
21607917,437,33,0,1,21605643,659,17,0,0
21699845,1655,75,0,1,21605438,249,37,0,0
21708960,897,34,0,4,21637414,1758,60,0,0
21629498,1503,27,0,1,21680836,891,40,0,0
21649756,674,43,0,6,21641197,237,36,0,0
21649335,843,60,0,4,21616020,2123,30,0,0
21668926,712,45,0,1,21630406,213,102,0,0
21655441,2217,34,0,6,21696750,919,45,0,0
21606717,2087,231,0,2,21709300,1651,38,0,0
21620053,2513,54,0,2,21699030,1823,48,0,0
21613479,1251,19,0,1,21653481,1096,39,0,0
21710665,327,83,0,2,21696109,774,50,0,0
21690834,912,74,0,0,21616047,974,45,0,0
21696713,1368,51,0,5,21656496,2005,19,0,0
21616111,2015,86,0,1,21678566,1401,23,0,0
21618804,1071,24,0,1,21625990,1215,83,0,0
21646554,1269,72,0,2,21706536,2587,44,0,0
21698846,1440,68,0,1,21644874,840,70,0,0
21710002,270,67,0,1,21616139,1102,63,0,0
21618371,1192,63,0,0,21679825,1579,40,0,0
21632211,1689,57,0,1,21688833,1135,51,0,0
21638309,1342,47,0,6,21606987,1188,36,0,0
21697341,1993,44,0,2,21712314,954,23,0,0
21659919,886,54,0,3,21689695,1191,91,0,0
21623277,980,53,0,1,21655644,855,48,0,0
21692156,1009,94,0,1,21709940,1163,41,0,0
21694160,751,51,0,3,21642858,1398,29,0,0
21606677,1303,42,0,3,21679199,953,33,0,0
21662101,1069,43,0,3,21660782,373,52,0,0
21694738,946,58,0,0,21693293,2075,63,0,0
21621358,514,60,0,6,21701989,737,25,0,0
21690277,2205,42,0,8,21638565,1243,65,0,0
21640533,1544,28,0,2,21680989,747,18,0,0
21709472,645,18,0,0,21613433,1174,51,0,0
21618559,1314,34,0,0,21698170,686,37,0,0
21684913,1161,36,0,1,21626608,1872,15,0,0
21673331,687,38,0,5,21654906,1244,33,0,0
21648395,1853,62,0,2,21646053,633,36,0,0
21644217,1041,63,0,3,21633245,815,59,0,0
21609259,1396,32,0,2,21672999,1024,48,0,0
21621603,2070,66,0,4,21656584,871,53,0,0
21686428,1393,27,0,5,21671616,809,55,0,0
21663362,968,59,0,1,21659302,1711,46,0,0
21654457,2162,59,0,2,21614761,1230,41,0,0
21667084,1354,73,0,6,21656711,1254,44,0,0
21713510,1165,30,0,1,21683076,1203,70,0,0
21667187,1588,22,0,5,21656564,967,63,0,0
21713146,1716,46,0,0,21656565,1650,43,0,0
21637705,908,62,0,1,21677600,333,72,0,0
21689197,1177,37,0,1,21629247,1289,44,0,1
21646841,1308,41,0,1,21636213,662,90,0,0
21620733,1667,18,0,0,21650473,741,52,0,0
21711116,482,261,0,0,21608791,1969,40,0,0
21631660,178,32,0,0,21712625,917,47,0,0
21695297,2447,67,0,2,21640238,475,42,0,0
21686944,1836,40,0,6,21638693,1058,36,0,0
21618310,734,40,0,5,21673484,513,97,0,0
21676522,1068,188,0,3,21650826,2158,25,0,0
21689274,1763,41,0,4,21616832,1850,28,0,0
21700144,1394,27,0,0,21622574,1016,58,0,0
21681259,1146,39,0,3,21639129,1273,45,0,0
21682063,1304,45,0,7,21654898,819,49,0,0
21631996,1268,57,0,5,21712205,1354,16,0,0
21660825,1349,48,0,0,21686863,654,33,0,0
21644188,1993,54,0,2,21685194,1307,60,0,0
21619614,921,60,0,0,21632433,647,59,0,0
21635593,840,17,0,0,21617684,1336,35,0,0
21650556,1583,59,0,0,21676294,991,28,0,0
21687030,2041,40,0,7,21655507,693,38,0,0
21618945,1843,47,0,0,21636002,1734,73,0,0
21675603,2118,50,0,1,21660283,1886,31,0,0
21713586,346,29,0,1,21675620,1647,76,0,0
21644060,194,73,0,1,21659992,649,52,0,0
21673901,243,37,0,0,21675625,1340,62,0,0
21667290,1910,56,0,9,21665358,1757,24,0,0
21611556,1160,68,0,1,21693219,881,73,0,0
21615364,1762,37,0,3,21618155,1180,79,0,0
21666447,745,23,0,2,21658515,752,65,0,0
21695217,1147,30,0,1,21657966,1560,61,0,0
21658004,1681,51,0,2,21675281,1042,89,0,0
21694283,1439,62,0,1,21676982,989,58,0,1
21657177,1191,32,0,2,21697248,403,289,0,0
21683433,1224,59,0,2,21611585,770,38,0,0
21612048,1654,37,0,1,21665611,571,20,0,0
21635303,744,33,0,2,21671290,339,59,0,0
21621038,1342,42,0,1,21636910,1135,77,0,0
21659835,658,39,0,3,21714322,1260,22,0,0
21620289,1480,95,0,1,21665110,1308,27,0,0
21622039,1206,15,0,0,21676166,775,207,0,0
21663030,2079,65,0,2,21633397,955,56,0,0
21671324,758,75,0,4,21653843,1775,48,0,0
21640386,1610,62,0,2,21711125,2505,24,0,0
21669505,1090,31,0,1,21682254,686,45,0,0
21677136,1626,65,0,10,21645425,2152,18,0,0
21657249,748,40,0,6,21655886,753,39,0,0
21682294,1039,61,0,1,21652174,717,89,0,0
21640880,1060,35,0,1,21640375,943,53,0,1
21628868,1652,45,0,1,21623573,838,17,0,0
21641946,1337,56,0,6,21614534,890,96,0,0
21624038,1723,41,0,3,21660763,625,29,0,0
21632563,762,50,0,2,21708367,218,283,0,0
21708454,1570,44,0,1,21667237,554,27,0,0
21611944,755,23,0,2,21685346,682,61,0,0
21685186,124,45,0,1,21685392,1622,63,0,0
21693603,1472,43,0,4,21711799,1536,32,0,0
21687396,751,91,0,0,21706529,567,44,0,0
21688694,2309,31,0,1,21613190,192,245,0,0
21661147,1659,56,0,1,21664445,1677,42,0,0
21713698,808,27,0,4,21643684,1227,95,0,0
21625075,1393,45,0,0,21695835,367,65,0,0
21610295,470,32,0,2,21682988,1614,26,0,0
21611068,1159,96,0,2,21645592,1313,27,0,0
21631291,745,32,0,0,21694548,1171,47,0,0
21711943,717,46,0,1,21707360,1474,64,0,0
21617503,2036,28,0,1,21661974,2016,50,0,1
21675733,525,51,0,1,21620660,1908,17,0,0
21661026,863,42,0,1,21630762,1452,44,0,0
21656162,1423,51,0,3,21677682,974,36,0,0
21707935,1640,42,0,2,21662923,1108,43,0,0
21692952,1691,50,0,0,21637637,998,85,0,0
21663103,960,54,0,0,21685238,1478,50,0,0
21683875,1354,15,0,5,21652598,637,42,0,0
21627015,686,32,0,2,21695788,1566,36,0,0
21617253,757,93,0,10,21628574,1459,56,0,0
21650877,650,38,0,2,21633005,1827,60,0,0
21615050,580,106,0,1,21653225,907,61,0,0
21636804,811,43,0,3,21688371,910,54,0,1
21689625,1466,44,0,2,21667398,1600,122,0,0
21690324,821,37,0,1,21670096,1186,88,0,0
21673787,305,32,0,0,21646665,1683,52,0,0
21621453,1135,50,0,9,21667319,421,56,0,0
21660150,1689,41,0,1,21698626,1005,50,0,0
21658247,1117,20,0,2,21680725,1752,54,0,1
21711707,618,52,0,1,21685837,1884,42,0,0
21667186,1137,67,0,0,21713269,1243,88,0,0
21692303,985,68,0,2,21693492,1662,44,0,0
21638205,1433,56,0,1,21691688,1822,64,0,0
21669152,777,47,0,1,21680172,302,96,0,0
21670105,199,26,0,1,21659804,1898,22,0,0
21654155,749,48,0,1,21632378,1613,17,0,0
21630190,1483,27,0,2,21627885,674,29,0,0
21637693,1505,26,0,2,21649432,2230,36,0,0
21639838,2592,54,0,4,21689210,1727,36,0,0
21663723,777,51,0,2,21673584,749,61,0,0
21617987,903,43,0,3,21617152,1375,95,0,0
21676546,1952,72,0,0,21618969,2279,30,0,0
21650960,1112,36,0,2,21636403,1075,41,0,0
21674933,1868,29,0,3,21647846,1647,41,0,0
21611783,550,39,0,4,21681031,439,28,0,0
21671309,1163,44,0,7,21682198,1258,29,0,0
21663862,1744,52,0,3,21611823,699,29,0,0
21671730,1961,68,0,0,21666655,606,40,0,0
21682795,1507,45,0,4,21679210,623,49,0,0
21709111,945,34,0,0,21647306,1213,64,0,0
21677488,1317,50,0,3,21712284,945,57,0,0
21695705,1800,29,0,1,21698061,2321,44,0,0
21667112,563,26,0,5,21652028,945,46,0,0
21691752,1490,20,0,2,21659726,1173,83,0,0
21647491,722,78,0,2,21663113,1418,28,0,0
21711262,2180,50,0,6,21641554,1070,41,0,0
21714611,1161,92,0,2,21654549,611,21,0,0
21707561,2075,91,0,0,21718141,751,52,0,0
21649091,815,22,0,5,21698544,919,25,0,0
21685783,316,42,0,2,21693989,1157,60,0,0
21632591,810,49,0,0,21687421,1255,31,0,0
21614529,949,60,0,3,21708117,1218,42,0,0
21654868,1847,55,0,4,21694993,699,42,0,0
21711670,684,42,0,11,21681647,1080,49,0,0
21645112,148,58,0,0,21656206,2396,28,0,0
21662484,1766,36,0,0,21668035,372,45,0,0
21676813,851,25,0,0,21637123,1456,20,0,0
21711926,1403,58,0,0,21663365,839,28,0,0
21628124,1330,18,0,7,21649181,1554,48,0,0
21698614,1136,23,0,6,21644953,1520,51,0,0
21617975,1475,43,0,3,21615465,1053,56,0,0
21639253,1836,31,0,1,21619404,2409,48,0,0
21619148,963,23,0,4,21628854,1010,47,0,0
21627976,1714,22,0,2,21688812,2088,50,0,0
21626452,778,50,0,1,21650122,2075,25,0,0
21629172,490,79,0,4,21663248,1084,85,0,0
21653728,792,40,0,0,21656672,1086,73,0,0
21638120,1253,46,0,0,21663852,352,44,0,0
21637748,999,57,0,5,21707288,1636,40,0,0
21650953,725,25,0,3,21667607,1118,67,0,0
21648301,1247,28,0,4,21634580,1176,26,0,0
21696142,2247,28,0,1,21708859,537,37,0,0
21661687,747,44,0,1,21697294,2292,34,0,0
21707595,1104,21,0,4,21645070,490,58,0,0
21691295,839,39,0,1,21642395,2314,38,0,0
21627540,2269,24,0,1,21635158,490,61,0,0
21656127,1415,55,0,0,21666609,820,63,0,0
21719290,1135,54,0,1,21705167,833,124,0,0
21661368,2136,69,0,0,21691092,1161,29,0,0
21667982,979,31,0,1,21680237,883,44,0,0
21651183,746,101,0,1,21662646,1734,47,0,0
21693096,1114,50,0,0,21647807,119,84,0,0
21678616,1104,18,0,2,21658143,1011,20,0,0
21623266,1492,31,0,1,21635760,1355,39,0,0
21708535,455,35,0,1,21721057,525,49,0,0
21613993,1677,27,0,1,21688851,882,68,0,0
21639073,1845,34,0,0,21639047,324,48,0,0
21642030,1358,29,0,1,21642374,1958,35,0,1
21690925,457,97,0,2,21704702,225,47,0,0
21657028,1256,40,0,2,21651987,925,50,0,0
21629397,780,253,0,1,21642965,1089,66,0,0
21696022,1662,23,0,0,21718481,948,25,0,0
21714524,1162,78,0,3,21616310,1123,42,0,0
21690535,1823,91,0,0,21671375,1247,32,0,0
21666975,419,36,0,8,21664122,762,32,0,0
21664627,1915,16,0,3,21705233,303,84,0,0
21661343,904,77,0,2,21698694,2072,46,0,0
21711416,102,41,0,3,21660824,1627,41,0,0
21632687,1155,61,0,1,21720334,792,145,0,0
21667188,1014,113,0,2,21680612,1529,42,0,0
21658681,2321,35,0,3,21700062,956,85,0,0
21622758,1609,43,0,1,21621412,1007,71,0,0
21649630,808,34,0,1,21721553,106,144,0,0
21638822,1426,32,0,2,21674610,725,19,0,0
21655908,898,16,0,3,21690345,1593,42,0,0
21698956,892,79,0,1,21669272,795,29,0,0
21623619,739,32,0,1,21627645,1004,78,0,0
21653140,928,22,0,1,21716301,739,39,0,0
21641072,1121,45,0,2,21624583,166,39,0,0
21671327,1915,21,0,1,21711256,1623,37,0,0
21638160,1716,83,0,4,21656772,1119,41,0,0
21626877,1343,49,0,0,21649297,1233,31,0,0
21698926,1058,67,0,1,21659362,815,52,0,0
21636879,1918,96,0,5,21711937,1165,29,0,0
21674332,1678,36,0,6,21667623,787,78,0,0
21719626,1176,35,0,6,21706897,2057,46,0,0
21660915,1546,63,0,2,21670587,1470,39,0,0
21691720,974,172,0,2,21689601,489,51,0,0
21705121,721,84,0,1,21640188,1111,105,0,0
21641110,1233,69,0,2,21638277,881,35,0,0
21709343,1514,20,0,0,21616827,1643,23,0,0
21669646,858,21,0,0,21691026,1743,58,0,0
21653476,744,64,0,0,21695488,613,50,0,0
21721431,601,46,0,1,21639720,1814,38,0,0
21632980,746,36,0,1,21672649,667,22,0,0
21686322,1221,43,0,1,21655544,1042,49,0,0
21671265,747,97,0,1,21618849,1236,35,0,0
21706554,678,64,0,2,21717007,2522,60,0,0
21645800,1984,61,0,1,21648078,1358,94,0,0
21714036,1165,92,0,3,21711828,850,33,0,0
21645348,948,32,0,2,21649475,2152,27,0,0
21712033,2530,21,0,4,21624892,1477,15,0,1
21665069,2427,50,0,2,21642516,412,52,0,0
21685979,1303,53,0,4,21697216,1189,57,0,0
21723334,1727,32,0,2,21720272,2164,72,0,0
21691714,1208,37,0,5,21641879,2258,21,0,0
21642310,1640,33,0,0,21670727,1985,29,0,0
21677790,714,52,0,0,21618328,844,33,0,0
21679350,1776,43,0,0,21632890,1309,30,0,0
21686331,1885,54,0,1,21709442,1459,28,0,0
21709233,1822,69,0,1,21718590,1158,26,0,0
21687725,657,54,0,8,21642530,1930,37,0,0
21631962,894,42,0,4,21706102,646,61,0,0
21658296,1057,33,0,8,21674165,1037,28,0,0
21643233,2499,34,0,6,21707745,1026,66,0,0
21674785,1417,39,0,1,21636130,1387,33,0,0
21697052,1059,25,0,1,21722199,1234,124,0,0
21709254,1820,46,0,0,21698554,208,45,0,0
21719206,392,87,0,1,21643857,1271,48,0,0
21687267,1374,18,0,1,21723214,1130,51,0,1
21670337,2295,35,0,1,21665986,1359,52,0,0
21693325,1321,40,0,3,21696082,2153,32,0,0
21628732,732,42,0,1,21680047,692,41,0,0
21638416,1091,14,0,9,21699358,842,30,0,0
21652599,1319,18,0,1,21653114,832,28,0,0
21674466,426,43,0,0,21646437,713,42,0,0
21709998,1454,31,0,8,21712520,906,37,0,0
21655842,776,41,0,1,21725403,966,26,0,0
21700498,2036,27,0,1,21688169,1151,70,0,0
21671443,1932,26,0,4,21679412,631,41,0,0
21692857,746,56,0,2,21716749,1150,41,0,0
21667903,1603,61,0,1,21625162,2489,16,0,0
21708987,2181,59,0,1,21625198,940,96,0,0
21691887,1521,41,0,2,21628352,1622,23,0,0
21667144,1683,39,0,1,21672201,1193,104,0,0
21643220,2046,24,0,1,21682662,1238,36,0,0
21684497,369,53,0,1,21699755,697,91,0,0
21669685,994,32,0,1,21633345,1881,40,0,0
21701268,1281,100,0,3,21638912,1137,35,0,0
21635630,1223,42,0,4,21696128,1755,48,0,0
21720617,998,16,0,6,21653199,466,59,0,0
21657809,2250,28,0,0,21624976,1001,53,0,0
21691947,440,31,0,2,21695351,1066,64,0,0
21649400,2430,41,0,5,21691467,1100,59,0,0
21719251,865,67,0,0,21675575,935,52,0,0
21698418,2266,42,0,1,21686912,898,21,0,0
21669405,685,43,0,3,21708860,2051,42,0,0
21718549,750,49,0,1,21724341,2543,41,0,0
21715491,2201,23,0,4,21697783,426,27,0,0
21689317,1532,47,0,6,21646064,623,46,0,0
21710763,1110,28,0,1,21658569,849,23,0,0
21683106,971,27,0,0,21634282,1086,29,0,0
21641690,1192,50,0,2,21685361,561,47,0,0
21720771,741,17,0,1,21669176,254,75,0,0
21652539,856,41,0,1,21642973,1333,35,0,0
21688463,413,77,0,2,21641375,493,62,0,0
21713718,970,29,0,1,21719197,553,27,0,0
21680488,1174,24,0,4,21664720,1010,46,0,0
21665189,1617,52,0,0,21693360,1130,35,0,0
21668633,1909,39,0,2,21686043,928,33,0,0
21714648,1795,44,0,5,21640019,913,79,0,0
21715774,936,54,0,0,21668708,672,26,0,0
21684095,1795,75,0,1,21676816,917,94,0,0
21690719,2047,41,0,4,21726285,443,97,0,0
21717569,1148,29,0,1,21639046,1462,38,0,0
21637184,572,51,0,1,21702440,999,29,0,0
21649248,470,42,0,1,21663424,1320,31,0,0
21629753,822,42,0,0,21696775,680,33,0,0
21708415,807,28,0,2,21659933,1193,50,0,0
21673930,1511,39,0,2,21674603,2426,34,0,0
21697555,286,29,0,1,21644099,864,82,0,0
21627007,1042,66,0,1,21632887,2350,50,0,0
21716062,578,72,0,6,21650334,884,30,0,0
21646704,832,51,0,10,21711717,1984,49,0,0
21712635,966,33,0,2,21653329,739,71,0,0
21716677,385,73,0,0,21670394,1185,75,0,0
21676390,1098,55,0,1,21707162,1762,75,0,0
21714714,1191,17,0,4,21693043,1356,28,0,0
21646569,995,67,0,1,21697198,1159,70,0,0
21707291,985,54,0,3,21722101,1385,60,0,0
21630660,983,35,0,2,21624680,618,20,0,0
21714226,978,29,0,1,21652742,1545,47,0,0
21662437,666,51,0,0,21724210,641,51,0,0
21675271,1316,45,0,2,21723837,840,51,0,0
21711117,1267,44,0,9,21648910,1769,27,0,0
21650895,510,96,0,1,21620651,1457,66,0,0
21724171,664,43,0,0,21667476,1166,119,0,0
21658306,1144,24,0,1,21695313,1516,28,0,0
21621223,1032,58,0,0,21627152,1422,31,0,0
21648399,923,53,0,2,21714947,569,36,0,0
21643257,1464,51,0,0,21695346,1147,25,0,0
21665332,693,42,0,4,21714342,757,28,0,0
21663587,993,132,0,2,21722077,1297,76,0,0
21723117,226,50,0,2,21641448,848,41,0,0
21665227,446,56,0,3,21645690,620,20,0,0
21650313,980,25,0,5,21675628,705,20,0,0
21727073,1685,32,0,2,21724538,1686,36,0,0
21711884,480,62,0,2,21722678,302,79,0,0
21671597,1489,24,0,0,21724253,1596,52,0,0
21686948,680,77,0,7,21725613,540,44,0,0
21677112,1585,52,0,0,21669633,641,117,0,0
21708968,1131,19,0,0,21697807,1308,76,0,0
21683997,2177,23,0,1,21624840,638,80,0,0
21708854,1694,61,0,2,21664742,1190,69,0,0
21697819,1495,53,0,0,21620761,708,63,0,0
21644800,1325,24,0,2,21633162,413,46,0,0
21691107,648,84,0,2,21672013,1233,17,0,1
21712018,1523,21,0,0,21721062,2460,34,0,0
21651443,667,28,0,1,21649326,1012,56,0,0
21729307,1967,29,0,2,21712896,1216,49,0,0
21639289,469,88,0,4,21694079,564,82,0,0
21720113,1337,51,0,2,21698408,1197,67,0,0
21705715,201,65,0,4,21639221,1381,15,0,0
21722117,2204,32,0,3,21665527,1184,21,0,0
21647752,2086,35,0,4,21649979,2064,30,0,0
21629574,1584,28,0,3,21626642,1205,74,0,0
21685512,902,23,0,0,21670209,783,61,0,0
21658142,613,39,0,0,21631606,684,48,0,0
21673357,974,17,0,1,21715778,779,55,0,0
21686301,1069,60,0,2,21632159,2206,40,0,0
21689451,839,39,0,1,21686894,1711,56,0,0
21700724,1886,50,0,3,21691989,805,24,0,0
21729097,1430,25,0,0,21643147,1408,25,0,0
21700208,1646,30,0,1,21671856,1106,32,0,0
21707482,934,89,0,1,21632496,2005,42,0,0
21653301,1793,49,0,1,21713800,2195,15,0,0
21696453,302,27,0,2,21698960,1209,51,0,0
21714073,511,124,0,3,21691379,1663,19,0,0
21654008,415,28,0,2,21700843,256,34,0,0
21633964,900,91,0,0,21727378,2167,20,0,0
21640895,2572,28,0,2,21663684,111,125,0,0
21698484,1658,21,0,1,21630772,1328,36,0,0
21727632,1092,83,0,1,21693661,1555,48,0,0
21681139,1352,17,0,0,21627114,2214,37,0,0
21701864,1871,77,0,0,21648133,1221,38,0,0
21682682,1321,69,0,0,21653069,1663,35,0,0
21627799,1565,47,0,6,21650841,467,39,0,0
21692404,723,70,0,5,21714163,1207,58,0,0
21684190,993,63,0,4,21693170,1539,51,0,0
21704735,1286,62,0,0,21650203,2085,53,0,0
21698222,1691,80,0,6,21710587,656,36,0,0
21668744,956,61,0,2,21688931,464,40,0,0
21682562,1109,27,0,0,21712070,166,42,0,0
21668120,1680,47,0,0,21630379,1618,88,0,0
21669214,2576,34,0,2,21659445,2218,23,0,0
21645722,639,32,0,1,21659635,794,19,0,0
21646348,2153,40,0,2,21716454,713,61,0,0
21641924,2397,43,0,1,21625261,1085,24,0,0
21645160,980,72,0,6,21688190,1499,38,0,0
21624046,399,38,0,1,21712615,1119,38,0,0
21632645,1899,73,0,1,21630234,906,36,0,0
21714388,844,72,0,1,21667354,679,53,0,0
21634779,1910,90,0,0,21642216,897,30,0,0
21659579,1819,32,0,7,21641945,1973,52,0,0
21680596,2131,54,0,8,21708293,436,19,0,0
21662311,1153,35,0,1,21642089,1801,52,0,0
21680099,1153,25,0,10,21688553,2385,52,0,0
21650474,1971,74,0,2,21634805,1315,73,0,0
21676025,1238,51,0,5,21672475,1114,45,0,0
21712720,2443,41,0,1,21685095,1592,35,0,0
21680380,1415,64,0,3,21683217,1349,20,0,0
21633562,503,60,0,2,21714581,1342,27,0,0
21626264,983,56,0,1,21677074,964,55,0,0
21695741,2380,61,0,1,21695358,358,29,0,0
21680264,1077,32,0,4,21652153,1668,81,0,0
21630644,1662,41,0,3,21659622,1432,66,0,0
21716283,1502,23,0,4,21681088,2129,90,0,0
21675437,660,92,0,1,21730732,669,51,0,0
21697303,892,37,0,0,21650807,1833,28,0,0
21708745,1196,50,0,0,21627087,1011,25,0,0
21723592,157,63,0,1,21694167,997,133,0,0
21633949,2415,68,0,4,21730624,486,44,0,0
21684416,1893,55,0,0,21699909,2454,56,0,0
21676720,1142,35,0,0,21709041,341,55,0,0
21668987,1513,82,0,2,21713653,2183,50,0,0
21723874,1744,43,0,0,21696282,611,50,0,0
21685482,1137,37,0,0,21628870,778,34,0,0
21660199,1107,75,0,0,21693826,1042,78,0,0
21675136,1183,91,0,3,21689700,1059,56,0,0
21724985,2041,31,0,1,21658285,609,43,0,0
21653606,1661,52,0,0,21685488,1318,55,0,0
21674525,448,22,0,3,21624651,2160,29,0,0
21729172,1641,53,0,2,21652026,1866,35,0,0
21638723,1102,29,0,3,21706988,296,43,0,0
21672633,539,33,0,0,21630034,1152,39,0,0
21631503,1187,41,0,4,21665075,566,30,0,0
21681553,1008,34,0,3,21692564,1548,62,0,0
21658623,1000,30,0,2,21664022,1267,49,0,0
21674591,705,31,0,0,21671352,694,24,0,0
21718331,1104,39,0,0,21707086,1759,34,0,0
21634519,1452,82,0,1,21682358,964,33,0,0
21670827,790,57,0,5,21663293,1397,37,0,0
21652720,657,30,0,5,21687389,1680,61,0,0
21625878,879,51,0,1,21659607,1336,36,0,0
21634746,1358,43,0,0,21652446,898,33,0,0
21709133,2501,31,0,1,21682292,1685,68,0,0
21633734,705,57,0,1,21662195,1083,58,0,0
21720974,541,69,0,10,21653103,1320,60,0,0
21715115,921,59,0,0,21692948,669,75,0,0
21633171,814,33,0,9,21713149,335,29,0,0
21675430,1294,47,0,1,21685034,696,35,0,0
21689953,1357,45,0,10,21691932,1755,11,0,0
21628459,2380,39,0,2,21714476,1270,54,0,0
21684000,611,59,0,2,21662105,2321,24,0,0
21729369,1254,31,0,1,21690318,1331,35,0,0
21673708,1629,20,0,0,21728541,2167,24,0,0
21658916,1131,47,0,1,21726407,593,54,0,0
21650083,700,27,0,6,21629262,1186,53,0,0
21650954,1794,37,0,2,21725720,430,26,0,0
21649357,1147,68,0,0,21701539,2194,36,0,0
21648100,1674,68,0,0,21636986,1530,43,0,0
21648539,1653,75,0,3,21628804,1514,43,0,0
21634492,1748,47,0,1,21632534,1055,27,0,0
21734003,1217,74,0,1,21637182,1465,39,0,0
21683008,1543,49,0,2,21645043,2420,30,0,0
21646332,1336,31,0,0,21697773,1349,72,0,0
21639618,458,56,0,2,21678774,2163,26,0,0
21642035,1528,60,0,6,21684180,934,41,0,0
21667764,133,47,0,0,21723007,219,28,0,0
21665592,1145,66,0,1,21709964,1447,26,0,0
21712255,160,119,0,1,21630484,1260,27,0,0
21626964,862,59,0,0,21635544,1673,62,0,0
21680225,1519,26,0,1,21719615,1038,27,0,1
21717936,1343,71,0,2,21677100,1850,40,0,0
21706601,372,42,0,3,21690963,1121,43,0,0
21734268,464,48,0,2,21638230,1020,32,0,0
21647259,1195,34,0,4,21659342,103,42,0,0
21702865,1769,20,0,0,21717363,701,33,0,0
21635695,472,44,0,7,21691043,1672,36,0,0
21698889,525,58,0,3,21733169,197,84,0,0
21714208,1898,52,0,1,21692904,1252,23,0,0
21726467,2238,29,0,2,21729155,1438,43,0,0
21653935,711,33,0,0,21638546,1157,52,0,0
21695282,2003,34,0,2,21640966,500,54,0,0
21688205,2073,66,0,0,21726930,1017,67,0,0
21656194,564,39,0,3,21722579,1288,49,0,0
21733272,1789,25,0,0,21719213,1002,50,0,0
21668805,1391,39,0,2,21634627,690,31,0,0
21695153,737,22,0,4,21727913,1764,53,0,0
21690041,807,83,0,5,21701863,883,28,0,0
21666934,276,182,0,2,21717072,468,69,0,0
21639040,2141,31,0,1,21646972,1041,61,0,0
21652222,446,24,0,1,21720558,631,35,0,0
21697677,1375,31,0,2,21711972,2538,21,0,0
21659155,629,31,0,4,21677104,558,23,0,0
21661717,1171,32,0,0,21727275,236,60,0,0
21730851,1328,26,0,0,21646475,639,23,0,0
21678149,673,42,0,2,21695664,1746,34,0,0
21657765,988,15,0,2,21664069,534,100,0,0
21699517,572,192,0,0,21719995,1657,56,0,0
21680176,1815,34,0,0,21666947,820,47,0,0
21672540,1002,72,0,2,21662433,1419,43,0,0
21661727,727,32,0,1,21697507,1138,32,0,0
21633311,1358,175,0,6,21709305,993,42,0,0
21688990,699,57,0,1,21688912,1165,59,0,0
21710733,844,49,0,1,21710600,1191,66,0,0
21672189,421,23,0,0,21666041,949,45,0,0
21686461,2204,47,0,6,21735145,860,24,0,0
21629758,793,39,0,0,21706784,1247,39,0,0
21631151,145,78,0,3,21632247,1836,66,0,0
21656706,521,80,0,1,21657713,710,36,0,0
21665914,787,21,0,1,21634982,1265,25,0,0
21695493,1471,35,0,2,21708082,798,72,0,0
21735776,1117,56,0,0,21686980,1362,23,0,0
21726004,1094,20,0,1,21717479,1349,46,0,0
21635677,573,38,0,3,21664935,636,53,0,1
21706431,1599,23,0,1,21664264,772,38,0,0
21636602,1422,54,0,1,21725869,1261,30,0,1
21671210,1775,20,0,0,21733957,975,34,0,0
21680843,202,86,0,0,21722425,691,54,0,0
21687324,1684,49,0,3,21658175,539,54,0,0
21669701,1907,44,0,1,21735999,694,69,0,0
21687628,2290,68,0,3,21654563,1401,39,0,0
21665246,653,34,0,1,21656782,1511,14,0,0
21681334,2588,50,0,1,21722766,1428,18,0,0
21691738,1687,104,0,1,21717273,1032,70,0,0
21684025,1521,30,0,1,21649323,1230,22,0,0
21727506,628,55,0,0,21661217,929,29,0,0
21714298,180,67,0,1,21729705,1423,33,0,0
21721787,505,37,0,2,21709788,1394,42,0,0
21683349,1117,45,0,3,21653177,1082,123,0,0
21680361,700,25,0,6,21717487,930,22,0,0
21736310,1370,59,0,2,21656381,413,50,0,0
21720231,1948,76,0,2,21691430,1539,75,0,0
21713941,1462,52,0,0,21674953,1802,41,0,0
21650512,1047,73,0,1,21711332,1035,41,0,0
21649391,1540,40,0,0,21681634,1070,26,0,0
21635931,657,38,0,2,21658265,1285,28,0,0
21697378,687,74,0,1,21707951,1005,56,0,0
21632278,1133,55,0,0,21673151,1375,27,0,0
21682480,2379,25,0,5,21671107,1720,16,0,0
21685326,1072,18,0,4,21720749,781,15,0,0
21681601,962,57,0,4,21664305,423,95,0,0
21726951,1187,27,0,2,21657638,1724,34,0,1
21645163,796,22,0,0,21637130,1262,64,0,0
21644933,1175,91,0,5,21644017,623,63,0,0
21654889,1211,65,0,0,21719782,865,37,0,0
21696885,1166,25,0,1,21670983,1489,23,0,0
21645346,1683,25,0,2,21710944,1445,21,0,0
21724667,1639,36,0,3,21719676,965,28,0,0
21665375,1292,153,0,2,21656964,1051,27,0,0
21680458,2366,47,0,5,21655535,450,64,0,0
21659303,775,68,0,1,21670157,586,79,0,0
21710156,138,35,0,3,21637024,1119,47,0,0
21680556,600,62,0,6,21671039,552,42,0,0
21652298,1115,33,0,1,21691304,1891,18,0,0
21719990,716,32,0,3,21685646,982,32,0,0
21704240,1032,175,0,0,21703199,2194,125,0,0
21699868,1621,49,0,4,21698339,502,46,0,0
21703112,1268,19,0,0,21632975,1636,34,0,0
21690659,1081,37,0,0,21633000,2512,33,0,0
21701054,1334,48,0,0,21654700,1099,66,0,0
21681905,1570,56,0,0,21674977,1362,42,0,0
21710762,1137,82,0,0,21644020,1499,51,0,0
21641066,1870,33,0,0,21631625,2304,24,0,0
21636053,1531,22,0,2,21684592,1341,26,0,0
21652958,1349,26,0,2,21713763,1623,50,0,0
21659858,1024,18,0,3,21738609,1190,66,0,0
21663449,1863,35,0,1,21670389,1172,43,0,0
21676911,1819,17,0,0,21632813,1452,41,0,0
21654281,1850,33,0,8,21715771,1695,55,0,0
21667245,796,45,0,7,21720682,1349,56,0,0
21730010,1032,26,0,1,21698685,567,16,0,0
21711545,993,20,0,0,21728683,855,32,0,0
21681399,1042,101,0,2,21699855,2356,27,0,0
21735542,1135,22,0,0,21734835,904,18,0,0
21652609,546,16,0,2,21638516,2582,57,0,0
21636811,1584,62,0,4,21633864,621,26,0,0
21658312,1019,30,0,0,21721104,1010,38,0,0
21734308,1844,54,0,2,21657288,2325,59,0,0
21682543,793,33,0,3,21702365,2326,50,0,0
21691846,1111,34,0,2,21683754,531,47,0,0
21697383,1913,79,0,0,21722195,944,41,0,0
21717306,816,25,0,1,21715744,558,70,0,0
21639328,1291,36,0,0,21692279,1390,49,0,0
21684593,456,52,0,0,21647378,1409,52,0,0
21640843,233,27,0,4,21720803,510,98,0,0
21718055,1021,26,0,1,21664888,104,38,0,0
21639945,471,56,0,0,21714724,1720,45,0,0
21652107,353,66,0,1,21721022,2558,34,0,0
21643115,2119,58,0,0,21695456,2154,33,0,0
21648834,2456,32,0,1,21736338,718,56,0,0
21719388,1179,36,0,1,21634561,1162,68,0,0
21686382,472,52,0,0,21739560,1042,47,0,0
21711588,1470,71,0,1,21722573,569,64,0,0
21709841,852,44,0,4,21635591,933,40,0,0
21634976,537,35,0,1,21701503,829,59,0,0
21644359,475,53,0,1,21726412,694,228,0,0
21651920,985,72,0,9,21666933,2405,29,0,0
21660296,883,29,0,3,21633288,1765,64,0,0
21713824,940,89,0,2,21671129,324,91,0,0
21716063,1463,37,0,0,21688119,1384,31,0,0
21651404,1352,56,0,0,21644514,1631,23,0,0
21648056,1326,40,0,2,21711622,1420,35,0,1
21719256,844,35,0,1,21732530,164,31,0,0
21735520,503,24,0,1,21712996,2162,35,0,0
21739936,1072,43,0,2,21723997,1149,44,0,0
21697364,888,46,0,1,21640866,1686,23,0,0
21640952,1260,64,0,2,21639864,949,90,0,0
21663187,1879,41,0,2,21679292,870,73,0,1
21668534,926,29,0,0,21661778,1391,45,0,0
21677255,1322,22,0,7,21661079,435,74,0,0
21712768,1665,55,0,1,21651891,844,55,0,0
21640705,784,38,0,1,21655332,1102,46,0,0
21668180,703,41,0,1,21719293,1145,65,0,0
21658710,1631,36,0,3,21714173,221,70,0,0
21731086,1889,44,0,3,21681273,289,31,0,0
21677743,1605,47,0,2,21709292,1068,27,0,0
21738337,1152,26,0,0,21648254,1758,69,0,0
21661914,1606,22,0,6,21650706,719,27,0,0
21680604,999,34,0,4,21741639,1923,15,0,0
21707863,1180,41,0,2,21681388,874,20,0,0
21679686,784,66,0,2,21657641,1146,65,0,0
21676462,1303,41,0,4,21667147,822,23,0,0
21728967,1874,24,0,2,21682158,1971,57,0,0
21638117,655,27,0,3,21669947,1614,43,0,0
21688230,481,73,0,1,21669078,2296,40,0,0
21667881,884,27,0,1,21736241,1211,38,0,0
21739916,959,39,0,5,21665727,1803,33,0,0
21731073,656,34,0,5,21711593,392,53,0,0
21701517,175,65,0,4,21641880,1070,33,0,0
21735195,1667,31,0,0,21735587,1603,46,0,0
21676232,2190,19,0,5,21650551,1215,21,0,0
21712367,1570,85,0,3,21644367,1512,84,0,0
21635521,1629,44,0,2,21720521,1020,30,0,0
21648906,595,57,0,1,21724589,785,42,0,0
21644411,1028,42,0,1,21736455,799,18,0,0
21719427,1047,25,0,0,21653383,648,69,0,0
21730890,1080,25,0,2,21692886,1118,37,0,0
21695324,319,27,0,3,21668462,1117,28,0,0
21688011,1377,40,0,6,21663040,1609,63,0,0
21699549,789,29,0,4,21713666,720,122,0,0
21668414,1745,47,0,3,21661793,1277,54,0,0
21738620,873,43,0,1,21669131,1127,33,0,0
21643338,1772,44,0,3,21637886,1738,37,0,0
21710121,2056,58,0,5,21686789,1388,45,0,0
21661082,135,39,0,4,21637147,1197,34,0,0
21647241,1794,33,0,1,21684261,1092,36,0,0
21740661,740,27,0,8,21684007,1498,48,0,0
21671271,1455,27,0,7,21657711,737,32,0,0
21657728,712,59,0,2,21724025,1622,34,0,0
21695619,1151,90,0,1,21705706,1002,44,0,0
21711260,830,60,0,2,21660178,2559,49,0,0
21671064,900,40,0,2,21663747,715,61,0,1
21644053,1720,47,0,0,21648611,2182,74,0,0
21636437,1567,30,0,1,21685640,305,32,0,0
21692721,1881,59,0,1,21657889,1939,62,0,0
21641835,384,46,0,0,21651012,330,36,0,0
21690575,605,19,0,4,21711907,1608,84,0,0
21679901,1808,28,0,4,21642801,1035,44,0,0
21679782,1252,50,0,6,21732352,1306,38,0,0
21710795,1537,45,0,1,21697188,679,59,0,0
21719874,1750,34,0,1,21662140,1739,52,0,0
21683891,218,56,0,0,21731213,1669,91,0,0
21638470,910,13,0,0,21654465,2158,25,0,0
21717634,1987,37,0,1,21727828,1770,60,0,0
21742675,1013,18,0,0,21644479,1716,51,0,0
21690531,735,39,0,0,21710142,1148,24,0,0
21652650,1479,48,0,4,21714721,624,33,0,0
21728656,1129,21,0,4,21637078,1492,47,0,0
21653564,428,38,0,1,21674140,1079,74,0,0
21722686,2146,54,0,2,21663455,1840,71,0,0
21726416,760,52,0,1,21688699,1545,58,0,0
21698315,1553,54,0,5,21656729,686,20,0,0
21706750,1694,264,0,3,21683439,2162,30,0,0
21705222,565,27,0,0,21640976,1951,103,0,0
21740331,1428,74,0,3,21726907,957,64,0,0
21672573,1218,49,0,2,21658482,409,103,0,0
21681616,2534,38,0,0,21732265,1289,29,0,0
21709149,1751,51,0,3,21665813,923,73,0,0
21650217,651,34,0,1,21727623,2572,21,0,0
21673397,1617,16,0,4,21661383,883,53,0,0
21697961,470,17,0,1,21658314,329,60,0,0
21712597,1481,41,0,0,21664109,1033,28,0,0
21666797,1952,23,0,10,21663568,318,33,0,0
21658923,911,20,0,4,21694396,2228,39,0,0
21679737,1432,32,0,0,21712429,1056,56,0,0
21723743,1807,69,0,1,21717771,939,64,0,0
21717800,604,64,0,1,21700700,1750,34,0,0
21737118,1764,46,0,1,21650755,496,42,0,0
21694085,1750,34,0,1,21739813,711,87,0,0
21692959,1137,42,0,1,21672397,453,40,0,0
21724475,1896,55,0,2,21696227,1301,38,0,0
21659994,759,74,0,3,21670989,1747,72,0,0
21711049,1274,153,0,4,21678508,1959,81,0,0
21679470,1627,44,0,3,21651453,1663,65,0,0
21693042,1765,55,0,4,21681966,1095,24,0,0
21730749,1179,20,0,2,21727327,1399,52,0,0
21698994,916,82,0,8,21652002,915,40,0,0
21721574,587,69,0,1,21745080,215,87,0,0
21683561,2133,26,0,2,21642105,1511,30,0,0
21725298,1685,27,0,3,21678919,1173,38,0,0
21669184,1367,70,0,0,21686219,1161,39,0,0
21655633,1183,36,0,1,21643333,1355,19,0,0
21663130,320,24,0,1,21735589,1890,21,0,0
21735072,2456,25,0,1,21646464,1631,44,0,0
21677685,932,45,0,2,21725685,812,75,0,0
21646618,871,27,0,1,21745332,1924,48,0,0
21694980,805,44,0,2,21665060,484,70,0,0
21708575,1384,66,0,0,21668914,1996,51,0,0
21729496,1345,54,0,0,21745406,607,28,0,0
21654858,1053,27,0,1,21692136,2181,23,0,0
21679878,2579,68,0,5,21677457,1254,55,0,0
21668170,672,43,0,1,21720743,1909,22,0,0
21663125,2152,65,0,4,21648338,1005,32,0,0
21713408,717,52,0,3,21669602,206,50,0,0
21733368,1191,48,0,5,21695052,1693,45,0,0
21743278,1944,54,0,1,21746215,224,22,0,0
21731061,813,34,0,3,21651816,1685,37,0,0
21690231,1786,38,0,9,21685054,1087,93,0,0
21690134,1260,50,0,9,21643002,2277,17,0,0
21729692,1356,29,0,3,21658088,341,54,0,0
21742529,1639,86,0,3,21718608,1100,23,0,0
21709979,2175,46,0,1,21674775,1611,41,0,0
21708070,2084,22,0,0,21694875,1742,21,0,0
21727359,1636,117,0,2,21677611,440,92,0,0
21695410,667,24,0,1,21680788,920,43,0,1
21673914,1601,76,0,5,21646764,398,63,0,0
21723339,1258,75,0,1,21680617,1572,73,0,0
21727180,317,65,0,5,21690539,592,48,0,0
21674148,768,37,0,2,21738998,413,78,0,0
21742285,1295,51,0,0,21738573,1669,54,0,0
21681097,1252,27,0,0,21688950,1108,15,0,0
21730482,1819,35,0,2,21676003,1138,73,0,0
21689999,2014,45,0,1,21657644,1323,26,0,0
21696867,923,38,0,0,21681130,853,16,0,0
21722504,1185,72,0,1,21722943,2314,61,0,0
21644246,448,117,0,1,21735876,1076,74,0,0
21729108,882,30,0,4,21712740,709,16,0,0
21680166,1179,73,0,1,21660011,1559,66,0,0
21696531,926,25,0,4,21652972,1005,60,0,0
21687760,482,60,0,1,21666244,841,39,0,0
21735411,922,40,0,1,21743972,1355,23,0,0
21706879,1688,38,0,2,21647699,1181,83,0,0
21738228,1295,33,0,0,21737043,1419,38,0,0
21669515,1418,23,0,0,21669608,892,27,0,0
21684637,996,44,0,1,21675937,1380,120,0,0
21707462,1091,56,0,1,21691663,1120,16,0,0
21719163,1398,79,0,1,21645439,1108,89,0,0
21730422,792,36,0,0,21720218,1165,18,0,0
21722958,975,36,0,1,21733015,1788,22,0,0
21665163,699,44,0,0,21740186,919,20,0,0
21663439,744,39,0,0,21665502,962,43,0,0
21743799,387,48,0,5,21734179,1180,44,0,0
21743897,1197,42,0,1,21707939,717,44,0,0
21727608,1264,27,0,1,21704317,1027,137,0,0
21694805,883,81,0,0,21710479,1093,72,0,0
21744354,2133,46,0,0,21687247,1480,19,0,0
21645468,540,51,0,2,21682966,1462,44,0,0
21669929,1303,27,0,1,21657488,942,63,0,0
21736919,615,75,0,5,21738420,2429,28,0,0
21727895,1167,75,0,2,21738463,1236,83,0,0
21740939,456,85,0,0,21725632,2141,56,0,0
21733316,945,38,0,2,21675493,1952,34,0,0
21644711,1219,40,0,1,21696969,508,47,0,0
21689263,727,39,0,2,21672271,823,41,0,0
21666802,875,87,0,3,21677819,374,38,0,0
21676795,1541,46,0,2,21738700,1678,40,0,0
21696947,2291,26,0,0,21650741,1559,89,0,0
21673514,1334,25,0,1,21658705,1579,32,0,0
21743535,1451,40,0,0,21642191,1326,79,0,0
21683503,635,33,0,2,21678531,444,39,0,0
21664164,1322,53,0,5,21685992,1487,54,0,0
21691933,621,21,0,1,21682229,963,68,0,0
21717384,803,91,0,1,21735656,2116,85,0,0
21701284,798,44,0,2,21740584,833,40,0,0
21653215,2557,41,0,1,21739745,977,46,0,0
21695564,460,18,0,3,21666603,2142,56,0,0
21678015,695,71,0,0,21678519,809,27,0,0
21732215,682,229,0,0,21650548,408,19,0,0
21699922,1426,42,0,3,21716870,888,27,0,0
21692821,331,46,0,0,21701664,1653,32,0,0
21658043,667,64,0,3,21722597,2131,19,0,0
21720417,1990,59,0,1,21650099,952,48,0,0
21660713,1448,45,0,3,21741046,1317,45,0,0
21644227,263,43,0,3,21713045,1453,26,0,0
21674923,180,20,0,3,21682835,557,70,0,0
21659719,1885,47,0,2,21674323,1613,20,0,0
21707046,1162,83,0,1,21674810,2590,45,0,0
21717123,1109,55,0,2,21736266,784,43,0,0
21646951,1674,29,0,0,21650385,868,88,0,0
21734059,1349,55,0,1,21709784,1963,23,0,0
21653999,2583,33,0,0,21659515,636,68,0,0
21660250,2668,29,0,1,21746399,2524,56,0,0
21719344,973,119,0,2,21650695,562,24,0,0
21726374,753,86,0,3,21722663,1618,36,0,0
21686646,713,55,0,9,21687755,1734,44,0,0
21688641,1532,61,0,5,21672114,973,83,0,0
21699971,1613,41,0,3,21696708,1036,46,0,0
21675819,1224,72,0,9,21738911,2548,36,0,0
21698234,1196,55,0,1,21652263,348,23,0,0
21739667,1160,32,0,3,21676048,629,37,0,0
21659578,1624,55,0,2,21694197,1440,45,0,0
21644522,853,59,0,3,21726702,1124,34,0,0
21733260,1422,31,0,3,21736538,1476,23,0,0
21740256,1794,42,0,5,21709466,2144,40,0,0
21711274,991,80,0,0,21665900,1270,31,0,0
21730372,874,45,0,0,21729767,536,102,0,0
21745883,1423,35,0,3,21680476,1193,20,0,0
21707989,1611,28,0,0,21745745,647,44,0,0
21650751,1535,37,0,4,21686176,354,44,0,0
21684496,1431,43,0,1,21728062,1011,95,0,0
21688673,1495,32,0,1,21708966,1110,32,0,0
21739419,1036,38,0,4,21743940,716,40,0,0
21670081,1995,50,0,1,21708449,965,42,0,0
21676949,100,57,0,0,21716026,691,47,0,0
21692468,321,44,0,4,21715274,1171,36,0,0
21657247,1157,25,0,3,21699082,1167,69,0,0
21733854,1529,36,0,2,21736465,1957,18,0,0
21725959,848,57,0,0,21683091,1635,36,0,0
21748564,589,59,0,3,21706025,1516,43,0,0
21739592,433,82,0,1,21700805,1327,73,0,0
21710277,1188,24,0,3,21730916,668,25,0,0
21659010,1110,49,0,2,21674268,980,47,0,0
21653716,955,50,0,2,21676170,1042,43,0,0
21727015,924,27,0,0,21681991,2457,36,0,0
21687587,1251,95,0,2,21708205,896,48,0,0
21716735,634,34,0,0,21731705,538,52,0,0
21702292,1738,51,0,9,21680415,1095,39,0,0
21734541,1027,59,0,5,21729174,1906,40,0,0
21718732,1126,57,0,0,21677982,1524,30,0,0
21737393,1126,39,0,1,21686595,958,54,0,0
21744702,1063,32,0,3,21728268,1333,64,0,0
21693926,756,80,0,5,21685921,438,22,0,0
21723776,955,20,0,0,21707275,2347,48,0,0
21681645,1099,76,0,1,21718684,1950,17,0,0
21708977,1619,67,0,0,21713511,1600,35,0,0
21648496,1714,60,0,15,21686107,1784,40,0,0
21694939,1001,38,0,0,21667313,2051,22,0,0
21737202,1046,28,0,0,21727333,606,35,0,0
21703456,812,15,0,0,21646659,2432,48,0,0
21723878,1289,80,0,0,21696130,709,41,0,0
21670110,678,62,0,0,21742440,1290,65,0,0
21701551,1718,49,0,1,21723121,640,55,0,0
21667678,655,50,0,0,21698747,2057,58,0,0
21715378,828,47,0,1,21723204,1238,69,0,0
21666496,1063,31,0,1,21748019,1046,48,0,0
21658443,1010,28,0,8,21702224,1094,60,0,0
21709242,1542,64,0,1,21685006,156,68,0,0
21745789,716,49,0,2,21743923,775,32,0,0
21672802,1063,93,0,5,21689691,2278,17,0,0
21671407,932,54,0,0,21675889,1636,56,0,0
21683883,813,35,0,1,21719297,1231,47,0,0
21651041,622,44,0,1,21723450,984,25,0,0
21715078,228,19,0,0,21728994,1498,34,0,0
21709703,1451,31,0,1,21711866,452,76,0,0
21683155,1177,135,0,1,21729420,1881,50,0,1
21703702,1191,49,0,2,21689628,341,79,0,0
21730460,636,21,0,9,21679400,942,36,0,0
21665567,439,41,0,2,21748273,778,94,0,0
21695604,984,35,0,0,21750346,2058,59,0,0
21672793,897,35,0,10,21676428,1677,19,0,0
21721394,1460,41,0,1,21652501,2036,44,0,0
21669239,624,46,0,0,21669753,1008,73,0,0
21691339,827,52,0,2,21685997,617,53,0,0
21649491,1277,73,0,0,21720670,895,48,0,0
21675027,1080,40,0,3,21725686,395,39,0,0
21645765,837,73,0,2,21716813,761,23,0,0
21686986,1925,50,0,0,21719702,1109,63,0,0
21661537,1711,49,0,5,21679132,1189,31,0,0
21677715,686,35,0,1,21695479,2273,23,0,0
21743996,1315,48,0,1,21741260,1734,83,0,0
21681041,471,102,0,0,21679813,606,107,0,0
21734538,423,35,0,4,21726766,1029,62,0,0
21648406,710,83,0,1,21711021,2158,102,0,0
21666676,1934,50,0,3,21717495,152,31,0,0
21689202,829,53,0,0,21646934,1121,25,0,0
21692421,686,65,0,3,21710244,1256,27,0,0
21679145,1067,49,0,2,21716296,1724,28,0,0
21699496,1559,28,0,0,21679682,1271,42,0,0
21724175,1859,59,0,0,21743984,1119,32,0,0
21712859,1647,20,0,3,21684143,2402,29,0,0
21648313,1338,34,0,1,21751894,1108,72,0,0
21674665,1945,67,0,0,21713723,1146,41,0,0
21693561,632,22,0,3,21677075,602,36,0,0
21672318,655,24,0,11,21729679,2191,46,0,0
21678846,904,48,0,1,21661553,481,42,0,0
21707470,1591,42,0,2,21703985,595,79,0,0
21686118,1165,55,0,3,21726146,551,40,0,0
21743142,850,82,0,0,21704913,1708,26,0,0
21745151,1269,44,0,1,21715259,1187,49,0,0
21717212,2102,60,0,1,21668650,2105,20,0,0
21680171,2217,37,0,0,21744662,700,105,0,0
21691208,1326,58,0,1,21708594,1698,12,0,0
21732511,590,63,0,2,21719180,1424,85,0,0
21738860,657,63,0,0,21726502,964,37,0,0
21740310,1316,87,0,2,21675007,1173,57,0,0
21679549,802,21,0,1,21682112,1374,44,0,0
21751051,1654,18,0,3,21708975,1508,25,0,0
21697911,1421,49,0,0,21657714,2628,21,0,0
21652668,2081,23,0,3,21657496,988,49,0,0
21692165,316,73,0,0,21686254,1604,21,0,0
21756167,1245,44,0,1,21714401,1050,22,0,0
21680383,965,128,0,0,21730875,661,116,0,0
21676067,2187,43,0,1,21700605,1719,31,0,0
21709280,1572,27,0,3,21673427,2266,61,0,0
21698801,925,59,0,2,21679699,1470,73,0,0
21703717,1056,51,0,9,21661278,658,33,0,0
21709725,1904,79,0,0,21697257,356,30,0,0
21701243,1158,44,0,1,21678374,2164,30,0,0
21697037,815,22,0,0,21685069,1432,61,0,0
21672262,1471,56,0,15,21669503,2124,39,0,0
21745169,484,74,0,1,21692647,786,32,0,0
21727724,752,27,0,2,21740042,1654,42,0,0
21714987,1147,39,0,0,21676728,1050,32,0,0
21736944,2436,21,0,1,21748721,1100,12,0,0
21734802,250,60,0,1,21662808,2109,27,0,0
21713339,380,43,0,8,21727798,980,31,0,0
21685602,910,38,0,1,21683056,2298,57,0,0
21710853,1670,63,0,1,21689011,701,35,0,0
21742697,1162,71,0,5,21745762,905,82,0,0
21702313,760,89,0,1,21664537,683,23,0,0
21743398,1121,24,0,0,21649719,1079,43,0,0
21695677,401,31,0,1,21662074,2364,48,0,0
21659806,606,29,0,1,21649785,1428,30,0,0
21674204,1161,147,0,2,21727553,1864,26,0,0
21696244,1686,37,0,1,21652634,1139,63,0,0
21667467,2576,32,0,1,21734889,1191,38,0,0
21725978,419,63,0,0,21728472,1809,31,0,0
21687642,2539,22,0,7,21707790,1432,37,0,0
21735939,1022,42,0,4,21736471,808,55,0,0
21753035,1285,42,0,1,21723218,1689,26,0,0
21735355,1060,73,0,0,21681465,1638,65,0,0
21745450,1181,41,0,2,21709913,1142,31,0,0
21687041,1349,19,0,4,21688472,652,47,0,0
21738605,564,31,0,4,21740479,1478,81,0,0
21704571,1765,50,0,4,21746936,1981,16,0,0
21731968,1119,27,0,6,21690491,895,40,0,0
21727440,1104,68,0,1,21743254,924,46,0,0
21710735,970,58,0,2,21719629,1951,64,0,0
21725008,472,30,0,2,21672848,121,44,0,1
21677377,821,63,0,1,21697033,1191,40,0,0
21694420,1629,37,0,0,21719658,1354,74,0,0
21687694,1787,14,0,2,21750843,955,66,0,0
21714003,1411,34,0,0,21742190,1089,72,0,0
21708976,1833,42,0,2,21679866,953,70,0,0
21678237,947,65,0,1,21704586,1501,42,0,0
21738881,1219,66,0,5,21734151,2120,18,0,0
21669465,928,36,0,1,21674356,2028,37,0,0
21730334,1561,46,0,2,21664061,682,105,0,0
21679898,588,85,0,0,21759137,364,63,0,0
21757217,789,42,0,3,21731672,1040,38,0,0
21726507,1549,43,0,1,21739750,903,35,0,0
21726087,1624,65,0,4,21737753,602,53,0,0
21750261,963,59,0,1,21658379,1332,18,0,0
21729502,1741,26,0,5,21723853,1600,40,0,0
21747745,1390,21,0,1,21744531,1646,50,0,0
21672194,563,18,0,3,21656182,693,24,0,0
21751393,1300,27,0,4,21750301,1564,52,0,0
21718018,1278,51,0,1,21650993,2195,37,0,0
21725549,1572,56,0,3,21757028,859,67,0,0
21674500,1139,68,0,8,21701876,1495,13,0,0
21749223,833,30,0,0,21715277,1939,69,0,0
21757661,1109,49,0,0,21707454,995,75,0,0
21663764,2430,34,0,0,21725680,1598,31,0,0
21741643,842,27,0,3,21717933,1041,94,0,0
21684303,1176,50,0,2,21682705,1671,50,0,0
21678632,572,65,0,3,21752482,393,36,0,0
21696811,1024,39,0,6,21693641,1892,93,0,0
21715673,1325,48,0,1,21747508,461,44,0,0
21716806,1125,30,0,2,21656035,2002,76,0,0
21759368,281,86,0,1,21674142,1128,51,0,0
21752244,1328,38,0,6,21677700,848,58,0,0
21691736,532,83,0,2,21675881,1489,30,0,0
21688681,1014,62,0,2,21660904,588,63,0,0
21758761,989,47,0,1,21735664,378,17,0,0
21725491,883,28,0,3,21711597,1011,65,0,0
21694070,1364,26,0,13,21660739,1128,58,0,0
21655408,998,45,0,1,21716312,340,92,0,0
21709062,1980,16,0,7,21685573,643,48,0,0
21698165,1662,51,0,0,21720532,1021,103,0,0
21750826,1694,19,0,6,21726400,1338,51,0,0
21654491,1118,30,0,3,21716309,244,66,0,0
21675279,328,29,0,2,21712975,884,62,0,0
21676549,1671,26,0,0,21710877,1581,56,0,0
21690796,1734,63,0,3,21716911,703,42,0,0
21687886,1078,45,0,0,21732713,1253,32,0,0
21670390,1220,31,0,2,21655715,1779,32,0,0
21668227,147,89,0,3,21731802,1630,32,0,0
21676503,2102,54,0,0,21667606,1254,76,0,0
21742619,488,100,0,2,21703770,1929,93,0,0
21759206,2225,29,0,0,21659564,2036,126,0,0
21672515,974,44,0,0,21755399,605,50,0,0
21667774,1420,34,0,3,21743185,2161,39,0,1
21689681,1586,39,0,4,21704040,1656,29,0,0
21693648,1510,40,0,2,21677196,717,30,0,0
21659334,1215,59,0,0,21731479,878,83,0,0
21755252,1743,30,0,1,21717792,1396,124,0,0
21750520,475,73,0,0,21713754,1338,64,0,0
21745131,1492,26,0,1,21736730,1069,50,0,0
21683122,1019,43,0,2,21712572,643,81,0,0
21659566,1654,34,0,0,21658176,705,29,0,0
21665773,1914,52,0,2,21655980,1822,33,0,1
21728357,1103,46,0,3,21664702,1287,16,0,0
21688112,839,72,0,1,21745970,2109,27,0,0
21704722,1059,31,0,3,21654351,1144,82,0,0
21704044,932,44,0,4,21722736,1934,68,0,0
21683450,1178,41,0,2,21708796,1802,35,0,0
21731417,1516,52,0,2,21759482,1920,34,0,0
21657930,1362,90,0,1,21712203,1216,23,0,1
21661655,2168,53,0,1,21746684,1056,48,0,0
21733876,1637,27,0,0,21712818,1689,55,0,0
21755153,1204,42,0,2,21727939,836,59,0,0
21717076,1828,39,0,0,21672610,1639,46,0,0
21758907,1132,22,0,3,21758329,186,52,0,0
21739121,1080,22,0,1,21654223,1037,20,0,0
21690139,706,38,0,3,21745060,629,46,0,0
21756467,1520,42,0,1,21667141,2195,43,0,0
21730700,1601,40,0,3,21711920,1731,59,0,0
21720279,1100,86,0,1,21677198,572,32,0,0
21686657,656,49,0,0,21761482,2219,44,0,0
21700292,995,51,0,1,21695182,1611,23,0,0
21695107,595,48,0,0,21698233,1035,85,0,0
21692519,614,41,0,6,21750794,676,48,0,0
21729465,378,40,0,6,21678431,2521,29,0,0
21705787,1609,31,0,0,21738162,1431,35,0,0
21752198,751,58,0,4,21683597,859,22,0,0
21709561,410,24,0,0,21707754,577,87,0,0
21728156,1881,51,0,1,21730558,431,22,0,0
21718117,1588,26,0,3,21744049,1143,36,0,0
21721073,743,36,0,5,21718261,1374,35,0,0
21667596,964,65,0,1,21672229,628,20,0,0
21703162,1362,38,0,4,21699834,219,27,0,0
21697226,657,34,0,5,21703308,1073,41,0,0
21710850,1103,29,0,0,21695195,497,58,0,0
21728576,1123,31,0,11,21709382,969,51,0,0
21693284,1431,65,0,2,21709034,1401,38,0,0
21760810,1315,28,0,0,21743756,1121,30,0,0
21751750,2131,43,0,1,21737876,1042,34,0,0
21688164,499,46,0,0,21760627,2078,49,0,0
21697155,871,27,0,0,21658037,1442,58,0,0
21694030,2410,36,0,2,21668000,1376,58,0,0
21675219,1362,66,0,1,21670416,1036,123,0,0
21728229,521,83,0,0,21726835,1688,47,0,0
21723236,1041,21,0,0,21714921,1089,40,0,0
21678675,832,21,0,4,21685762,749,55,0,0
21719912,489,41,0,3,21708942,1323,45,0,0
21681429,746,52,0,2,21693973,1400,27,0,0
21730540,775,24,0,2,21761044,1193,44,0,0
21675846,1464,76,0,0,21662566,800,38,0,0
21671154,983,26,0,11,21693235,699,40,0,0
21710564,214,35,0,2,21760863,1408,56,0,0
21687704,2030,42,0,3,21750501,2344,12,0,0
21675080,1715,21,0,0,21676293,1190,46,0,0
21736672,1822,30,0,6,21720805,475,71,0,0
21654650,1479,36,0,2,21677110,1026,46,0,0
21751846,1797,28,0,2,21659296,2518,72,0,0
21664898,973,63,0,0,21674571,766,67,0,0
21694915,1172,39,0,6,21729033,937,45,0,0
21758491,2137,53,0,0,21666662,1782,36,0,0
21697388,123,77,0,3,21654934,727,34,0,0
21721162,1041,38,0,3,21658105,1159,39,0,0
21664640,696,53,0,1,21734211,366,72,0,0
21719396,674,81,0,1,21669551,818,28,0,0
21706043,1495,23,0,2,21725600,1083,32,0,0
21703959,1431,64,0,1,21761716,1432,32,0,0
21660555,1239,52,0,2,21696896,1151,41,0,0
21750363,1755,32,0,1,21675776,672,55,0,0
21683867,1293,65,0,4,21655475,1141,41,0,0
21689132,442,25,0,1,21728092,417,176,0,0
21732482,1187,72,0,1,21693764,959,84,0,0
21660500,1540,27,0,0,21731756,1629,45,0,0
21693964,471,35,0,1,21727144,1579,24,0,0
21693936,1483,75,0,2,21691958,1524,43,0,0
21719289,1772,59,0,2,21690163,1295,62,0,0
21752612,298,110,0,7,21656260,101,46,0,0
21716533,974,53,0,4,21688517,169,35,0,0
21672920,1706,30,0,1,21710947,855,31,0,0
21739238,1180,35,0,1,21706229,1662,25,0,0
21681108,2166,31,0,2,21709857,1807,25,0,0
21669457,1082,18,0,0,21743418,2321,50,0,0
21744459,1607,66,0,1,21704816,865,131,0,0
21669939,1909,47,0,2,21760445,1799,74,0,0
21666466,817,67,0,1,21656136,1778,47,0,0
21763227,1073,40,0,2,21710113,2103,68,0,0
21692809,1379,38,0,4,21656009,2566,23,0,0
21659426,1477,57,0,1,21741771,491,142,0,0
21668199,1080,85,0,2,21739196,1119,29,0,0
21720715,1984,47,0,1,21764518,1217,68,0,0
21730547,1537,29,0,4,21692522,1658,33,0,0
21680287,933,26,0,4,21704794,2574,54,0,0
21678433,1498,69,0,1,21736125,1414,27,0,0
21736198,1331,39,0,1,21761855,1532,45,0,0
21681057,1486,41,0,1,21697642,1137,29,0,0
21663211,1344,37,0,3,21730423,2583,49,0,0
21720665,1517,28,0,3,21693510,249,40,0,0
21693526,199,47,0,0,21744593,1095,58,0,0
21731145,561,31,0,2,21698445,1911,33,0,0
21726949,1073,35,0,3,21715497,2262,24,0,0
21739543,1776,79,0,0,21664902,2463,49,0,0
21697999,1684,27,0,1,21686984,2145,49,0,0
21751446,409,24,0,0,21719999,718,61,0,0
21663645,1216,39,0,1,21695008,782,35,0,0
21722935,2169,27,0,1,21717496,962,36,0,0
21692491,1129,33,0,2,21741415,1280,20,0,0
21726747,885,26,0,5,21707887,858,33,0,0
21719959,110,49,0,0,21674270,1064,63,0,0
21758767,852,79,0,1,21713309,598,32,0,0
21662305,1695,38,0,0,21695833,117,91,0,0
21691246,811,25,0,2,21667827,591,22,0,0
21742973,1965,50,0,3,21679091,535,41,0,0
21674364,1277,44,0,1,21662136,717,66,0,0
21709658,984,49,0,1,21683009,1115,35,0,0
21695435,1636,32,0,7,21751634,1141,55,0,0
21663230,323,76,0,2,21764166,676,46,0,0
21722371,1822,14,0,0,21686075,530,51,0,0
21751156,819,77,0,0,21756522,1382,31,0,0
21746219,573,23,0,17,21717310,878,27,0,0
21675957,1795,29,0,6,21675557,971,40,0,0
21721965,1586,42,0,11,21670080,749,21,0,0
21749380,967,112,0,0,21745945,2044,86,0,0
21728634,1466,73,0,0,21719885,720,45,0,0
21749208,134,45,0,0,21762074,1040,100,0,0
21685239,2253,44,0,0,21749868,1141,28,0,0
21683308,911,44,0,1,21672175,935,31,0,1
21691993,807,42,0,0,21740019,2147,48,0,0
21749877,1172,26,0,0,21696196,1152,50,0,0
21750934,1746,62,0,1,21753540,297,61,0,0
21678766,1302,16,0,0,21662545,1610,40,0,0
21728671,1884,47,0,2,21688128,1125,35,0,0
21752162,875,28,0,1,21686343,1791,40,0,0
21680546,1670,42,0,0,21708198,1178,94,0,0
21751194,985,38,0,1,21743074,1076,34,0,0
21752939,2176,42,0,9,21693710,441,45,0,0
21730139,1527,29,0,4,21683296,1373,20,0,1
21760263,1181,43,0,0,21755875,1687,19,0,0
21671175,1488,53,0,0,21666665,2101,30,0,0
21691545,969,80,0,1,21724564,922,32,0,0
21726455,1232,34,0,1,21741091,2526,44,0,0
21741066,1683,39,0,0,21670215,592,77,0,0
21663469,1651,36,0,2,21669668,2113,36,0,0
21733017,250,51,0,1,21660864,1347,35,0,0
21669538,1348,79,0,0,21735856,1093,17,0,0
21719049,806,67,0,11,21688043,1919,49,0,0
21661992,1273,27,0,0,21744607,534,19,0,0
21725838,621,38,0,2,21698912,1760,55,0,0
21768358,149,91,0,3,21733448,1014,64,0,0
21669440,912,34,0,8,21695717,233,36,0,0
21743209,675,96,0,0,21721387,1008,31,0,0
21727152,604,63,0,0,21754348,740,53,0,0
21660439,1195,90,0,0,21718202,795,43,0,0
21672176,2572,55,0,0,21697794,1751,48,0,0
21730701,1308,27,0,2,21676473,1491,45,0,0
21673507,1186,42,0,1,21672416,725,52,0,0
21663675,996,45,0,2,21697035,864,88,0,0
21693996,617,40,0,0,21754760,1184,69,0,0
21733716,1557,64,0,4,21675848,870,67,0,0
21736052,1816,38,0,2,21767808,2068,66,0,0
21669369,1836,28,0,1,21762222,1554,36,0,0
21750823,669,95,0,4,21718878,711,46,0,0
21733639,755,40,0,5,21712634,819,71,0,0
21715613,2141,34,0,3,21714620,427,43,0,0
21740641,364,55,0,0,21682584,2296,32,0,0
21670370,636,46,0,2,21674746,1594,20,0,0
21720853,668,30,0,4,21743065,462,30,0,0
21751126,1771,28,0,1,21733137,1402,30,0,0
21713063,1312,57,0,1,21681228,1129,11,0,0
21713848,2101,59,0,8,21677215,1754,18,0,0
21683172,710,17,0,6,21750483,786,33,0,0
21712939,778,44,0,1,21661984,759,91,0,0
21745124,855,56,0,8,21715166,824,35,0,0
21660197,1514,66,0,1,21720569,1026,30,0,0
21674055,1056,40,0,2,21664677,1602,31,0,0
21661370,1951,46,0,2,21720833,1980,62,0,0
21753941,682,55,0,2,21766918,1029,68,0,0
21681603,2080,21,0,0,21691918,1664,86,0,0
21734521,1146,65,0,1,21768494,644,73,0,0
21736475,662,37,0,1,21746178,1500,49,0,0
21729747,1222,18,0,0,21690624,801,17,0,0
21730582,886,58,0,3,21676995,750,71,0,0
21665958,1023,38,0,6,21767104,391,73,0,0
21676498,752,78,0,0,21695755,1092,17,0,0
21741362,676,14,0,0,21770354,426,47,0,0
21682348,1689,37,0,11,21674217,471,47,0,0
21661439,852,37,0,0,21710813,606,35,0,0
21733052,878,27,0,2,21669289,935,45,0,0
21685811,1497,48,0,1,21740705,1089,38,0,0
21730751,1021,63,0,3,21733743,2305,46,0,0
21757577,344,37,0,2,21760294,1273,27,0,0
21763374,1055,21,0,4,21741443,1796,39,0,0
21685587,344,24,0,0,21737335,1463,79,0,0
21755680,1230,35,0,0,21708088,369,25,0,0
21752686,2433,28,0,0,21730309,1755,41,0,0
21717324,416,38,0,0,21673011,1465,15,0,0
21708191,1928,25,0,1,21769179,1074,50,0,0
21702328,1128,66,0,2,21685016,1625,66,0,0
21711564,1161,31,0,1,21763263,1432,51,0,0
21732866,1238,29,0,1,21695145,1156,22,0,0
21747213,1103,23,0,1,21708213,1357,64,0,0
21664261,1675,42,0,1,21674462,831,52,0,0
21730250,1150,51,0,7,21742040,1269,21,0,0
21709929,1671,56,0,8,21691159,867,22,0,0
21759133,1729,88,0,5,21698096,673,59,0,0
21744809,643,52,0,15,21769212,1278,83,0,0
21765271,1104,79,0,1,21672611,1622,37,0,0
21732817,599,32,0,2,21760542,415,22,0,0
21687575,1317,71,0,1,21755242,2328,39,0,0
21689354,328,31,0,8,21682671,1975,41,0,0
21697699,794,44,0,5,21723006,539,37,0,0
21686283,1017,30,0,3,21690718,1727,17,0,0
21743938,1356,50,0,4,21673079,880,28,0,0
21670933,1247,73,0,1,21691956,1916,38,0,0
21763753,2076,34,0,2,21679008,903,39,0,0
21699347,1238,65,0,5,21718438,857,24,0,0
21703057,1220,24,0,6,21702954,1656,38,0,0
21670650,126,32,0,3,21769792,1792,60,0,0
21772005,619,43,0,1,21695198,1312,22,0,0
21676106,1274,26,0,1,21689925,1159,28,0,0
21747030,698,69,0,2,21711596,1151,42,0,0
21739617,1124,54,0,1,21694640,667,67,0,0
21688570,118,89,0,4,21687745,1559,43,0,0
21680549,1188,25,0,1,21748571,1235,38,0,0
21682088,1819,41,0,1,21711735,360,47,0,0
21683391,622,77,0,1,21744372,515,63,0,0
21669617,1726,54,0,2,21677619,980,43,0,0
21758646,2424,34,0,1,21716305,1149,42,0,1
21739640,475,64,0,5,21737853,1303,24,0,0
21738959,2185,42,0,3,21667923,1122,50,0,0
21731743,929,49,0,2,21725916,935,162,0,0
21697310,1300,42,0,3,21720257,1421,61,0,0
21749756,1166,96,0,0,21726341,881,25,0,0
21676024,728,72,0,0,21754628,1724,30,0,0
21664075,618,122,0,0,21688300,1031,50,0,0
21764495,883,47,0,5,21766766,1082,39,0,0
21762444,700,56,0,2,21768396,1483,28,0,0
21677164,1657,20,0,2,21704194,894,52,0,0
21674844,1664,27,0,0,21763863,1385,46,0,0
21718730,941,69,0,1,21725329,830,28,0,0
21753639,2560,66,0,0,21697644,2235,50,0,0
21753509,1827,44,0,0,21710408,1354,23,0,0
21760873,1840,48,0,2,21675590,439,49,0,0
21688630,954,53,0,1,21726690,1483,28,0,0
21700452,982,46,0,0,21675013,1158,49,0,0
21733968,917,48,0,3,21727044,687,87,0,0
21672897,624,100,0,2,21746812,2120,31,0,0
21758338,991,37,0,2,21713492,1602,22,0,0
21749522,736,55,0,0,21711790,1093,69,0,0
21671894,945,46,0,1,21734393,278,42,0,0
21695721,680,35,0,3,21669060,1383,22,0,0
21710771,702,48,0,0,21688140,610,33,0,0
21695937,1044,40,0,1,21722608,1699,30,0,0
21759495,931,64,0,2,21730695,1610,40,0,0
21722589,1271,61,0,6,21745931,1354,32,0,0
21688426,2522,52,0,1,21695919,1017,41,0,0
21723174,1151,44,0,1,21705133,1183,59,0,0
21731318,879,32,0,5,21752951,1269,73,0,0
21687913,1972,33,0,1,21770115,1982,23,0,0
21733794,961,39,0,3,21734269,483,81,0,0
21723706,1791,33,0,1,21686047,1088,76,0,0
21682072,1109,66,0,6,21744837,2160,22,0,0
21760488,1125,46,0,6,21766713,1082,67,0,0
21668365,1216,42,0,0,21709880,1195,44,0,0
21691831,1273,28,0,1,21760660,1181,44,0,0
21744971,1335,122,0,0,21731666,807,50,0,0
21711145,1682,14,0,1,21681079,815,33,0,0
21762000,1310,55,0,0,21751262,1889,30,0,0
21747728,1413,110,0,1,21728149,899,46,0,0
21714781,1052,14,0,0,21721714,362,34,0,0
21740198,2064,86,0,2,21736683,858,38,0,0
21712480,1468,22,0,12,21713972,1031,39,0,0
21736673,1362,9,0,1,21713272,657,74,0,0
21710522,1581,37,0,1,21745055,493,20,0,0
21740177,151,46,0,0,21724498,775,56,0,0
21728705,756,37,0,1,21730151,637,72,0,0
21773383,496,106,0,1,21733276,1039,155,0,0
21737637,663,43,0,1,21743752,1128,26,0,0
21763712,586,51,0,5,21680934,2006,24,0,0
21734643,2077,40,0,0,21757797,842,50,0,0
21763737,2557,34,0,2,21667677,1532,49,0,0
21773495,1744,47,0,4,21755809,1904,31,0,0
21768461,1504,49,0,0,21685468,381,41,0,0
21685777,2110,29,0,4,21712700,150,39,0,0
21677300,629,92,0,0,21689392,1389,48,0,0
21727186,177,50,0,0,21686465,901,25,0,0
21713371,1990,24,0,8,21674929,1193,42,0,0
21674962,1017,110,0,3,21714950,1281,29,0,0
21773626,1138,58,0,1,21739760,690,48,0,0
21727818,788,38,0,0,21731385,2172,29,0,0
21769691,1973,54,0,12,21680424,633,68,0,0
21668854,660,101,0,2,21759392,980,16,0,0
21736802,1024,33,0,1,21750973,620,45,0,0
21683748,2152,59,0,0,21680227,1671,79,0,0
21708240,763,51,0,0,21752127,660,61,0,0
21732560,1090,39,0,2,21675654,2172,44,0,0
21680468,923,64,0,1,21744845,1646,43,0,0
21752838,1129,37,0,2,21669080,1015,77,0,0
21678636,2000,45,0,0,21714779,815,29,0,0
21701788,1669,37,0,11,21766001,769,39,0,0
21770526,731,38,0,7,21737102,1278,59,0,0
21733323,245,56,0,3,21686351,2513,31,0,0
21747548,1678,50,0,0,21772894,1392,24,0,0
21701228,1595,37,0,1,21674729,548,37,0,0
21711602,1891,22,0,1,21713652,956,82,0,0
21752948,1982,40,0,1,21764283,1203,64,0,0
21722910,1208,69,0,4,21751865,1174,36,0,0
21710228,1093,33,0,3,21747467,257,45,0,0
21713278,1367,93,0,0,21775749,712,65,0,0
21682622,1923,53,0,1,21701278,1978,59,0,0
21761830,1097,20,0,0,21728920,1793,28,0,0
21722018,1943,44,0,4,21745388,1354,31,0,0
21673806,1994,55,0,1,21749338,1099,37,0,0
21715850,1150,169,0,5,21735065,253,37,0,0
21744617,762,61,0,2,21690877,1172,38,0,0
21709922,843,73,0,0,21668502,1510,30,0,0
21705438,1557,33,0,1,21761745,811,71,0,0
21727127,575,54,0,1,21678921,1666,33,0,0
21753431,1838,33,0,9,21698145,1687,79,0,0
21705819,1067,56,0,2,21693252,615,20,0,0
21727581,907,19,0,1,21756935,1859,48,0,0
21767184,543,34,0,2,21754326,1864,39,0,0
21685456,1335,40,0,2,21677523,960,47,0,0
21758674,703,41,0,4,21692688,602,15,0,0
21775234,1313,55,0,1,21725648,1064,85,0,0
21680531,944,33,0,3,21693352,2158,49,0,0
21714127,962,50,0,3,21722624,1513,27,0,0
21720224,951,67,0,11,21774483,831,39,0,0
21737585,850,31,0,3,21724561,1823,30,0,0
21689215,1597,49,0,0,21759751,1915,44,0,0
21740860,718,56,0,0,21716292,1629,67,0,0
21740890,1985,55,0,1,21734352,1521,26,0,0
21775225,1029,39,0,6,21686591,646,31,0,0
21747829,779,67,0,5,21734145,422,32,0,0
21692926,762,52,0,4,21708409,1106,67,0,0
21732966,1590,57,0,1,21754936,654,36,0,0
21709357,1379,52,0,1,21769967,1125,42,0,0
21698570,1036,43,0,3,21734135,1152,45,0,0
21698208,1033,42,0,1,21693689,609,46,0,0
21684165,994,40,0,1,21771104,1286,32,0,0
21693753,1601,29,0,12,21735537,894,26,0,0
21725095,1397,74,0,3,21769601,776,74,0,0
21760637,1170,35,0,1,21760703,766,29,0,0
21680722,584,44,0,5,21687025,645,18,0,0
21743128,2158,23,0,1,21690000,915,79,0,0
21735348,1728,36,0,3,21766371,939,40,0,0
21741337,1827,27,0,2,21768452,1133,25,0,0
21713660,1208,74,0,1,21677357,2585,20,0,0
21685548,2147,41,0,1,21753442,1583,104,0,0
21680593,1315,49,0,2,21727914,1186,95,0,0
21682860,1566,26,0,2,21733738,791,48,0,0
21719528,994,72,0,1,21696016,1269,27,0,0
21768484,2012,27,0,7,21671381,1448,74,0,1
21756304,1328,48,0,3,21735253,1071,35,0,0
21747961,808,93,0,3,21696970,896,48,0,0
21719284,446,33,0,0,21683676,306,55,0,0
21763070,822,71,0,2,21739547,1184,46,0,0
21670257,1142,31,0,2,21726057,1522,47,0,0
21687933,1108,78,0,1,21736074,1188,89,0,0
21714612,558,290,0,1,21698571,1919,24,0,0
21764279,1898,40,0,0,21715062,1744,41,0,0
21674861,1078,22,0,1,21716818,2254,29,0,0
21758092,1140,40,0,0,21673037,1629,57,0,0
21743991,322,77,0,3,21729348,502,47,0,0
21773713,2580,47,0,1,21681414,667,57,0,0
21738055,1592,29,0,5,21738666,1145,77,0,0
21744420,770,62,0,2,21735288,1167,34,0,0
21693874,1105,121,0,7,21690778,2153,20,0,0
21762920,2093,64,0,0,21672320,1137,39,0,0
21758663,1793,58,0,0,21714313,1289,44,0,0
21689660,2109,46,0,2,21746838,1111,87,0,0
21740299,653,77,0,7,21691276,2556,37,0,0
21777154,2474,28,0,0,21770443,2125,58,0,0
21773544,267,28,0,1,21779050,2111,41,0,0
21713458,1431,44,0,3,21759085,622,40,0,0
21732637,2599,51,0,3,21714706,975,42,0,0
21768144,2286,79,0,2,21681589,1214,67,0,0
21745079,1504,40,0,1,21735779,638,23,0,0
21693702,1676,54,0,0,21771377,1704,51,0,0
21711574,824,136,0,0,21733722,1716,70,0,0
21735750,1877,54,0,0,21752570,1951,33,0,0
21737109,1188,83,0,0,21772276,2086,23,0,0
21769428,1646,118,0,6,21687063,1808,69,0,0
21721637,848,53,0,9,21740197,1403,52,0,0
21685154,1434,33,0,0,21675069,1410,23,0,0
21752531,1393,21,0,3,21737856,1428,55,0,0
21715547,1197,51,0,2,21733126,2253,34,0,0
21745646,657,45,0,7,21690611,2582,47,0,0
21762293,1035,56,0,1,21701926,1011,81,0,0
21695781,1237,41,0,5,21707090,1034,51,0,0
21724756,2121,55,0,6,21755792,2374,47,0,0
21729425,1662,84,0,0,21757601,1257,44,0,0
21687894,1034,36,0,4,21673336,2142,33,0,0
21697377,604,22,0,5,21724213,1957,45,0,0
21766784,1585,49,0,0,21772340,215,66,0,0
21774983,445,39,0,1,21775001,1825,48,0,0
21757332,896,45,0,5,21749318,749,49,0,0
21735929,1492,36,0,0,21680351,1337,35,0,0
21756609,1574,59,0,2,21754160,961,39,0,0
21778841,2534,37,0,5,21771764,1659,54,0,0
21774406,954,69,0,1,21680529,624,54,0,0
21762390,2344,23,0,11,21714504,866,42,0,0
21683790,1870,50,0,5,21731100,917,72,0,0
21753777,267,34,0,5,21775435,1199,22,0,0
21761706,1159,27,0,7,21730932,1555,33,0,0
21681973,1491,19,0,2,21766547,2269,29,0,0
21680187,1575,19,0,2,21754960,633,80,0,0
21771031,600,35,0,6,21742488,1148,62,0,0
21744106,1667,51,0,4,21763007,754,22,0,0
21712170,473,64,0,1,21756710,1736,32,0,0
21685505,498,49,0,6,21687573,2381,87,0,0
21732902,1659,75,0,3,21718624,819,29,0,0
21699884,736,78,0,3,21736908,888,22,0,0
21749132,1319,23,0,1,21760459,238,47,0,0
21694161,2165,29,0,2,21740774,1452,36,0,0
21691152,2342,20,0,1,21730349,1113,86,0,0
21769401,1624,31,0,4,21768873,2029,53,0,0
21729056,939,40,0,0,21690545,1196,61,0,0
21753354,1041,90,0,4,21686713,1660,25,0,0
21717685,1582,29,0,3,21762578,1476,58,0,0
21697994,1220,47,0,0,21675586,1082,41,0,0
21709500,624,34,0,2,21769863,436,116,0,0
21676615,1504,68,0,5,21779205,700,137,0,0
21753517,2091,28,0,0,21711634,2170,19,0,0
21717209,742,20,0,1,21735036,870,30,0,0
21698521,799,92,0,0,21744700,1854,44,0,0
21675615,2581,42,0,1,21734597,1883,63,0,0
21729647,1936,42,0,1,21731777,540,91,0,0
21693889,386,18,0,1,21747925,609,58,0,0
21772988,1860,36,0,3,21681687,1631,18,0,0
21725445,1274,40,0,2,21690301,1253,30,0,0
21737512,654,26,0,3,21762099,1892,32,0,0
21767628,498,54,0,4,21681355,1266,26,0,0
21722796,1464,18,0,1,21782107,795,50,0,0
21767852,1285,68,0,0,21737090,1626,61,0,0
21685663,1154,27,0,0,21682816,1419,46,0,0
21678156,1322,55,0,4,21759916,1250,32,0,0
21727132,1686,56,0,2,21756434,1908,67,0,0
21727507,1681,31,0,1,21680660,1093,30,0,0
21750098,1616,50,0,3,21706137,984,62,0,0
21698033,624,32,0,1,21721138,960,37,0,0
21724243,1161,40,0,9,21681383,1101,102,0,0
21731099,671,60,0,2,21759624,1301,76,0,0
21757565,410,45,0,1,21694377,1435,39,0,1
21733789,1165,21,0,0,21705829,1565,40,0,0
21707491,1243,43,0,7,21708195,1663,50,0,0
21722228,1526,91,0,4,21775748,1121,35,0,0
21682523,1667,23,0,1,21682462,1604,75,0,0
21734189,1739,68,0,2,21737462,318,65,0,0
21736721,785,48,0,0,21710432,997,19,0,0
21745502,1846,20,0,1,21694780,976,14,0,0
21776293,1211,35,0,2,21676184,629,35,0,0
21676051,1411,32,0,2,21743587,974,26,0,0
21701896,1499,23,0,0,21694888,660,136,0,0
21695204,222,82,0,7,21686585,951,55,0,0
21698567,2144,38,0,1,21679491,2508,33,0,0
21724807,718,47,0,5,21732996,1112,60,0,0
21701439,914,39,0,10,21720638,692,25,0,0
21676851,1033,35,0,0,21751496,386,25,0,0
21700057,1547,58,0,2,21731160,1137,59,0,0
21752035,1471,33,0,3,21678329,2559,36,0,0
21763622,1165,43,0,3,21741157,1990,35,0,0
21738114,341,59,0,2,21775024,653,38,0,0
21738968,2241,36,0,3,21679061,1082,41,0,0
21690694,1361,27,0,0,21712104,947,24,0,0
21774584,1792,19,0,2,21702902,1367,26,0,0
21699475,273,36,0,2,21742308,1894,33,0,0
21760014,2293,53,0,5,21764356,1325,34,0,0
21759203,1346,54,0,1,21758740,624,46,0,0
21782673,581,51,0,1,21683521,645,49,0,0
21745255,639,24,0,2,21727683,576,38,0,0
21747381,580,81,0,1,21689262,1422,41,0,0
21772254,2104,38,0,6,21776749,1070,63,0,0
21732071,1899,38,0,3,21773670,1795,34,0,0
21765124,1502,54,0,1,21685102,388,45,0,0
21735107,1582,43,0,1,21683343,1368,28,0,0
21719416,649,48,0,0,21751266,114,68,0,0
21762974,1295,90,0,1,21685322,972,125,0,0
21720240,844,39,0,0,21783133,1526,78,0,0
21704452,606,60,0,0,21715834,1771,34,0,0
21728699,1857,37,0,0,21711234,1439,39,0,0
21691536,1600,29,0,2,21779033,2306,36,0,0
21741071,1505,33,0,2,21780513,623,82,0,0
21685797,565,20,0,4,21732789,1087,47,0,0
21736680,1098,84,0,4,21765873,1632,44,0,0
21707404,1029,37,0,3,21714551,234,77,0,0
21740510,606,70,0,0,21689983,2092,30,0,0
21690850,1794,35,0,1,21691175,946,39,0,0
21736256,669,50,0,1,21715623,1343,31,0,0
21764307,565,16,0,15,21755682,1312,41,0,0
21752442,607,50,0,1,21708548,1645,60,0,0
21693369,863,163,0,3,21754147,493,25,0,0
21680034,1112,70,0,3,21744988,1169,27,0,0
21750001,913,42,0,0,21693884,1019,42,0,0
21775397,875,91,0,0,21687219,1877,51,0,0
21696481,640,46,0,8,21696030,921,40,0,0
21771648,490,51,0,0,21754990,1793,47,0,0
21699646,1174,38,0,0,21685317,624,37,0,0
21750460,768,49,0,1,21707134,1065,35,0,0
21748344,1677,41,0,1,21733724,1067,25,0,0
21762151,1597,26,0,5,21680802,1522,45,0,0
21765217,1354,24,0,5,21694162,853,54,0,0
21683115,1083,49,0,1,21687853,613,43,0,0
21719454,990,56,0,1,21693509,2159,42,0,0
21691210,1263,53,0,3,21749355,164,44,0,0
21777652,844,31,0,1,21709148,1599,48,0,0
21745380,940,34,0,2,21709324,1119,85,0,0
21708729,649,34,0,1,21678709,687,71,0,0
21738656,1165,53,0,1,21721480,1314,46,0,0
21767593,1113,43,0,0,21749209,928,82,0,0
21692226,1287,39,0,0,21773617,1976,99,0,0
21747354,673,87,0,1,21785811,520,45,0,0
21773206,675,34,0,1,21728919,1128,43,0,0
21690945,190,31,0,0,21772659,1907,55,0,0
21678558,1640,26,0,2,21758508,241,69,0,0
21780094,1423,25,0,0,21759438,1629,28,0,0
21716095,1518,26,0,0,21687957,1079,45,0,0
21733087,2332,70,0,1,21688871,2118,45,0,0
21728623,634,358,0,0,21688147,648,42,0,0
21739669,1391,53,0,0,21734553,1329,42,0,0
21682079,1161,48,0,2,21780042,1613,36,0,0
21705175,1061,111,0,6,21758016,861,60,0,0
21693237,673,33,0,7,21717475,1638,53,0,0
21721144,1303,53,0,1,21764809,1680,27,0,0
21734652,356,49,0,1,21728060,1522,29,0,0
21755309,363,38,0,1,21748809,2415,19,0,0
21766038,1689,62,0,1,21723666,1426,60,0,0
21724825,627,59,0,3,21725587,1051,31,0,0
21765485,1595,23,0,1,21688396,786,67,0,0
21696873,1529,66,0,4,21733747,1358,55,0,0
21773200,900,22,0,2,21741948,1681,27,0,0
21695555,1656,29,0,0,21762461,884,63,0,0
21736765,1147,21,0,2,21703046,1603,46,0,0
21680220,1979,54,0,6,21755700,643,66,0,0
21716120,1030,20,0,0,21739780,773,70,0,0
21758029,2091,36,0,0,21708491,1170,50,0,0
21741775,631,23,0,0,21715522,1263,30,0,0
21761829,1106,42,0,1,21745804,661,74,0,0
21757181,872,79,0,1,21756166,1353,36,0,0
21747113,923,27,0,5,21787078,1125,46,0,0
21743537,974,55,0,5,21746125,1483,91,0,0
21722196,1611,28,0,4,21762324,441,15,0,0
21746514,2016,16,0,2,21720198,1425,50,0,0
21765159,1537,55,0,11,21726884,719,54,0,0
21701672,981,56,0,0,21772566,1105,35,0,0
21786344,1681,54,0,7,21690767,1647,39,0,0
21722670,1326,40,0,6,21773549,217,32,0,0
21784148,1991,36,0,2,21691095,1339,49,0,0
21679938,1781,45,0,3,21776722,844,20,0,1
21774091,2033,67,0,1,21719283,886,36,0,0
21702030,1113,47,0,1,21724518,845,28,0,0
21693829,2121,60,0,1,21784279,956,55,0,0
21748561,1172,17,0,3,21724507,1118,41,0,0
21721684,251,47,0,0,21715689,710,53,0,0
21731711,1893,33,0,3,21697684,2185,37,0,0
21694451,988,38,0,3,21763879,544,33,0,0
21750536,231,80,0,1,21711340,2017,43,0,0
21698031,1795,39,0,2,21720045,1645,49,0,0
21786395,622,92,0,0,21749165,1119,88,0,0
21751063,680,41,0,3,21726683,972,71,0,0
21727951,1836,31,0,0,21783546,335,28,0,0
21681570,1273,34,0,1,21764515,2120,18,0,0
21755441,577,65,0,2,21717669,853,46,0,0
21768563,621,35,0,2,21769279,2245,62,0,0
21692513,1511,30,0,1,21695068,1762,21,0,0
21760219,1439,28,0,0,21692360,1212,62,0,0
21736897,691,36,0,1,21709843,924,26,0,0
21724559,707,63,0,1,21707130,953,32,0,0
21725886,729,48,0,0,21777579,2195,21,0,0
21769461,1045,52,0,0,21714500,1546,27,0,0
21771037,1457,32,0,1,21741065,1436,41,0,0
21686622,2111,90,0,2,21742789,1040,22,0,0
21758272,1092,27,0,1,21774527,332,58,0,0
21784496,842,119,0,3,21721679,327,22,0,0
21766415,898,67,0,1,21755130,1164,56,0,0
21778834,2182,20,0,0,21715830,900,20,0,0
21725768,541,39,0,4,21693687,651,61,0,0
21720795,1912,40,0,3,21724720,120,95,0,0
21750145,167,72,0,2,21696843,1549,16,0,0
21729843,751,17,0,1,21708314,587,59,0,0
21720855,1799,35,0,2,21788639,722,65,0,0
21764725,1592,67,0,5,21767276,1820,32,0,0
21722531,1192,24,0,2,21776879,1634,33,0,0
21695095,2362,25,0,0,21762630,1257,47,0,0
21762797,2066,52,0,1,21718362,814,124,0,0
21697954,1329,39,0,0,21709633,872,52,0,0
21699253,852,43,0,0,21691024,2462,24,0,0
21741228,1612,62,0,6,21745929,1540,36,0,0
21736154,1032,100,0,5,21732388,976,23,0,0
21781086,1709,52,0,2,21780442,1598,23,0,0
21787168,1069,42,0,1,21759568,807,31,0,0
21787601,1209,45,0,3,21708937,430,82,0,0
21733338,1265,49,0,5,21756279,522,62,0,0
21689173,339,33,0,2,21790020,925,42,0,0
21789292,1347,42,0,1,21694330,1633,71,0,0
21695344,1628,46,0,0,21781931,294,23,0,0
21688384,1408,47,0,0,21770371,576,69,0,0
21723552,1730,52,0,4,21746216,1559,30,0,0
21790413,1151,24,0,1,21764408,1680,58,0,0
21737920,1601,26,0,0,21732794,2276,40,0,0
21771339,1608,27,0,6,21699539,1496,70,0,0
21723061,1232,62,0,0,21762677,1173,41,0,0
21707266,2117,32,0,1,21755221,1012,53,0,0
21696427,2228,41,0,1,21687394,1170,62,0,0
21752578,666,64,0,2,21712942,1061,25,0,0
21744835,1135,46,0,0,21703623,1772,43,0,0
21759829,824,40,0,1,21718427,930,36,0,0
21741082,931,49,0,2,21698197,1481,46,0,0
21722357,2186,49,0,0,21708901,199,23,0,0
21687661,851,54,0,1,21687991,1564,23,0,0
21786783,1169,16,0,0,21694797,127,65,0,0
21780174,1638,44,0,1,21789817,1401,80,0,0
21752523,1323,47,0,3,21694008,683,50,0,0
21741289,1820,33,0,0,21740847,1232,50,0,0
21765168,1632,44,0,2,21778853,1610,64,0,0
21759939,1638,31,0,1,21731090,1811,33,0,0
21714566,2183,30,0,1,21694351,1785,48,0,0
21757060,1122,32,0,4,21715816,1492,50,0,0
21733608,828,47,0,1,21754085,1721,21,0,0
21697690,1564,23,0,3,21754737,452,50,0,0
21688394,815,49,0,1,21774499,2565,28,0,0
21719502,686,50,0,0,21697342,1996,34,0,0
21762077,888,59,0,3,21782440,1897,30,0,0
21710226,1006,18,0,1,21706434,876,24,0,0
21776595,1472,23,0,4,21702933,646,69,0,0
21786507,1939,29,0,3,21723872,165,46,0,0
21790458,608,85,0,3,21790684,1103,56,0,0
21715950,529,61,0,0,21764183,1016,32,0,0
21707549,1387,67,0,1,21728047,776,37,0,0
21735510,908,32,0,1,21725989,1945,69,0,0
21742888,1040,43,0,0,21770321,498,35,0,0
21698811,1277,28,0,2,21720987,410,72,0,0
21727542,1043,72,0,2,21741904,1937,34,0,0
21782230,109,58,0,1,21688504,1699,58,0,0
21684768,2151,52,0,0,21717314,439,50,0,0
21721145,1291,51,0,0,21768692,857,14,0,0
21775718,1156,56,0,5,21682839,1536,74,0,0
21734843,1661,30,0,1,21720832,1617,31,0,0
21720220,561,45,0,2,21784137,836,88,0,0
21739710,1443,58,0,0,21687123,812,57,0,0
21715779,1423,28,0,2,21696176,1406,38,0,0
21684862,2189,63,0,7,21768981,1058,24,0,0
21751668,1848,34,0,1,21685272,941,19,0,0
21714124,1553,51,0,2,21697760,1057,37,0,0
21790580,2528,20,0,2,21726924,1510,52,0,0
21683984,1604,58,0,2,21779805,713,38,0,0
21686828,957,43,0,1,21746204,2298,64,0,0
21766969,754,69,0,1,21724673,986,17,0,0
21785680,524,32,0,5,21734000,765,65,0,0
21745070,1924,79,0,2,21725374,994,33,0,0
21748784,1292,49,0,0,21768993,515,46,0,0
21686721,613,66,0,3,21711929,1078,39,0,0
21688646,1059,72,0,0,21731291,1631,34,0,0
21777588,882,107,0,7,21778797,382,54,0,0
21692955,1681,19,0,0,21765624,1453,33,0,0
21780943,841,24,0,3,21734256,1665,38,0,0
21713404,334,35,0,0,21691311,1203,48,0,0
21702527,1653,65,0,5,21709653,258,32,0,0
21717244,1081,39,0,0,21695641,554,19,0,0
21700367,1363,27,0,1,21770287,823,25,0,0
21736898,1871,18,0,5,21748037,521,72,0,0
21689561,748,73,0,2,21720248,2060,36,0,0
21688776,1720,64,0,8,21779828,1699,29,0,0
21685655,634,101,0,4,21787207,730,40,0,1
21732185,1342,36,0,0,21734318,1595,53,0,0
21745232,1407,43,0,0,21684550,567,72,0,0
21751245,1224,37,0,2,21738112,964,59,0,0
21706377,1495,102,0,9,21745074,1745,41,0,0
21775866,2202,28,0,1,21787397,267,76,0,0
21714459,882,46,0,3,21728775,749,34,0,0
21713651,560,48,0,3,21777653,1549,56,0,0
21787698,1989,20,0,8,21775822,682,29,0,0
21688579,1166,73,0,0,21693037,1423,23,0,0
21782197,686,33,0,3,21703931,1175,77,0,0
21755235,924,23,0,2,21692380,1975,47,0,0
21741322,271,40,0,2,21760936,1217,178,0,0
21768646,2174,58,0,4,21708187,893,74,0,0
21731558,2182,55,0,1,21779554,1876,49,0,0
21710548,1121,15,0,2,21757975,1338,26,0,0
21725330,1355,27,0,1,21745612,2211,72,0,0
21685857,1806,25,0,7,21775142,912,29,0,0
21751971,792,43,0,1,21777032,897,43,0,0
21755704,2016,96,0,1,21686919,1857,65,0,0
21714821,114,85,0,2,21777587,1562,45,0,0
21697099,1118,64,0,1,21753034,718,51,0,0
21687752,615,60,0,1,21732552,632,38,0,0
21748207,1134,67,0,6,21726346,339,26,0,0
21772222,1855,25,0,0,21693374,1104,56,0,0
21688150,1028,18,0,2,21694171,800,24,0,0
21785642,1160,68,0,1,21729907,2121,23,0,0
21717702,314,80,0,3,21790802,845,45,0,0
21693725,1321,33,0,1,21693301,2146,38,0,0
21773515,606,60,0,2,21747135,1297,79,0,0
21698535,632,26,0,0,21716936,819,87,0,0
21687311,1454,38,0,3,21755050,252,79,0,0
21788109,643,46,0,0,21768826,851,37,0,0
21737661,943,39,0,3,21790991,459,53,0,0
21687454,980,70,0,3,21718116,2391,51,0,0
21738670,1632,33,0,1,21791396,696,43,0,0
21718389,1362,44,0,1,21786253,2537,32,0,0
21731349,131,24,0,0,21760567,1281,17,0,0
21731029,1003,32,0,3,21787015,1643,74,0,0
21781572,2241,26,0,3,21687594,1740,32,0,0
21781982,1115,47,0,2,21721687,925,24,0,0
21702993,1378,69,0,4,21774540,921,27,0,0
21764027,1239,28,0,3,21730070,1118,30,0,0
21764992,1076,33,0,1,21689528,606,48,0,0
21737021,1283,79,0,4,21742588,2110,20,0,0
21711974,1662,19,0,2,21691142,247,43,0,0
21724605,1061,66,0,3,21702221,1462,62,0,0
21726946,1812,27,0,4,21750558,943,25,0,0
21689832,1185,57,0,0,21714976,816,129,0,0
21768150,1526,22,0,1,21744921,1215,37,0,0
21687528,573,34,0,3,21794328,1291,34,0,0
21745433,1115,29,0,2,21696523,1661,55,0,0
21779391,1152,41,0,2,21721615,2396,60,0,0
21783984,946,35,0,3,21725679,612,73,0,0
21775421,2208,32,0,2,21751464,869,43,0,0
21745294,1248,22,0,4,21775501,973,56,0,0
21759839,1716,42,0,1,21713320,736,47,0,0
21719695,2122,22,0,8,21740225,1468,27,0,0
21730377,637,114,0,4,21696766,1126,28,0,0
21730754,1292,57,0,6,21725592,1596,97,0,0
21701605,1494,21,0,5,21748746,973,70,0,0
21702555,882,22,0,0,21688839,1875,49,0,0
21796199,1081,104,0,1,21714701,1399,34,0,0
21707699,1644,33,0,2,21737456,512,62,0,0
21758489,1956,32,0,1,21781117,1666,47,0,0
21742646,999,41,0,0,21789113,1022,26,0,0
21781843,922,51,0,2,21735477,1102,44,0,0
21787628,1624,65,0,1,21796970,1350,45,0,0
21792195,2192,36,0,2,21706724,1829,37,0,0
21750547,1503,43,0,1,21704660,2271,41,0,0
21712201,406,47,0,1,21705637,389,26,0,0
21755345,2136,39,0,1,21772343,1333,41,0,0
21732400,1292,41,0,1,21697171,1029,45,0,0
21715760,660,28,0,1,21693575,1329,50,0,0
21777366,1078,56,0,4,21709837,1005,59,0,0
21726148,1600,39,0,2,21771649,1025,47,0,0
21704871,678,28,0,1,21751430,1758,31,0,0
21719795,1867,20,0,2,21772432,803,93,0,0
21740326,2029,19,0,4,21709884,890,41,0,0
21779175,1052,17,0,2,21749750,1845,84,0,0
21704201,1189,73,0,1,21710431,331,63,0,0
21790582,637,61,0,1,21690364,1610,46,0,0
21774690,1373,46,0,0,21708835,1202,21,0,0
21750755,863,12,0,1,21696392,928,48,0,0
21745206,580,48,0,0,21770872,803,58,0,0
21738870,1134,25,0,2,21796924,512,41,0,0
21708377,1647,76,0,1,21743154,1215,25,0,0
21764380,642,55,0,0,21774945,1387,21,0,0
21737008,947,39,0,1,21749038,924,33,0,0
21770686,1926,33,0,2,21783717,520,61,0,0
21749919,1142,44,0,1,21747839,993,60,0,0
21785825,1968,26,0,2,21776004,975,35,0,0
21691233,833,35,0,0,21795527,1129,61,0,0
21714010,1307,49,0,2,21690440,389,22,0,0
21717017,1499,34,0,0,21690682,1496,117,0,0
21740375,741,53,0,4,21776018,846,35,0,0
21795737,833,24,0,2,21773967,2237,34,0,0
21689434,135,52,0,2,21726449,290,64,0,0
21709191,1075,20,0,0,21768028,1391,18,0,0
21796196,1635,28,0,7,21754137,1925,38,0,0
21698915,680,35,0,0,21718827,600,49,0,0
21729572,900,25,0,2,21695888,1882,59,0,0
21763156,1126,61,0,0,21688727,1557,36,0,0
21753677,505,27,0,3,21751160,1110,35,0,0
21705083,2306,64,0,2,21764399,170,63,0,0
21762411,559,27,0,0,21716771,872,17,0,0
21689175,977,36,0,1,21697581,2104,37,0,0
21708421,1571,28,0,0,21711738,1144,40,0,0
21703898,1225,27,0,1,21705880,749,42,0,0
21696854,204,93,0,4,21737860,888,39,0,0
21765045,1181,100,0,4,21754246,347,60,0,0
21691560,1957,32,0,0,21795521,1086,35,0,0
21726062,1172,51,0,0,21786695,360,92,0,0
21743046,2275,30,0,1,21716607,1636,50,0,0
21766167,837,56,0,4,21713857,1001,25,0,1
21756863,497,18,0,0,21776434,1237,97,0,0
21764964,516,19,0,3,21708963,1399,24,0,0
21733511,1861,44,0,6,21798360,1992,51,0,0
21752778,1106,72,0,2,21782477,1347,21,0,0
21692925,844,105,0,1,21714381,1768,52,0,0
21735043,833,30,0,0,21714410,1313,22,0,0
21778116,638,69,0,1,21781181,722,27,0,0
21697283,1863,24,0,0,21783157,535,89,0,0
21765735,1451,42,0,27,21755164,1075,39,0,0
21694895,490,115,0,0,21694298,732,53,0,0
21793763,2119,73,0,0,21768045,1773,47,0,0
21785564,2449,26,0,0,21760854,1849,62,0,0
21746923,437,58,0,0,21689932,1892,50,0,0
21719306,1190,69,0,0,21719477,973,49,0,0
21726472,1984,43,0,8,21781099,1394,40,0,0
21758245,705,57,0,0,21757562,1009,27,0,0
21749392,1284,27,0,2,21736109,641,52,0,0
21736571,2026,73,0,3,21713749,2483,54,0,0
21789409,533,24,0,4,21763286,696,26,0,0
21783016,1263,56,0,1,21704788,2050,72,0,0
21738754,1227,32,0,4,21735093,801,66,0,0
21691751,1128,67,0,4,21735503,314,41,0,0
21775738,1135,24,0,0,21798356,1988,28,0,0
21744335,1105,99,0,2,21768694,996,49,0,0
21694239,2368,26,0,3,21728177,1351,144,0,0
21697158,1397,114,0,0,21790540,1485,33,0,0
21775660,603,24,0,1,21711948,1780,53,0,0
21714994,1155,100,0,0,21725287,1536,22,0,0
21799087,1276,41,0,0,21788176,1926,50,0,0
21752529,517,57,0,12,21696150,1121,39,0,0
21743355,543,38,0,2,21730170,1690,44,0,0
21754189,538,82,0,3,21708372,596,40,0,0
21712714,413,84,0,2,21758877,1964,32,0,0
21753086,1376,17,0,1,21754504,416,65,0,0
21736232,1068,105,0,5,21707569,2095,64,0,0
21725457,1895,58,0,0,21798311,1190,85,0,0
21757559,664,43,0,1,21728958,1861,25,0,0
21721662,1646,28,0,3,21706598,787,55,0,0
21736795,946,13,0,3,21744345,1466,41,0,0
21740503,487,47,0,1,21785220,1946,60,0,0
21732970,1985,30,0,0,21784710,1381,44,0,0
21692037,1479,26,0,9,21737182,1761,29,0,0
21799887,1398,30,0,1,21776895,2115,24,0,0
21771580,1651,76,0,2,21744555,1498,29,0,0
21695514,1312,39,0,1,21764083,1097,92,0,0
21777427,1611,27,0,1,21731049,1198,76,0,0
21760367,1996,35,0,1,21798263,1069,59,0,0
21754862,1172,44,0,0,21755723,1291,41,0,0
21768888,1649,29,0,5,21732311,1184,28,0,0
21772715,640,22,0,0,21694016,887,35,0,0
21717144,583,65,0,1,21798216,1343,62,0,0
21725333,1336,111,0,2,21770517,679,22,0,0
21737722,1048,45,0,1,21757589,1104,29,0,0
21750401,2428,50,0,0,21718475,1007,46,0,0
21798705,608,25,0,3,21716304,2335,37,0,0
21790975,827,19,0,4,21748981,1503,43,0,0
21785851,1204,45,0,5,21734317,712,63,0,0
21739319,1445,41,0,0,21793343,1471,25,0,0
21797763,1697,33,0,1,21710433,2147,29,0,0
21795984,601,59,0,4,21740246,2059,33,0,0
21791377,1741,64,0,3,21732995,805,59,0,0
21790405,810,53,0,2,21773314,1153,39,0,0
21728593,738,63,0,4,21802265,1029,44,0,0
21753106,784,41,0,5,21796503,1947,29,0,0
21775726,1782,28,0,1,21802166,2360,67,0,0
21755230,1151,46,0,2,21728165,962,57,0,0
21790645,1461,44,0,5,21724953,1983,31,0,0
21800647,1643,50,0,3,21699622,728,66,0,0
21792704,622,45,0,3,21704167,1340,39,0,0
21753674,2055,79,0,1,21767294,619,23,0,0
21746039,764,70,0,5,21798403,2241,86,0,0
21773554,1358,50,0,0,21763627,1503,37,0,0
21770741,721,57,0,2,21754720,1256,42,0,0
21782390,1351,46,0,1,21764493,461,96,0,0
21740170,975,39,0,0,21734482,1048,60,0,0
21754764,1887,43,0,1,21731018,2100,58,0,0
21794407,2323,23,0,5,21717902,1294,28,0,0
21802014,620,27,0,0,21786064,1176,71,0,0
21743430,669,29,0,1,21708094,686,22,0,0
21790896,782,73,0,0,21786518,1165,51,0,0
21737134,1001,25,0,0,21699165,920,60,0,0
21708036,1810,83,0,0,21745957,666,37,0,0
21787023,2103,46,0,1,21786223,2162,53,0,0
21695985,1469,36,0,1,21747770,1299,34,0,0
21783609,1049,76,0,0,21719852,582,41,0,0
21764148,297,22,0,2,21769433,1554,23,0,0
21716209,1663,60,0,1,21733925,2317,39,0,0
21745167,754,66,0,2,21769739,1885,39,0,0
21738931,523,38,0,1,21767873,1320,12,0,0
21752407,1192,31,0,7,21700407,2096,31,0,0
21737824,1659,59,0,3,21712631,1758,43,0,0
21780746,1992,54,0,0,21696168,1334,26,0,0
21772762,1325,37,0,1,21709341,1267,58,0,0
21779760,798,57,0,3,21788583,1340,48,0,0
21696048,962,40,0,0,21798691,1746,73,0,0
21789493,1484,85,0,0,21770398,1043,99,0,0
21768910,1470,65,0,4,21699196,1210,22,0,0
21730951,1114,90,0,1,21710979,1942,71,0,0
21764167,991,52,0,0,21716618,1183,78,0,0
21739364,1860,42,0,0,21788438,1190,72,0,0
21712281,138,181,0,3,21727487,440,24,0,0
21758923,530,38,0,1,21800074,482,91,0,0
21712299,1113,21,0,2,21736776,1190,39,0,0
21732597,1111,36,0,2,21720949,271,168,0,0
21732351,381,42,0,4,21725485,747,29,0,0
21774770,2270,43,0,10,21799543,2097,45,0,0
21709548,1062,26,0,3,21787065,1208,46,0,0
21767602,1781,32,0,5,21749055,1349,93,0,0
21746386,1199,31,0,8,21754634,604,70,0,0
21765414,2353,19,0,1,21763491,761,106,0,0
21772365,2267,37,0,5,21705324,104,71,0,0
21727987,1187,43,0,1,21718437,1226,37,0,0
21758806,1732,59,0,16,21739873,682,79,0,0
21782890,124,167,0,1,21787113,1689,39,0,0
21715868,1597,40,0,9,21775167,1367,25,0,0
21724831,428,24,0,1,21732781,447,76,0,0
21784561,2343,72,0,1,21720038,1448,52,0,0
21746558,2288,22,0,4,21759159,705,49,0,0
21755858,1283,25,0,0,21701237,1524,20,0,0
21773810,979,61,0,1,21734656,635,47,0,0
21790121,1567,39,0,3,21791095,1346,30,0,0
21712117,1061,61,0,0,21782898,864,76,0,0
21794098,1163,28,0,2,21772286,622,29,0,0
21759019,2561,112,0,0,21749133,1642,36,0,0
21769305,629,49,0,7,21712878,730,47,0,0
21750007,586,28,0,3,21768982,819,53,0,0
21761239,1574,56,0,4,21716064,1024,22,0,0
21734825,1075,55,0,5,21700450,1168,43,0,0
21734428,913,44,0,2,21745121,2506,178,0,0
21713715,1257,84,0,1,21721056,1260,93,0,0
21800453,936,49,0,3,21765402,720,87,0,0
21699163,1208,59,0,0,21753401,1146,44,0,0
21713478,1322,44,0,3,21803508,1560,58,0,0
21799407,1163,50,0,0,21710506,1740,52,0,0
21803624,751,48,0,1,21787751,926,18,0,0
21726448,777,36,0,5,21797410,865,39,0,0
21766444,1878,17,0,4,21722415,681,32,0,0
21732961,336,54,0,1,21792010,1393,78,0,0
21728993,1446,24,0,10,21776785,714,75,0,0
21786781,1516,38,0,2,21754521,1293,27,0,0
21779989,720,36,0,0,21698362,1915,57,0,0
21804907,644,18,0,0,21729454,1406,30,0,0
21723063,599,28,0,1,21719279,500,62,0,0
21748937,1663,32,0,1,21789399,655,42,0,0
21782161,484,59,0,12,21804560,1469,31,0,0
21725891,1064,33,0,0,21773529,1372,15,0,0
21723929,1683,63,0,1,21701021,1602,43,0,0
21718634,1670,35,0,1,21702567,1396,51,0,0
21714378,902,28,0,1,21795264,666,38,0,0
21727792,1632,28,0,12,21711850,222,26,0,0
21783950,1682,57,0,3,21804126,482,28,0,0
21740595,1165,35,0,2,21803412,1250,19,0,0
21728861,683,63,0,1,21707559,418,44,0,0
21745435,824,66,0,2,21764691,157,44,0,0
21701362,1953,77,0,0,21792806,2556,100,0,0
21777212,1190,26,0,1,21698776,1298,25,0,0
21721883,1178,67,0,4,21779951,423,51,0,0
21775840,1181,60,0,1,21707833,980,44,0,0
21702242,904,40,0,0,21781361,1106,25,0,0
21750381,1132,37,0,0,21742566,820,27,0,0
21758771,1684,58,0,1,21776331,1011,28,0,0
21701853,1177,22,0,3,21734551,666,18,0,0
21803192,1112,41,0,3,21780309,2400,68,0,0
21777694,2460,86,0,1,21764521,2189,74,0,0
21726181,1490,22,0,0,21711451,1077,29,0,0
21736147,1509,33,0,2,21750032,698,53,0,0
21794942,2154,29,0,0,21780626,2184,46,0,0
21760805,1557,41,0,0,21750832,947,39,0,0
21711838,1041,40,0,1,21791896,1011,56,0,0
21723931,494,94,0,1,21704658,1094,43,0,0
21801409,322,213,0,0,21762105,2189,56,0,0
21787473,604,50,0,0,21782588,1646,45,0,0
21764448,742,74,0,0,21783847,399,28,0,0
21715860,1317,47,0,2,21760319,885,36,0,0
21784621,1196,47,0,3,21803203,1145,45,0,0
21737336,672,43,0,2,21698838,858,54,0,0
21716472,1207,66,0,11,21786650,1202,31,0,0
21760698,1213,86,0,3,21761555,637,27,0,0
21711650,1687,36,0,1,21755027,1112,48,0,0
21803324,1121,30,0,1,21782460,1492,24,0,0
21720799,702,14,0,1,21760235,1949,48,0,0
21755818,790,40,0,0,21786745,872,45,0,0
21798215,915,72,0,2,21782128,644,58,0,0
21714695,1190,84,0,0,21805735,318,41,0,0
21735577,228,157,0,2,21717986,1090,54,0,0
21768224,1763,42,0,2,21751439,1661,39,0,0
21777442,1448,35,0,0,21757476,786,16,0,0
21784757,1206,66,0,14,21720085,595,28,0,0
21807245,1116,58,0,1,21714206,396,164,0,0
21715579,1656,81,0,3,21789978,1168,44,0,0
21743676,1115,66,0,3,21769991,1573,34,0,0
21802005,300,66,0,2,21751510,1614,60,0,0
21747404,837,76,0,1,21771326,1309,47,0,0
21717627,1692,61,0,1,21733785,1884,30,0,0
21755775,894,37,0,11,21759605,978,46,0,0
21756571,424,60,0,0,21795727,1125,36,0,0
21772593,1106,33,0,0,21768842,1095,38,0,0
21787409,1163,38,0,1,21804724,494,20,0,0
21755501,1840,53,0,1,21779916,751,53,0,0
21725861,1675,49,0,5,21771595,940,51,0,0
21804595,916,40,0,5,21775619,2383,35,0,0
21782228,641,42,0,2,21781590,1099,48,0,0
21763464,2016,25,0,1,21746857,631,31,0,0
21752346,630,53,0,1,21730983,1616,38,0,0
21792495,1302,61,0,2,21734061,800,31,0,0
21709210,749,22,0,0,21750629,931,34,0,0
21770353,1148,22,0,4,21766214,1025,49,0,0
21709098,2134,27,0,12,21711403,1647,35,0,0
21761860,1720,56,0,1,21788070,2327,55,0,0
21807744,1377,26,0,0,21722788,1283,56,0,0
21771067,1877,22,0,4,21787322,353,25,0,0
21750167,745,80,0,0,21765308,1017,22,0,0
21763080,1153,39,0,0,21792480,789,40,0,0
21707035,500,84,0,1,21754050,2113,47,0,0
21730869,1212,29,0,6,21745699,869,59,0,0
21719693,1538,51,0,2,21702339,1040,27,0,0
21715924,793,36,0,4,21716553,650,59,0,0
21806152,790,47,0,2,21788294,1565,32,0,0
21735949,230,18,0,4,21779685,970,49,0,0
21795354,2078,51,0,1,21791955,1563,65,0,0
21699391,2462,58,0,4,21770781,485,46,0,0
21776035,1015,38,0,1,21724700,1697,93,0,0
21732121,806,25,0,2,21765788,1021,43,0,0
21732960,1834,45,0,3,21742065,675,39,0,0
21766643,2129,51,0,7,21723489,1466,28,0,0
21743446,1143,27,0,3,21737178,754,23,0,0
21714554,595,350,0,1,21711529,2106,132,0,0
21731261,988,25,0,0,21767526,1640,45,0,0
21727710,1632,44,0,8,21738659,1967,77,0,0
21759648,1624,41,0,0,21765201,1147,34,0,0
21730752,966,92,0,4,21746189,1416,19,0,0
21791229,1873,133,0,1,21793891,1848,31,0,0
21782200,1676,21,0,2,21770805,1757,20,0,0
21733331,281,29,0,1,21773216,1906,25,0,0
21734951,165,42,0,4,21734922,874,31,0,0
21731833,1187,46,0,5,21779186,437,38,0,0
21791038,866,29,0,5,21719942,1630,68,0,0
21743965,672,81,0,3,21730975,779,87,0,0
21721453,1030,35,0,4,21731063,1453,47,0,0
21785327,1170,82,0,1,21782168,1242,30,0,0
21752109,1311,22,0,10,21755614,847,62,0,0
21707749,1577,74,0,2,21736930,1183,31,0,0
21772257,1613,24,0,2,21717159,851,64,0,0
21748306,1151,108,0,7,21728837,1520,67,0,0
21758041,2110,34,0,0,21704158,917,59,0,0
21762278,941,54,0,0,21768554,1674,45,0,0
21796190,1087,51,0,4,21790291,1221,28,0,0
21712868,295,27,0,0,21778382,746,35,0,0
21787394,1656,30,0,3,21765572,1421,31,0,0
21765815,1450,43,0,1,21769298,1931,40,0,0
21807754,1133,25,0,2,21735365,248,42,0,0
21730707,497,38,0,2,21748240,1422,30,0,0
21714514,1554,45,0,0,21776701,1112,50,0,0
21776318,946,43,0,0,21808898,2124,44,0,0
21756135,1757,25,0,1,21797275,1018,39,0,0
21774405,754,24,0,5,21702346,1711,56,0,0
21714780,1891,35,0,0,21792389,794,48,0,0
21803100,1166,20,0,1,21728686,915,78,0,0
21764773,2132,67,0,4,21728407,2247,66,0,0
21754812,1122,49,0,5,21787190,845,31,0,0
21738303,1452,42,0,1,21719105,332,96,0,0
21714440,1821,30,0,3,21715251,1143,34,0,0
21732211,1200,47,0,2,21808571,1763,60,0,0
21744229,1745,38,0,1,21768806,1331,40,0,0
21785115,874,62,0,1,21754076,879,74,0,0
21736871,971,39,0,7,21736809,1692,35,0,0
21757784,726,50,0,0,21794231,1056,37,0,0
21794386,2030,73,0,1,21723158,1349,23,0,0
21772316,998,120,0,2,21809556,2211,39,0,0
21714270,1310,61,0,4,21745116,502,57,0,0
21729225,606,21,0,7,21704019,1080,52,0,0
21758124,2479,32,0,5,21807853,1324,38,0,0
21737234,1172,51,0,6,21726451,2434,58,0,0
21796250,2417,32,0,5,21712813,1396,71,0,0
21709010,2194,26,0,2,21738161,1493,22,0,0
21728945,2001,33,0,0,21727221,1168,42,0,0
21772297,1451,40,0,1,21770715,2185,34,0,0
21742046,1424,22,0,2,21752082,942,46,0,0
21729713,706,29,0,1,21743565,2498,29,0,0
21784268,2182,28,0,8,21714106,1508,21,0,0
21805745,1255,77,0,1,21773886,453,49,0,0
21738198,789,73,0,2,21781868,1609,63,0,0
21710901,1754,40,0,0,21765605,2190,44,0,0
21806102,1203,59,0,0,21755853,911,25,0,0
21736530,217,22,0,1,21803349,1976,44,0,0
21721674,1136,56,0,1,21809949,1118,42,0,0
21801684,1128,39,0,7,21784226,1183,31,0,0
21729211,706,71,0,14,21739466,663,78,0,0
21771160,2161,57,0,1,21748238,1193,45,0,0
21796229,854,54,0,2,21759976,2089,20,0,0
21790335,1849,30,0,2,21768236,1284,30,0,0
21791873,422,47,0,1,21744124,1544,43,0,0
21721686,2434,53,0,2,21799556,1651,28,0,0
21777151,782,44,0,1,21733883,638,26,0,0
21705430,677,19,0,3,21745547,452,49,0,0
21708638,1722,58,0,1,21727202,1391,19,0,0
21788658,1710,77,0,1,21733527,1236,37,0,0
21760912,707,51,0,2,21713114,1275,25,0,0
21749480,1095,41,0,2,21811281,267,226,0,0
21743313,503,86,0,1,21747719,1124,23,0,0
21782073,1411,47,0,2,21787881,1236,54,0,0
21710021,2139,40,0,1,21809519,1878,22,0,0
21740920,2676,20,0,4,21713288,1009,60,0,0
21722879,2528,32,0,1,21767883,1751,40,0,0
21723885,989,44,0,0,21716845,1327,38,0,0
21794222,1249,57,0,0,21803648,1040,22,0,0
21811992,2176,45,0,4,21714368,861,28,0,0
21795562,924,69,0,7,21784433,723,29,0,0
21772079,213,47,0,4,21801850,2335,30,0,0
21754503,626,29,0,4,21745001,2146,42,0,0
21745474,855,230,0,2,21809938,1163,17,0,0
21757617,685,43,0,1,21719667,2197,35,0,0
21767691,2248,69,0,0,21752591,627,45,0,0
21736678,1062,44,0,4,21780116,1364,76,0,0
21726816,1010,46,0,0,21803756,1306,50,0,0
21708350,1440,45,0,1,21765657,2510,31,0,0
21730769,1380,55,0,4,21767111,1353,82,0,0
21710839,925,34,0,2,21806545,1598,54,0,0
21790328,1463,46,0,1,21729047,993,30,0,0
21791404,1378,34,0,3,21786310,931,36,0,0
21756508,715,36,0,3,21746521,1744,31,0,0
21795125,1566,38,0,6,21791417,1443,19,0,0
21708816,366,69,0,6,21809094,1417,66,0,0
21788890,978,30,0,0,21764513,1334,47,0,0
21712589,1118,20,0,3,21763806,810,180,0,0
21794556,562,94,0,1,21799632,2134,24,0,0
21713009,693,40,0,5,21751040,481,55,0,0
21775588,925,45,0,3,21762706,696,38,0,0
21714637,1702,58,0,8,21741942,1121,98,0,0
21712488,1576,62,0,1,21811381,1478,51,0,0
21757487,1428,49,0,8,21799031,468,111,0,0
21789564,1614,88,0,1,21790982,391,59,0,0
21773997,812,57,0,2,21742617,2195,72,0,0
21775366,893,99,0,3,21766385,1095,18,0,0
21772588,1723,70,0,1,21789204,107,38,0,0
21737643,1356,146,0,1,21716828,1697,45,0,0
21775230,890,55,0,1,21764261,2546,64,0,0
21785751,724,61,0,2,21749302,1622,35,0,0
21784354,2001,33,0,0,21796646,250,15,0,0
21736472,1805,32,0,3,21785036,1037,81,0,0
21774837,2549,68,0,0,21709906,1683,87,0,0
21781741,1239,56,0,0,21786337,898,67,0,0
21769788,1548,37,0,2,21756659,729,38,0,0
21730096,652,79,0,3,21734226,706,31,0,0
21781493,894,35,0,0,21741409,2112,57,0,0
21802112,601,34,0,0,21800164,1352,23,0,0
21741476,836,44,0,1,21773512,1254,16,0,0
21738189,631,20,0,0,21714425,994,31,0,0
21794073,312,56,0,0,21769816,179,161,0,0
21742713,709,56,0,0,21723076,571,19,0,0
21715691,507,32,0,5,21770151,1637,58,0,0
21808423,928,104,0,5,21717615,1022,37,0,0
21786845,1331,58,0,2,21711621,1629,54,0,0
21743381,944,56,0,3,21769399,1515,45,0,0
21796095,411,60,0,3,21757336,2391,27,0,0
21778045,823,56,0,0,21724583,1396,54,0,0
21813320,295,23,0,5,21717591,300,148,0,0
21761154,1445,18,0,1,21783522,651,59,0,0
21802897,1370,37,0,1,21785106,2113,45,0,0
21813487,984,12,0,5,21735830,1918,37,0,0
21756951,1334,39,0,4,21753055,2162,56,0,0
21757404,1095,51,0,3,21723809,1687,51,0,0
21716709,803,30,0,0,21744270,1874,47,0,0
21774496,404,63,0,6,21783895,1655,26,0,0
21784471,449,48,0,4,21719878,1150,21,0,0
21741909,1984,32,0,1,21769466,736,41,0,1
21806668,769,37,0,3,21806178,159,155,0,0
21774402,500,33,0,6,21788156,1031,35,0,0
21738852,1364,55,0,5,21778205,1519,50,0,0
21805677,1682,33,0,1,21808610,1146,30,0,0
21813543,854,77,0,1,21740928,890,102,0,0
21764266,1194,51,0,2,21730688,1556,96,0,0
21797689,684,72,0,3,21794607,2146,41,0,0
21722798,1463,34,0,1,21791462,425,30,0,0
21744948,1741,62,0,0,21730816,1162,59,0,0
21786220,2313,43,0,8,21773379,1516,36,0,0
21767057,851,56,0,1,21806215,1065,99,0,0
21733315,1369,53,0,1,21759241,961,45,0,0
21782748,1385,83,0,1,21774490,232,34,0,0
21791285,1946,28,0,1,21797699,720,106,0,0
21796262,1832,41,0,5,21766136,1271,45,0,0
21752168,528,75,0,1,21736501,1313,24,0,0
21814631,420,91,0,1,21720580,845,86,0,0
21803293,777,77,0,2,21787313,1002,61,0,0
21801159,1530,25,0,2,21772878,1611,58,0,0
21735834,1058,37,0,0,21726056,813,97,0,0
21746592,1888,41,0,3,21719662,751,53,0,0
21745733,1459,32,0,3,21798534,1214,44,0,0
21794370,1085,44,0,0,21802251,1187,73,0,0
21816121,736,38,0,1,21720054,1273,54,0,0
21795791,1796,32,0,1,21716986,982,22,0,0
21737072,712,18,0,7,21813305,1035,43,0,0
21796832,1213,59,0,2,21745422,1330,45,0,0
21711099,1474,58,0,5,21796889,1066,83,0,0
21739546,1491,22,0,1,21765286,1384,37,0,0
21812229,1079,38,0,1,21711020,1804,35,0,0
21810735,250,54,0,1,21751650,1275,66,0,0
21727966,1891,31,0,2,21717957,1960,34,0,0
21768351,1122,60,0,4,21784616,1269,34,0,0
21794682,709,40,0,1,21739323,2111,36,0,0
21786336,153,49,0,0,21752217,1481,21,0,0
21777280,1207,28,0,0,21736029,974,40,0,0
21719789,1158,43,0,3,21712424,1057,28,0,0
21719813,908,136,0,1,21767716,1479,28,0,0
21794730,2004,29,0,4,21732820,1166,55,0,0
21718351,1293,28,0,0,21769412,1429,39,0,0
21784869,644,40,0,7,21715720,1113,17,0,0
21728514,386,41,0,2,21714760,1480,49,0,0
21718157,825,27,0,1,21739702,1414,28,0,0
21780368,2259,42,0,1,21750639,1202,80,0,0
21808653,2507,50,0,2,21797889,1110,59,0,0
21772206,1651,27,0,0,21734156,667,51,0,0
21729195,2026,59,0,2,21757185,1636,53,0,0
21779497,890,56,0,6,21816492,1449,62,0,0
21734792,178,53,0,1,21789674,318,41,0,0
21768614,1569,46,0,4,21809349,2156,32,0,0
21811684,1174,36,0,1,21724802,1418,19,0,0
21806251,1789,26,0,2,21726373,2135,61,0,0
21720872,626,51,0,11,21772490,1189,21,0,0
21738407,907,66,0,1,21802578,1066,53,0,0
21734408,191,80,0,5,21763594,1503,32,0,0
21733765,1081,68,0,11,21739317,1682,44,0,0
21786216,733,55,0,1,21713456,806,22,0,0
21777300,1190,62,0,0,21731997,1548,71,0,0
21773135,1776,65,0,3,21776417,851,30,0,0
21728813,793,26,0,1,21717150,1983,64,0,0
21815060,1486,43,0,2,21808705,1446,14,0,0
21723905,844,61,0,3,21766281,2524,57,0,0
21771452,1169,87,0,0,21757285,1642,95,0,0
21783514,936,37,0,0,21787335,432,24,0,0
21742087,1825,42,0,0,21780104,2042,19,0,0
21767540,1348,63,0,13,21734384,774,94,0,0
21721831,1087,48,0,2,21798967,1599,38,0,0
21782669,607,35,0,0,21813802,1714,58,0,0
21764615,878,64,0,4,21797332,2172,49,0,0
21818118,1940,120,0,1,21777091,1552,26,0,0
21812610,2169,41,0,3,21813502,580,34,0,0
21717653,667,40,0,4,21765846,1214,80,0,0
21763708,2351,53,0,2,21753233,1389,63,0,0
21742266,829,50,0,9,21731935,2146,73,0,0
21730445,1061,39,0,0,21771084,2422,58,0,0
21760576,811,41,0,0,21773897,704,58,0,0
21734402,714,52,0,1,21802436,2084,20,0,0
21783819,1228,61,0,1,21803609,1009,40,0,0
21746329,1993,38,0,2,21778391,1548,22,0,0
21802608,738,43,0,0,21814019,1134,24,0,0
21755440,1359,55,0,1,21748265,1367,56,0,0
21773882,1325,50,0,3,21808593,1406,81,0,0
21802371,1684,47,0,6,21728968,1137,61,0,0
21772271,765,30,0,7,21734874,1833,51,0,0
21741389,1223,45,0,11,21755534,966,22,0,0
21748743,2365,63,0,0,21732092,823,62,0,0
21767980,784,21,0,0,21762574,1694,41,0,0
21733309,399,70,0,0,21715107,2591,42,0,0
21784828,822,48,0,1,21730363,1334,26,0,0
21719839,1731,17,0,0,21790344,2196,33,0,0
21757967,2355,30,0,3,21814370,1240,36,0,0
21762871,208,42,0,0,21808827,832,62,0,0
21735717,1644,60,0,3,21803050,1160,135,0,0
21779603,821,17,0,0,21819679,922,60,0,0
21737248,986,34,0,1,21779330,2552,24,0,0
21741158,802,77,0,0,21768672,898,32,0,0
21720577,1714,61,0,3,21737272,903,64,0,0
21765685,1575,36,0,1,21717316,760,24,0,0
21793178,712,39,0,1,21810713,759,117,0,0
21802220,1172,44,0,0,21771686,1355,20,0,0
21726553,1260,85,0,0,21719234,1610,26,0,0
21816071,815,14,0,5,21733202,1244,22,0,0
21796128,729,18,0,1,21794792,767,25,0,0
21777382,2433,32,0,7,21777398,523,63,0,0
21793410,629,69,0,5,21775780,855,45,0,0
21747215,1108,29,0,1,21790804,2179,18,0,0
21750611,1305,83,0,1,21751652,1868,18,0,0
21806426,571,64,0,5,21747812,832,58,0,0
21784775,249,54,0,13,21727136,1193,34,0,0
21751768,613,29,0,3,21749642,1033,48,0,0
21809673,2470,60,0,1,21798830,1652,29,0,0
21771613,1387,57,0,1,21807840,1616,35,0,0
21819345,2428,42,0,3,21805305,611,44,0,0
21793029,1625,48,0,2,21815371,1017,21,0,0
21756514,2019,25,0,4,21732874,1612,41,0,0
21766629,1170,21,0,2,21732233,1120,45,0,0
21740081,1233,28,0,1,21766493,793,33,0,0
21797212,897,38,0,2,21716516,1355,51,0,0
21798626,2036,45,0,3,21769140,224,12,0,0
21806710,984,60,0,1,21750079,1763,41,0,0
21816111,1291,19,0,1,21804963,2381,58,0,0
21805545,808,45,0,3,21759478,1564,49,0,0
21814622,633,58,0,3,21745679,739,32,0,0
21816313,1683,27,0,1,21744746,1005,57,0,0
21812315,1782,37,0,0,21771573,1963,42,0,0
21787855,553,72,0,2,21764160,535,40,0,0
21806413,504,44,0,0,21799097,760,27,0,0
21729095,606,42,0,0,21745384,617,33,0,0
21784124,766,48,0,2,21769808,1410,34,0,0
21785282,1120,17,0,1,21799276,1038,31,0,0
21749644,1939,42,0,1,21794566,2048,41,0,0
21800665,1630,30,0,6,21766181,203,23,0,0
21768760,724,46,0,0,21729223,1416,39,0,0
21817262,2090,36,0,3,21752463,1498,44,0,0
21816815,1854,61,0,1,21798964,1645,78,0,0
21805880,834,42,0,0,21761421,1818,234,0,0
21741875,738,91,0,0,21767829,417,31,0,0
21719876,1463,84,0,1,21814403,826,41,0,0
21820176,529,17,0,8,21814601,1999,18,0,0
21771085,1157,46,0,0,21765649,1065,63,0,0
21792899,1338,25,0,2,21721505,1074,33,0,0
21819839,1053,29,0,8,21729163,1185,25,0,0
21779906,698,24,0,3,21758313,2376,16,0,0
21811916,1268,12,0,0,21770108,1625,26,0,0
21746254,1135,27,0,0,21756016,1836,49,0,0
21765643,1637,59,0,2,21746091,724,32,0,0
21774236,389,81,0,4,21758830,918,70,0,0
21783833,832,32,0,1,21795835,1734,46,0,0
21791012,715,81,0,0,21731194,969,33,0,0
21780593,870,42,0,3,21749764,661,60,0,0
21762310,437,42,0,2,21786217,980,32,0,0
21762626,781,44,0,0,21770843,2115,30,0,0
21769319,1752,47,0,1,21735414,830,51,0,0
21762898,1012,34,0,0,21812449,469,58,0,0
21750684,1507,24,0,3,21780715,951,62,0,0
21821301,1655,45,0,1,21820435,1803,27,0,0
21727760,1614,39,0,1,21724939,387,70,0,0
21784098,1321,34,0,0,21796695,951,82,0,0
21743471,1319,83,0,1,21779605,816,41,0,0
21759776,1399,65,0,0,21760217,1117,51,0,0
21790501,1093,39,0,2,21793267,1610,33,0,0
21775671,620,86,0,1,21804770,1281,37,0,0
21757013,1279,64,0,1,21805432,648,43,0,0
21811900,1199,33,0,0,21725198,1302,66,0,0
21792336,1026,47,0,0,21755338,2050,29,0,0
21786692,485,29,0,0,21806892,1657,46,0,0
21802433,922,48,0,3,21761130,957,65,0,0
21788956,2041,61,0,0,21803356,1315,91,0,0
21765266,1931,92,0,1,21736598,1070,41,0,0
21722338,540,36,0,0,21803726,1019,25,0,0
21810956,1240,42,0,0,21724827,1282,35,0,0
21816345,1017,36,0,1,21744824,1994,51,0,0
21743551,1073,70,0,2,21748939,302,56,0,0
21785533,482,45,0,4,21755511,2177,35,0,0
21819206,296,88,0,2,21720195,1322,27,0,0
21728608,532,44,0,5,21783527,360,59,0,0
21791980,1370,34,0,1,21804610,1206,64,0,0
21727805,1629,25,0,0,21796314,348,40,0,0
21814878,1366,25,0,0,21812808,1562,46,0,0
21809905,1408,74,0,1,21795773,1113,49,0,0
21723101,762,45,0,0,21766052,674,31,0,0
21821534,264,75,0,0,21801870,2168,24,0,0
21803459,2128,67,0,3,21784611,493,68,0,0
21811812,1315,73,0,1,21789539,1253,98,0,0
21771639,717,32,0,2,21808893,1050,62,0,0
21733150,566,83,0,0,21740378,955,37,0,0
21777940,1353,48,0,1,21786770,398,27,0,0
21793372,675,59,0,1,21759757,1093,35,0,0
21753146,825,99,0,1,21760836,553,51,0,0
21785417,870,45,0,0,21821617,936,106,0,0
21765881,936,33,0,1,21813856,789,45,0,0
21791318,1288,27,0,0,21730755,2292,37,0,0
21780131,1165,58,0,4,21719564,925,41,0,0
21720243,979,87,0,5,21776221,562,42,0,0
21808388,1376,21,0,0,21754607,839,54,0,0
21773511,1102,22,0,9,21800002,1083,31,0,0
21753248,1289,45,0,3,21741410,1692,51,0,0
21770782,2537,42,0,5,21817289,512,56,0,0
21812945,1997,50,0,12,21730713,2021,33,0,0
21767017,1882,35,0,2,21741033,665,61,0,0
21811906,872,80,0,11,21763587,658,54,0,0
21788228,2090,78,0,0,21804805,587,50,0,0
21770269,901,61,0,10,21768300,2030,19,0,0
21781858,921,58,0,0,21796569,1500,27,0,0
21783352,940,54,0,0,21787319,188,39,0,0
21792158,1593,52,0,0,21743907,626,87,0,0
21773935,2173,27,0,2,21775576,641,67,0,0
21779099,550,57,0,6,21800569,720,46,0,0
21819040,230,18,0,3,21723285,2477,17,0,0
21729889,732,48,0,0,21735796,2031,60,0,0
21740274,1427,57,0,0,21766045,1311,36,0,0
21738677,727,31,0,0,21795850,1671,32,0,0
21824107,1254,54,0,2,21768083,500,38,0,0
21788725,974,26,0,3,21823130,520,51,0,0
21778835,1131,65,0,0,21776300,1583,44,0,0
21760849,545,38,0,2,21818954,969,20,0,0
21779874,642,45,0,5,21750390,2152,53,0,0
21746066,816,17,0,0,21743387,1978,39,0,0
21742971,1740,30,0,8,21733981,2156,38,0,0
21765383,1701,26,0,7,21797099,2049,56,0,0
21757441,1441,32,0,0,21748301,2114,42,0,0
21763160,1500,43,0,0,21722038,1596,66,0,0
21777276,1169,57,0,6,21750746,1860,28,0,0
21746003,2260,22,0,1,21771330,695,54,0,0
21816495,1885,43,0,0,21781550,2186,37,0,0
21780976,1602,31,0,2,21780775,1484,37,0,0
21787284,1662,27,0,0,21730645,760,44,0,0
21743330,2059,28,0,1,21742331,1329,80,0,0
21760247,2589,24,0,5,21727627,1140,44,0,0
21753787,1623,26,0,1,21722325,1640,35,0,0
21768129,885,34,0,2,21814233,1598,56,0,0
21761021,831,43,0,2,21772294,1685,17,0,0
21739735,202,58,0,3,21738644,1514,21,0,0
21750647,1753,38,0,1,21780758,1185,67,0,0
21784248,1640,29,0,2,21807237,985,24,0,0
21808208,1262,23,0,1,21814810,768,52,0,0
21791179,1453,62,0,1,21749994,2318,62,0,0
21796860,1187,50,0,7,21793272,2108,35,0,0
21769320,1538,26,0,1,21785910,1404,24,0,0
21785628,1043,39,0,0,21768199,603,41,0,0
21754648,1347,44,0,1,21797600,317,71,0,0
21768701,1464,53,0,1,21819354,1483,57,0,0
21762800,1167,60,0,0,21778300,1170,33,0,0
21792870,2069,108,0,1,21795581,674,48,0,0
21794966,517,59,0,2,21822523,1024,27,0,0
21811576,582,41,0,1,21766503,988,27,0,0
21780944,1766,46,0,3,21786360,501,77,0,0
21742826,2152,26,0,1,21817130,727,47,0,0
21751913,1688,61,0,1,21827200,1941,39,0,0
21720983,694,49,0,8,21730737,929,50,0,0
21763271,495,26,0,0,21748142,690,79,0,0
21765891,1644,41,0,1,21748292,1552,31,0,0
21798481,627,32,0,0,21774899,1336,36,0,0
21729670,1076,48,0,1,21774339,1722,36,0,0
21817181,477,39,0,2,21806925,184,42,0,0
21827533,740,64,0,1,21742024,1150,31,0,1
21810904,881,74,0,0,21786705,601,39,0,0
21825293,544,32,0,3,21723460,1207,27,0,0
21801755,2016,39,0,2,21783277,1522,60,0,0
21827536,1413,49,0,2,21819835,939,39,0,0
21805284,828,39,0,0,21770770,2217,31,0,0
21754926,1360,51,0,1,21792332,987,33,0,0
21789904,1155,56,0,1,21760430,716,44,0,0
21749562,613,70,0,3,21800141,948,24,0,0
21734326,1004,42,0,1,21804089,1600,37,0,0
21774618,2188,45,0,3,21812155,1692,51,0,0
21766368,1333,20,0,6,21811594,1469,32,0,0
21827254,2215,26,0,0,21796240,903,66,0,0
21796076,174,43,0,1,21811216,1245,31,0,0
21787137,1127,18,0,3,21756444,2352,48,0,0
21804348,1068,24,0,1,21740465,1942,27,0,0
21798917,2271,51,0,2,21764644,820,42,0,0
21738905,1095,42,0,2,21807576,470,32,0,0
21792198,919,55,0,1,21762619,1304,39,0,0
21770335,1738,24,0,1,21827673,928,18,0,0
21781611,834,37,0,0,21764346,236,48,0,0
21730456,870,84,0,2,21768977,1161,38,0,1
21818249,1479,111,0,2,21784572,2595,37,0,0
21825597,1019,41,0,1,21793954,668,77,0,0
21738265,1637,112,0,2,21793727,1799,49,0,0
21797475,1631,48,0,6,21734906,1044,43,0,0
21735278,1195,54,0,2,21724550,1363,56,0,0
21769413,1694,100,0,4,21808868,1232,72,0,0
21774345,1692,31,0,2,21821660,1926,68,0,0
21751498,259,71,0,3,21819785,1507,38,0,0
21744563,744,30,0,1,21736960,1390,68,0,1
21822738,1013,42,0,2,21762393,1374,46,0,0
21792062,1634,29,0,0,21815767,1530,46,0,0
21798125,1905,40,0,2,21778888,1676,75,0,0
21822735,2543,36,0,1,21825754,1875,57,0,0
21754924,1141,60,0,1,21776947,999,30,0,0
21767924,1914,74,0,3,21811799,989,22,0,0
21769630,1135,56,0,0,21772120,1619,52,0,0
21736230,1397,48,0,17,21758548,901,64,0,0
21774338,656,61,0,0,21817784,731,80,0,0
21770105,714,42,0,3,21763885,1665,27,0,0
21786568,1096,41,0,7,21777851,2083,29,0,0
21779592,899,43,0,0,21728048,1324,59,0,0
21729448,511,39,0,1,21794024,1850,33,0,0
21760568,1298,23,0,5,21817873,1025,57,0,0
21745118,1216,34,0,5,21814280,745,44,0,0
21791788,1362,72,0,2,21749275,707,45,0,0
21749805,1544,104,0,2,21780040,1458,79,0,0
21754874,1289,60,0,0,21785890,1692,34,0,0
21815705,1340,134,0,1,21809817,610,59,0,0
21830317,1599,45,0,0,21811997,2347,17,0,0
21757982,1316,34,0,1,21724537,993,29,0,0
21784851,1135,19,0,3,21830610,1921,50,0,0
21765325,945,31,0,1,21767875,2015,24,0,0
21768135,1349,24,0,0,21803618,1284,28,0,0
21742547,1831,65,0,2,21789647,1148,59,0,0
21736688,757,94,0,1,21761314,886,56,0,0
21799911,1895,41,0,1,21818106,1117,56,0,0
21750869,580,43,0,6,21744370,632,83,0,0
21766805,610,72,0,3,21799748,1675,50,0,0
21727477,1081,60,0,0,21759561,1425,58,0,0
21736989,283,19,0,1,21724131,866,105,0,0
21781668,1759,55,0,3,21740347,1585,31,0,0
21758476,993,40,0,0,21822268,1139,76,0,0
21794074,1687,81,0,4,21736850,1490,13,0,0
21772523,1096,23,0,1,21821083,1649,15,0,0
21746275,876,23,0,3,21735745,2025,38,0,0
21776099,1064,62,0,3,21793397,491,17,0,0
21795128,484,31,0,6,21764674,1019,30,0,0
21731109,2012,43,0,0,21754159,2110,34,0,0
21752156,633,35,0,2,21808249,902,30,0,0
21806884,224,38,0,5,21791761,663,21,0,0
21768658,1784,40,0,4,21797377,1902,32,0,0
21777201,1251,20,0,3,21743386,1412,44,0,0
21730435,1073,31,0,3,21779528,2579,16,0,0
21809512,1901,52,0,7,21821993,2097,62,0,0
21760599,1354,79,0,0,21827709,1497,34,0,0
21827691,555,71,0,2,21786953,1878,57,0,0
21779764,857,40,0,1,21755409,2321,30,0,0
21777343,668,40,0,0,21777307,1058,30,0,0
21781586,732,53,0,4,21787901,1041,35,0,0
21738017,1178,25,0,1,21747967,1008,69,0,0
21767364,617,28,0,7,21832167,1484,82,0,0
21810372,949,51,0,4,21739766,840,81,0,0
21805187,523,50,0,1,21800914,1494,29,0,0
21765474,929,156,0,1,21787500,153,52,0,0
21783446,1993,40,0,3,21732047,1131,44,0,0
21829205,1426,55,0,6,21765991,2228,41,0,0
21764551,618,63,0,3,21806361,717,23,0,0
21831440,2113,55,0,0,21795237,1818,58,0,0
21825448,1375,25,0,3,21735346,1574,22,0,0
21830816,1489,44,0,5,21779967,2349,33,0,0
21772448,1342,46,0,2,21785113,892,54,0,0
21794051,139,40,0,0,21775135,781,39,0,0
21774545,2148,98,0,0,21750027,1375,38,0,0
21769112,586,63,0,2,21745161,1944,38,0,0
21729019,1103,26,0,0,21824159,1195,67,0,0
21742672,913,79,0,0,21788328,1228,49,0,0
21747516,1918,40,0,0,21727738,1486,34,0,0
21764039,2349,21,0,2,21755364,1011,75,0,0
21787330,1548,41,0,1,21767381,821,38,0,0
21820115,1161,64,0,1,21790895,694,96,0,0
21830422,919,36,0,7,21780957,1548,29,0,0
21829755,1364,37,0,2,21796101,1156,60,0,0
21748816,1207,35,0,3,21796828,1102,57,0,0
21784753,978,16,0,0,21737187,894,41,0,0
21827841,1999,61,0,5,21804343,1659,91,0,0
21728132,1678,35,0,6,21744123,929,61,0,0
21729762,1328,24,0,2,21796840,1785,49,0,0
21770709,1956,59,0,1,21728327,1763,38,0,0
21801682,1433,18,0,1,21777383,958,63,0,0
21791841,1865,126,0,1,21729815,1735,19,0,0
21798948,1378,50,0,5,21823781,1046,43,0,0
21729547,204,26,0,4,21773068,914,50,0,0
21760462,2149,65,0,1,21742420,686,91,0,0
21818862,459,43,0,1,21745702,955,54,0,0
21826584,1197,42,0,2,21747462,827,37,0,0
21787963,1260,85,0,3,21794412,1136,76,0,0
21750469,517,55,0,0,21744290,1655,47,0,0
21775878,655,31,0,1,21736208,2202,24,0,0
21744447,1860,55,0,5,21770474,937,21,0,0
21810857,2176,26,0,6,21744981,647,48,0,0
21821959,1103,33,0,0,21769813,1040,54,0,0
21779811,746,30,0,0,21734674,825,64,0,0
21744502,1103,75,0,7,21786998,754,59,0,0
21762312,1342,34,0,4,21804628,2005,23,0,0
21729653,745,36,0,1,21832653,845,41,0,0
21783552,532,56,0,5,21816690,1500,112,0,0
21771134,1406,74,0,0,21781064,545,61,0,0
21809720,2159,55,0,0,21781244,773,60,0,0
21750038,808,37,0,1,21792960,1356,30,0,0
21809650,1228,54,0,9,21789698,1628,59,0,0
21818050,949,72,0,3,21792818,752,27,0,0
21756254,676,37,0,1,21783570,925,25,0,0
21758025,1074,31,0,3,21800414,1827,31,0,0
21771384,1896,41,0,3,21784868,1277,217,0,0
21821836,1276,39,0,2,21821936,2256,18,0,0
21735087,1530,38,0,0,21780257,968,36,0,0
21796995,819,51,0,4,21783671,663,90,0,0
21805281,2542,33,0,2,21824832,1619,31,0,0
21741222,840,101,0,2,21729575,1652,47,0,0
21814934,669,45,0,3,21788838,960,29,0,0
21743820,1641,42,0,1,21783842,2498,27,0,0
21825377,834,23,0,1,21761417,895,70,0,0
21819983,1703,88,0,4,21796001,1196,64,0,0
21833959,1828,33,0,4,21828790,1697,46,0,0
21737068,846,69,0,3,21813817,1948,36,0,0
21763696,2288,38,0,4,21767372,1918,83,0,0
21831375,1317,59,0,1,21771402,1254,59,0,0
21807300,1699,40,0,1,21749467,1592,48,0,0
21766112,958,44,0,0,21809396,578,47,0,0
21793232,1905,62,0,1,21755091,474,21,0,0
21778315,836,37,0,3,21745423,1071,56,0,0
21780118,630,33,0,0,21765295,545,38,0,0
21783554,904,40,0,0,21832600,1811,26,0,0
21769770,993,35,0,1,21780289,911,47,0,0
21740205,1325,42,0,1,21763443,1348,55,0,0
21832591,702,50,0,0,21737361,1348,70,0,0
21809737,789,45,0,1,21737577,951,50,0,0
21739851,1462,20,0,1,21820083,1707,31,0,0
21836703,332,391,0,0,21829570,493,38,0,0
21800603,1503,53,0,2,21830531,644,74,0,0
21798080,981,52,0,4,21737160,1073,13,0,0
21736159,1624,45,0,0,21823488,850,55,0,0
21825519,898,46,0,1,21797014,1231,25,0,0
21737676,1053,45,0,2,21836420,2408,23,0,0
21801246,2232,59,0,1,21810922,2127,36,0,0
21765844,820,73,0,0,21797273,2496,48,0,0
21738967,990,88,0,3,21820388,1110,45,0,0
21745812,869,25,0,4,21741638,1531,27,0,0
21808296,1074,50,0,1,21790109,1230,27,0,0
21812035,954,111,0,10,21805520,1508,54,0,0
21762512,1698,26,0,2,21738920,2217,27,0,0
21779904,1643,25,0,4,21811112,1226,39,0,0
21805961,1344,49,0,0,21832294,1472,23,0,0
21779306,662,114,0,2,21795856,1105,63,0,0
21760337,1272,93,0,4,21829435,872,31,0,0
21827960,185,27,0,0,21742069,2024,19,0,0
21808522,895,61,0,2,21782679,690,53,0,0
21781016,963,34,0,2,21767078,1767,20,0,0
21786400,1449,23,0,1,21773307,1486,29,0,0
21818492,1393,26,0,3,21804917,641,28,0,0
21809900,456,35,0,1,21786075,1858,47,0,0
21836698,989,80,0,0,21750212,1515,71,0,0
21770644,211,47,0,2,21822409,926,22,0,0
21819624,1735,46,0,0,21813653,2055,19,0,0
21807865,1655,55,0,0,21770183,1050,55,0,0
21832317,1719,28,0,6,21765374,1728,32,0,0
21763136,1228,91,0,0,21744920,983,58,0,0
21804360,2193,21,0,5,21832668,526,61,0,0
21813661,522,126,0,11,21821106,803,32,0,0
21731078,1247,40,0,7,21755402,1340,13,0,0
21762613,1113,50,0,1,21770964,957,38,0,0
21828389,1161,49,0,1,21832898,1404,80,0,0
21818997,1238,24,0,1,21810946,1038,26,0,0
21791000,1019,51,0,1,21792189,1499,76,0,0
21764535,2180,33,0,0,21819790,1171,41,0,0
21733077,1747,28,0,12,21758291,218,33,0,0
21809567,2233,38,0,2,21744932,917,40,0,0
21793118,870,37,0,3,21810747,1337,46,0,0
21835461,1242,45,0,2,21818724,1660,52,0,0
21774812,719,54,0,2,21835048,760,68,0,0
21835557,423,34,0,1,21763530,965,73,0,0
21819418,2072,67,0,1,21748555,426,43,0,0
21737075,376,50,0,4,21751379,1041,48,0,0
21767433,1522,19,0,1,21787550,544,61,0,0
21787389,206,41,0,0,21786825,1731,28,0,0
21738485,764,26,0,1,21790831,1586,36,0,0
21786576,1918,48,0,6,21743069,767,37,0,0
21763779,699,39,0,4,21732759,742,88,0,0
21753575,241,21,0,0,21767439,787,21,0,0
21750362,1652,45,0,0,21832492,812,39,0,0
21794199,1283,80,0,5,21788114,1552,48,0,0
21737944,1985,50,0,4,21798798,1620,149,0,0
21748032,1012,47,0,0,21786121,1038,27,0,0
21800029,842,47,0,1,21789568,596,46,0,0
21777557,1419,73,0,3,21813042,1235,72,0,0
21755203,1885,40,0,0,21780912,1057,27,0,0
21789782,911,23,0,1,21761067,1405,25,0,0
21811069,702,56,0,2,21812036,1544,90,0,0
21734113,873,47,0,1,21785850,471,24,0,0
21735494,1124,43,0,0,21838085,253,46,0,0
21783492,1920,67,0,2,21732266,1314,54,0,0
21743303,936,17,0,1,21832254,1015,33,0,0
21736240,1450,74,0,5,21771967,2325,40,0,0
21731725,2561,37,0,2,21801983,1405,23,0,0
21829231,1655,64,0,6,21831910,492,60,0,0
21785572,1411,22,0,9,21755210,827,70,0,0
21769310,1261,43,0,0,21839435,1716,71,0,0
21795249,649,80,0,4,21758475,1711,38,0,0
21830147,768,26,0,0,21829972,1417,46,0,0
21810506,782,110,0,6,21772778,2170,116,0,0
21773553,1329,49,0,2,21794627,1192,44,0,0
21762468,728,35,0,0,21774996,637,61,0,0
21744799,1411,15,0,2,21830679,686,13,0,0
21808201,1195,55,0,6,21783820,837,35,0,1
21755669,1306,96,0,2,21770970,908,27,0,0
21829459,1108,35,0,3,21816722,534,74,0,0
21773427,869,17,0,3,21742855,492,84,0,0
21801350,1290,71,0,0,21756465,835,84,0,0
21805873,1158,50,0,7,21744071,1036,46,0,0
21737728,1606,18,0,6,21794815,2285,51,0,0
21801091,1049,113,0,1,21817906,839,24,0,0
21830611,1113,30,0,1,21783220,942,63,0,0
21815498,1552,24,0,1,21829043,1652,62,0,1
21775672,1299,29,0,3,21815940,1327,40,0,0
21788233,2545,27,0,4,21835993,660,53,0,0
21769543,1732,75,0,2,21816560,879,81,0,0
21750440,2134,56,0,0,21747566,682,46,0,0
21739550,1116,84,0,1,21814660,901,27,0,0
21820641,1671,57,0,3,21827906,467,65,0,0
21733788,657,41,0,4,21764921,1672,44,0,0
21830007,2247,45,0,11,21799311,1734,44,0,0
21782829,2567,49,0,0,21757330,1947,39,0,0
21744562,859,55,0,9,21837924,1735,81,0,0
21809370,1759,38,0,0,21755505,2025,49,0,0
21830865,689,18,0,0,21761475,750,39,0,0
21766986,746,52,0,2,21814877,835,54,0,0
21751935,128,60,0,1,21784866,1219,40,0,0
21823930,2152,31,0,3,21826997,602,38,0,0
21782138,1003,29,0,2,21805678,1086,38,0,0
21778433,2418,35,0,3,21808683,1342,46,0,0
21791079,1011,28,0,0,21786342,1025,55,0,0
21800568,1129,38,0,1,21757770,907,39,0,0
21744144,603,52,0,0,21828645,1925,58,0,0
21766047,513,44,0,4,21822249,413,78,0,0
21830325,1623,17,0,1,21835241,958,30,0,0
21835459,221,115,0,4,21808315,722,58,0,0
21813621,1223,28,0,1,21826316,1205,35,0,0
21791999,1483,16,0,7,21757553,1657,35,0,0
21775978,1139,47,0,2,21816059,1195,55,0,0
21797159,989,44,0,2,21784912,941,23,0,0
21759396,718,21,0,7,21781983,1241,46,0,0
21791685,1401,54,0,1,21768660,506,58,0,0
21792995,1599,39,0,0,21816142,1198,19,0,0
21828060,227,58,0,1,21823956,953,27,0,0
21840421,1521,26,0,3,21780044,867,65,0,0
21824458,1074,39,0,2,21751530,769,37,0,0
21805052,829,36,0,0,21791214,1181,42,0,0
21771634,1964,43,0,0,21785689,1088,27,0,0
21776254,880,33,0,1,21835074,1215,18,0,0
21799805,1110,39,0,1,21823084,1533,70,0,0
21762372,1409,39,0,1,21744081,1341,28,0,0
21785597,422,35,0,3,21834585,770,18,0,0
21748904,1275,31,0,1,21813977,1590,38,0,0
21836426,890,59,0,3,21829595,2452,26,0,0
21785160,668,345,0,0,21775986,1030,33,0,0
21766358,181,135,0,6,21772204,1669,61,0,0
21786009,909,28,0,1,21735572,603,82,0,0
21819397,1057,45,0,7,21750535,1396,31,0,0
21803070,680,81,0,0,21762238,1040,35,0,0
21802842,359,78,0,1,21819849,1624,32,0,0
21739140,1296,32,0,2,21768532,1662,40,0,0
21766855,1208,59,0,9,21826012,1142,17,0,0
21804977,1625,71,0,1,21789636,484,23,0,0
21826688,159,65,0,8,21770622,976,86,0,0
21748182,1781,29,0,7,21807579,1155,76,0,0
21822034,1898,26,0,5,21749052,681,47,0,0
21788513,715,39,0,0,21754086,2053,71,0,0
21823444,1359,27,0,6,21767584,1752,34,0,0
21792264,1786,64,0,9,21763596,978,47,0,0
21751989,599,91,0,2,21802291,2010,27,0,0
21740490,449,33,0,0,21807070,396,57,0,0
21787438,227,50,0,4,21801834,1336,81,0,0
21829808,780,83,0,7,21814743,1894,18,0,0
21808897,2155,50,0,1,21739905,1889,34,0,0
21786176,558,52,0,1,21837432,890,19,0,0
21770757,2227,47,0,1,21749984,1518,44,0,0
21791666,971,29,0,1,21823928,616,42,0,0
21787676,1684,35,0,2,21742236,1327,27,0,0
21783539,1630,55,0,0,21838615,1552,20,0,0
21736649,913,41,0,2,21800232,814,49,0,0
21769881,1064,50,0,1,21826530,1903,54,0,0
21788247,1017,15,0,0,21841032,1027,115,0,0
21825625,2516,59,0,0,21831927,2224,94,0,0
21824667,1707,63,0,1,21844170,349,36,0,0
21807072,1050,51,0,1,21801083,1985,37,0,0
21809514,1177,41,0,2,21792534,1202,27,0,0
21843505,1601,58,0,4,21780837,1253,20,0,0
21767847,1238,36,0,2,21739157,444,12,0,0
21764337,1446,131,0,10,21737357,1632,30,0,0
21804783,1654,16,0,2,21842706,531,61,0,0
21802664,2209,63,0,6,21829798,374,44,0,0
21795458,701,49,0,1,21817830,1438,57,0,0
21790000,1073,22,0,3,21817682,1375,32,0,0
21786703,687,44,0,3,21768487,1191,57,0,0
21824373,1333,82,0,8,21741456,708,59,0,0
21829373,1644,50,0,1,21816569,808,67,0,0
21806262,1060,23,0,4,21802312,487,21,0,0
21811612,1559,50,0,15,21745463,1722,55,0,0
21776280,1028,77,0,13,21830993,1694,42,0,0
21827698,1083,34,0,3,21802216,572,25,0,0
21744839,1810,49,0,14,21767281,916,40,0,0
21788516,445,78,0,1,21783469,340,44,0,0
21816191,1559,32,0,0,21819051,1048,59,0,0
21810051,1555,102,0,1,21814377,1400,58,0,0
21803653,1688,48,0,1,21814835,621,24,0,0
21748148,477,42,0,6,21835901,1446,44,0,0
21800812,1221,52,0,5,21759182,766,26,0,0
21787449,842,29,0,0,21802340,990,230,0,0
21757282,688,24,0,3,21743475,1310,49,0,0
21802113,1843,39,0,2,21750996,1300,71,0,0
21796762,2091,19,0,0,21845198,2052,39,0,0
21740726,1009,41,0,0,21761320,1124,43,0,0
21825631,785,35,0,3,21802226,1410,119,0,0
21797635,775,42,0,2,21760736,707,45,0,0
21824341,945,35,0,5,21771597,904,38,0,0
21765155,439,68,0,6,21817358,1884,34,0,0
21832337,622,63,0,8,21788222,1815,22,0,0
21812632,1895,20,0,1,21794778,2292,28,0,0
21778236,1681,38,0,0,21819880,1403,67,0,0
21809533,2549,65,0,4,21785472,614,48,0,0
21837302,2105,44,0,4,21744497,1438,64,0,0
21772091,756,50,0,2,21758577,1013,45,0,0
21837799,2388,58,0,0,21768175,1353,37,0,0
21746685,1008,15,0,2,21803302,750,46,0,0
21762306,1986,31,0,5,21753838,867,33,0,0
21833431,1100,41,0,1,21801007,1552,50,0,0
21780301,2064,56,0,5,21822269,704,45,0,0
21768482,2059,84,0,6,21749675,1396,26,0,0
21747534,1336,42,0,1,21840173,688,47,0,0
21765946,913,50,0,2,21795173,774,33,0,0
21753306,1779,43,0,5,21824511,2114,30,0,0
21837928,1203,22,0,4,21784546,755,34,0,0
21760585,1468,55,0,1,21745172,1050,37,0,0
21768062,1108,13,0,0,21769379,1672,101,0,0
21845763,168,96,0,1,21793315,800,31,0,0
21836486,1145,81,0,1,21758817,283,33,0,0
21807356,1478,52,0,1,21844835,459,39,0,0
21768820,2120,62,0,7,21760103,853,44,0,0
21812589,1620,83,0,4,21801604,1751,38,0,0
21743753,258,89,0,2,21809215,1293,61,0,0
21824401,1323,41,0,5,21846673,1868,48,0,0
21781328,1427,74,0,2,21825983,1140,33,0,0
21779710,1578,35,0,4,21782517,721,41,0,0
21809012,1388,58,0,1,21766478,1420,55,0,0
21782053,647,62,0,0,21750199,1115,40,0,0
21811142,2255,70,0,2,21843859,625,97,0,0
21802394,1583,76,0,1,21783307,1258,36,0,0
21817060,1413,43,0,5,21811137,1176,24,0,0
21826270,1546,31,0,1,21744882,894,45,0,0
21803633,2008,17,0,0,21806513,848,37,0,0
21813068,891,76,0,5,21796486,658,20,0,0
21810367,995,160,0,0,21758550,661,55,0,0
21821838,1355,56,0,0,21815304,1478,23,0,0
21741857,1281,33,0,0,21784564,1662,34,0,0
21811109,1027,68,0,6,21786908,1118,32,0,0
21743410,759,46,0,2,21757224,326,111,0,0
21806529,1410,29,0,0,21830358,1003,51,0,0
21832719,1805,27,0,1,21776814,1706,25,0,0
21814077,155,57,0,4,21761430,1450,93,0,0
21844020,1155,58,0,1,21796818,1556,53,0,0
21803540,932,30,0,1,21819854,1028,29,0,0
21757274,486,45,0,4,21809658,2181,39,0,0
21812359,725,79,0,0,21752768,1879,22,0,0
21763921,751,42,0,4,21768975,1882,47,0,0
21844227,1808,25,0,3,21771910,2090,38,0,0
21816737,539,59,0,4,21750094,909,36,0,0
21789092,717,78,0,4,21839349,1977,53,0,0
21824957,1134,33,0,1,21805766,1159,19,0,0
21761547,996,95,0,5,21761937,2163,43,0,0
21748882,1529,69,0,5,21822479,1032,47,0,0
21789902,1543,55,0,0,21837707,1667,38,0,0
21818582,940,115,0,0,21744801,1780,33,0,0
21792661,543,100,0,0,21803780,1078,61,0,0
21758672,223,49,0,0,21789693,1645,20,0,0
21801945,1589,41,0,3,21757883,651,54,0,0
21789538,790,52,0,0,21795610,1127,74,0,0
21790133,624,53,0,0,21812906,1076,53,0,0
21833021,858,74,0,2,21804180,634,47,0,0
21751706,1111,33,0,1,21761730,996,47,0,0
21765562,697,51,0,2,21805358,845,63,0,0
21800219,405,47,0,2,21789483,658,33,0,0
21763796,1935,52,0,1,21779618,669,29,0,0
21827982,1457,22,0,3,21803040,2264,61,0,0
21810363,752,121,0,3,21811623,343,52,0,0
21827889,1753,40,0,2,21764345,862,21,0,0
21806370,1626,52,0,0,21845244,1094,16,0,0
21844053,922,34,0,4,21760647,1167,68,0,0
21828548,1159,47,0,4,21815790,2070,38,0,0
21782312,450,28,0,1,21816229,2470,48,0,0
21746375,796,36,0,2,21807360,819,77,0,0
21789596,1165,31,0,0,21822628,1979,34,0,0
21838156,1542,38,0,7,21804794,974,45,0,0
21794007,1660,93,0,1,21800158,1890,54,0,0
21795838,1276,28,0,0,21754506,1162,67,0,0
21781640,1789,89,0,2,21817966,210,40,0,0
21752009,587,62,0,1,21814251,1449,31,0,0
21764817,571,96,0,3,21798000,348,34,0,0
21769294,1686,60,0,1,21780872,2486,43,0,0
21818941,1111,49,0,0,21767418,1452,61,0,0
21823786,859,22,0,0,21802662,1384,32,0,0
21842895,1285,69,0,1,21765587,144,37,0,0
21849023,925,38,0,0,21828421,1931,28,0,0
21832629,2193,26,0,0,21837092,1477,72,0,0
21827942,658,47,0,11,21771775,830,41,0,0
21810690,897,51,0,3,21783474,1381,48,0,0
21799381,2283,45,0,0,21844217,1215,81,0,0
21770122,271,51,0,1,21810414,107,40,0,0
21819444,602,45,0,0,21745714,975,25,0,0
21803320,1298,37,0,1,21781207,2008,19,0,0
21753197,1529,19,0,1,21802354,377,26,0,1
21830822,1370,65,0,3,21764561,1760,39,0,0
21777721,333,41,0,0,21759401,1812,17,0,0
21757536,1057,70,0,2,21761618,184,54,0,0
21762256,528,100,0,1,21755258,832,56,0,0
21838290,840,47,0,1,21799140,1321,50,0,0
21800091,792,67,0,3,21813530,727,39,0,0
21841671,1058,37,0,2,21815784,943,102,0,0
21780612,780,31,0,4,21772529,912,18,0,0
21749141,875,39,0,2,21813627,1381,27,0,0
21836445,774,174,0,1,21758455,2134,59,0,0
21778743,261,30,0,0,21845057,1970,38,0,0
21805631,1792,24,0,0,21825582,1181,27,0,0
21747714,1471,25,0,2,21818378,1238,63,0,0
21813743,1026,71,0,1,21759306,2103,40,0,0
21750298,619,48,0,4,21745469,1177,24,0,0
21757656,538,49,0,2,21817883,1769,103,0,0
21807305,762,41,0,7,21805030,549,15,0,0
21848974,659,55,0,1,21832508,1025,32,0,0
21772834,1691,63,0,1,21817340,2175,24,0,0
21776403,1183,80,0,4,21779061,650,53,0,0
21778542,2268,44,0,2,21810498,1795,43,0,0
21823580,2260,23,0,1,21842512,950,33,0,0
21825591,477,84,0,7,21770534,510,41,0,0
21774004,935,45,0,0,21825092,1174,203,0,0
21779500,533,46,0,2,21849501,1441,113,0,0
21813912,835,35,0,2,21845588,1355,30,0,0
21805772,1331,37,0,0,21821089,1034,90,0,0
21766540,989,74,0,2,21785007,769,29,0,0
21810056,1237,24,0,0,21816978,1893,55,0,0
21802069,1172,46,0,3,21768387,2353,43,0,0
21809136,2108,63,0,1,21833043,1164,108,0,0
21754164,231,46,0,6,21771373,879,20,0,0
21842500,1674,32,0,1,21798736,244,28,0,0
21745889,531,57,0,4,21843903,871,22,0,0
21849090,841,50,0,5,21823380,1127,19,0,0
21803429,2019,104,0,0,21830809,306,83,0,0
21822030,1671,39,0,2,21745719,617,29,0,0
21817521,353,23,0,2,21849822,412,66,0,0
21847343,1012,35,0,0,21785211,661,89,0,0
21805276,1207,38,0,0,21771334,1426,64,0,0
21835223,1834,57,0,0,21776720,1513,57,0,0
21840806,1078,24,0,2,21837910,989,47,0,0
21788000,1623,36,0,1,21826039,875,22,0,0
21849715,270,84,0,1,21785385,107,74,0,0
21766048,1723,23,0,0,21746147,1617,62,0,0
21797700,1229,62,0,0,21806685,1620,43,0,0
21807421,648,37,0,2,21758669,608,87,0,0
21814415,1521,24,0,1,21808095,1297,54,0,0
21835055,1071,34,0,3,21773701,681,117,0,0
21762679,419,58,0,0,21815326,776,54,0,0
21832420,2254,59,0,4,21819726,1118,56,0,0
21769215,1533,38,0,3,21747096,1617,51,0,0
21803878,1819,53,0,1,21764430,588,42,0,0
21848172,2122,31,0,2,21810662,814,35,0,0
21757078,1517,18,0,1,21819419,994,17,0,0
21845759,378,71,0,2,21809656,1905,61,0,0
21764793,193,61,0,7,21818908,1000,45,0,0
21782951,1324,32,0,1,21814518,1259,28,0,0
21807293,113,226,0,1,21777777,674,45,0,0
21824711,1804,62,0,4,21769355,1025,57,0,0
21749710,1440,28,0,1,21801601,1863,18,0,0
21801132,715,82,0,1,21756316,2114,18,0,0
21813123,831,48,0,3,21754499,934,54,0,0
21800183,1138,72,0,1,21826482,1419,30,0,0
21760541,344,35,0,2,21751369,769,76,0,0
21833854,1635,31,0,5,21821021,651,43,0,0
21838055,1861,65,0,0,21834525,995,73,0,0
21749560,924,30,0,5,21830013,387,87,0,0
21795653,345,49,0,1,21774718,616,37,0,0
21804336,897,25,0,0,21763403,680,42,0,0
21761444,1393,62,0,1,21838174,2181,39,0,0
21760206,1654,121,0,2,21818174,1632,61,0,0
21801799,1181,41,0,2,21830761,1415,32,0,0
21828713,757,55,0,1,21746965,1609,73,0,0
21747183,1493,26,0,2,21851284,1826,65,0,1
21782787,1139,62,0,1,21753658,1255,53,0,0
21841657,2157,36,0,3,21811074,865,64,0,0
21836845,1131,50,0,3,21795731,2547,35,0,0
21776312,1801,22,0,5,21817835,807,90,0,0
21827722,1120,37,0,2,21832991,1624,54,0,0
21761705,1348,74,0,2,21844783,334,62,0,0
21833768,1320,46,0,0,21850070,1186,28,0,0
21768895,1603,20,0,1,21826919,2348,27,0,0
21830740,2564,27,0,1,21779915,1979,26,0,0
21769711,920,28,0,3,21764703,723,38,0,0
21790221,1369,85,0,5,21828085,1648,27,0,0
21852480,1261,56,0,1,21755863,877,22,0,0
21798497,1737,57,0,16,21822036,1160,19,0,0
21795415,1651,58,0,0,21797814,644,41,0,0
21780083,830,96,0,1,21800790,1155,27,0,0
21774134,1244,49,0,0,21780164,2278,46,0,0
21852893,764,53,0,1,21786978,1762,26,0,0
21786855,2481,44,0,1,21780527,2135,92,0,0
21796401,1738,62,0,0,21852133,619,39,0,0
21809674,1923,52,0,1,21757348,776,73,0,0
21821280,860,78,0,1,21827487,1113,47,0,0
21849935,1377,30,0,4,21790905,1190,15,0,0
21825900,711,18,0,1,21832390,1728,41,0,0
21798603,928,61,0,1,21849766,822,57,0,0
21852330,1591,58,0,0,21852925,1041,24,0,0
21783253,634,35,0,6,21801189,565,38,0,0
21795968,893,33,0,4,21786526,994,34,0,0
21763673,2265,35,0,4,21781391,559,37,0,0
21768386,2157,30,0,5,21839206,2065,78,0,0
21818759,2162,84,0,3,21752949,1034,56,0,0
21770827,1014,73,0,1,21777617,606,60,0,0
21770041,1193,66,0,4,21804173,918,43,0,0
21828872,770,17,0,0,21763480,766,19,0,0
21802430,1190,87,0,5,21782901,985,72,0,0
21821303,1335,57,0,2,21817940,408,69,0,0
21843981,1028,38,0,2,21753012,2075,40,0,0
21778525,400,29,0,0,21810018,435,79,0,0
21824940,1055,36,0,1,21832451,1953,41,0,0
21808355,1603,46,0,0,21792081,1388,29,0,0
21782693,1105,44,0,1,21795780,1674,34,0,0
21850453,1274,48,0,0,21850324,854,34,0,0
21848740,1431,37,0,0,21772936,1618,43,0,0
21810085,858,17,0,4,21767571,649,61,0,0
21852595,1116,44,0,2,21849554,1579,31,0,0
21768190,2195,110,0,1,21758574,1317,38,0,0
21842646,1306,28,0,0,21793850,871,36,0,0
21849767,1333,87,0,0,21825555,1754,28,0,0
21773319,1078,31,0,1,21833362,1668,47,0,0
21853845,917,150,0,4,21847620,855,84,0,0
21781037,935,21,0,3,21823052,1210,53,0,0
21825371,495,50,0,5,21815892,1179,38,0,0
21820914,1195,49,0,2,21764080,1124,44,0,0
21828949,1905,37,0,1,21849609,1403,44,0,0
21816221,348,42,0,2,21810859,771,65,0,0
21788396,818,40,0,4,21778732,819,44,0,0
21855338,2545,62,0,3,21822622,2342,50,0,0
21836552,1229,102,0,0,21794935,2160,32,0,0
21826621,677,20,0,2,21791531,1689,37,0,0
21837210,848,134,0,1,21774386,1790,71,0,0
21855481,1291,53,0,1,21773620,875,61,0,0
21760832,845,32,0,2,21773947,1109,56,0,0
21846315,1052,19,0,5,21845364,1402,33,0,0
21772197,1464,26,0,4,21797825,1041,29,0,0
21849298,1603,31,0,0,21756574,928,23,0,0
21753243,1673,34,0,3,21795440,1444,27,0,0
21816958,397,49,0,3,21790666,1122,16,0,0
21843902,998,71,0,9,21808760,998,72,0,0
21752542,2194,63,0,0,21783922,1105,61,0,0
21849134,2141,29,0,1,21817536,816,22,0,0
21822109,1028,22,0,2,21828578,1939,90,0,0
21792192,1716,64,0,1,21846653,1821,25,0,0
21758661,1325,29,0,1,21757123,1470,19,0,0
21797751,1281,51,0,2,21784628,1749,26,0,0
21809912,542,48,0,0,21787687,1630,39,0,0
21763079,229,62,0,7,21810829,981,50,0,0
21857413,1104,37,0,1,21797385,795,27,0,0
21850140,1438,42,0,0,21817614,711,54,0,0
21848880,1670,41,0,0,21853217,1494,32,0,0
21757855,1339,28,0,7,21774859,869,25,0,0
21851107,2120,25,0,2,21839508,1221,30,0,1
21771284,2060,41,0,3,21795078,1454,17,0,0
21821124,2197,66,0,1,21796220,602,23,0,0
21753323,255,62,0,1,21787913,1138,44,0,0
21835214,899,28,0,2,21760622,1642,25,0,0
21754793,1692,18,0,4,21811269,941,30,0,0
21772537,641,46,0,10,21796711,771,25,0,0
21808104,564,41,0,1,21760688,1022,56,0,0
21773689,1729,66,0,10,21819562,1145,43,0,0
21832759,780,36,0,1,21815421,1200,67,0,0
21765641,1151,58,0,0,21837857,1163,30,0,0
21830451,2314,73,0,0,21754306,965,65,0,0
21758145,388,38,0,1,21759434,859,53,0,0
21758595,1118,19,0,1,21767532,427,41,0,0
21786652,626,42,0,1,21798364,1324,49,0,0
21803220,1334,56,0,1,21830812,882,87,0,0
21765231,2131,39,0,6,21814803,1473,32,0,0
21757124,1744,49,0,0,21823614,265,29,0,0
21809693,222,73,0,0,21755891,940,40,0,0
21797747,802,69,0,0,21811869,834,62,0,0
21772682,911,83,0,1,21772403,1692,72,0,0
21762033,1179,21,0,4,21853100,1103,60,0,0
21819283,1152,40,0,1,21811001,1188,28,0,0
21789785,2399,48,0,3,21789557,158,58,0,0
21853111,2590,40,0,1,21816097,1877,38,0,0
21850078,1136,40,0,1,21781794,1011,42,0,0
21831276,741,48,0,4,21830916,916,41,0,0
21814423,1334,51,0,3,21770766,201,31,0,0
21783772,965,60,0,0,21791876,1599,23,0,0
21817123,1823,48,0,1,21787784,994,68,0,0
21781471,2127,40,0,1,21854921,1502,57,0,0
21803652,1610,35,0,2,21853467,1556,39,0,0
21771585,769,69,0,0,21851854,220,32,0,0
21822905,1458,25,0,2,21822519,573,31,0,0
21763929,2076,28,0,2,21779134,964,122,0,0
21808365,1147,56,0,0,21785377,359,59,0,0
21784322,611,51,0,3,21776315,1019,38,0,0
21812074,1123,29,0,3,21800873,1198,45,0,0
21841773,1680,43,0,3,21764892,1211,23,0,0
21783445,1216,28,0,0,21788823,1487,26,0,0
21764546,1449,140,0,3,21845492,899,48,0,0
21808164,468,101,0,6,21793867,2216,31,0,0
21762172,746,41,0,0,21795291,1489,44,0,0
21821825,115,52,0,2,21835920,327,66,0,0
21822460,1161,36,0,3,21820466,1243,74,0,0
21757061,1741,21,0,4,21759667,1820,84,0,0
21836318,1652,27,0,1,21836950,848,57,0,0
21786571,1782,51,0,2,21824537,1658,92,0,0
21785470,793,40,0,0,21855872,494,85,0,0
21805365,1592,40,0,1,21812515,1206,55,0,0
21796547,1102,72,0,0,21790572,1490,37,0,0
21824728,471,117,0,3,21846769,816,53,0,0
21786470,685,29,0,1,21791387,754,43,0,0
21839944,1521,23,0,1,21848990,1138,82,0,0
21788244,1001,30,0,2,21824878,992,48,0,0
21777643,1100,34,0,1,21789349,755,34,0,0
21812012,691,47,0,3,21851941,1154,42,0,0
21764681,908,53,0,0,21853385,669,50,0,0
21816180,2244,31,0,1,21845723,2109,32,0,0
21846834,1330,19,0,0,21856980,1716,33,0,0
21832491,2154,27,0,5,21759669,1039,42,0,0
21770212,917,45,0,3,21812633,612,53,0,0
21856061,1324,24,0,1,21765311,1310,33,0,0
21778882,1239,35,0,1,21758466,815,64,0,0
21796642,1415,40,0,5,21833392,1785,46,0,0
21848392,1293,63,0,1,21815955,1151,63,0,0
21807654,1469,59,0,1,21781885,2265,21,0,0
21816600,1745,31,0,3,21760410,1147,114,0,0
21815875,1454,30,0,1,21840809,1516,56,0,0
21833836,1642,45,0,1,21850377,1119,53,0,0
21767832,2203,50,0,3,21827815,877,95,0,0
21841351,1949,59,0,2,21802184,2235,82,0,0
21810524,1396,32,0,6,21841959,1141,32,0,0
21840438,1097,42,0,0,21816009,485,52,0,0
21826607,1237,69,0,0,21818424,1391,89,0,0
21796937,669,59,0,0,21770553,775,19,0,0
21791614,1349,46,0,2,21850604,2308,33,0,0
21775158,1061,84,0,0,21798416,1516,41,0,0
21799385,269,47,0,7,21775057,1165,69,0,0
21804583,1168,42,0,3,21836913,1370,127,0,0
21856646,974,41,0,1,21779742,1116,23,0,0
21849475,1115,40,0,0,21860352,1095,57,0,0
21845544,674,24,0,2,21839255,1515,74,0,0
21854190,1283,39,0,1,21836176,729,52,0,0
21837634,1237,52,0,3,21842255,2269,60,0,0
21835973,1114,23,0,4,21823006,1579,24,0,0
21776800,969,93,0,0,21802689,1200,36,0,0
21777850,942,38,0,3,21797147,722,54,0,0
21851506,657,48,0,1,21830652,1418,38,0,0
21757745,487,53,0,1,21785514,290,26,0,0
21780776,2111,109,0,0,21805984,1630,29,0,0
21802248,1184,48,0,2,21772100,258,39,0,0
21855454,314,72,0,3,21860355,842,112,0,0
21789547,638,26,0,0,21820720,1612,71,0,0
21807115,724,28,0,0,21785117,2477,25,0,0
21763713,2241,28,0,0,21772612,1032,124,0,0
21818698,1483,22,0,2,21803916,1239,32,0,0
21836211,988,110,0,0,21847276,976,105,0,0
21848236,1501,109,0,4,21827260,1142,90,0,0
21831877,1050,30,0,3,21811927,1124,71,0,0
21767218,1565,48,0,0,21784245,689,43,0,0
21761975,437,61,0,0,21773038,2017,35,0,0
21782660,1675,36,0,0,21820941,222,63,0,0
21843714,1161,33,0,3,21817319,1438,31,0,0
21761539,1120,70,0,1,21855125,829,52,0,0
21823027,951,43,0,0,21846087,1306,38,0,0
21762269,1649,80,0,3,21768108,1028,34,0,0
21841421,1139,42,0,1,21781652,2096,51,0,0
21767038,1188,24,0,0,21769458,647,44,0,0
21824087,913,35,0,2,21789014,1922,9,0,0
21822344,965,32,0,2,21773969,937,71,0,0
21786288,1754,53,0,4,21776294,857,58,0,0
21783168,915,43,0,3,21766311,703,82,0,0
21852512,524,57,0,3,21834246,915,44,0,0
21830735,852,54,0,3,21811103,1550,47,0,0
21805366,679,33,0,1,21819152,1598,85,0,0
21852880,926,73,0,4,21795667,2429,42,0,0
21776487,2547,26,0,7,21806677,1174,52,0,0
21788343,1638,39,0,1,21780248,642,103,0,0
21860617,1105,54,0,1,21810020,2111,39,0,0
21818889,1303,24,0,4,21781377,815,67,0,0
21775685,925,49,0,1,21794306,1919,74,0,0
21781507,1714,56,0,0,21808970,1587,33,0,0
21777908,1163,32,0,2,21837437,1311,59,0,0
21849637,1400,32,0,1,21817292,1491,38,0,0
21802181,1765,35,0,5,21846166,1716,47,0,0
21852981,358,75,0,1,21829872,1274,26,0,0
21779501,2396,30,0,0,21788777,1052,47,0,0
21853728,1350,53,0,1,21806803,724,30,0,0
21820743,2039,44,0,0,21842847,2037,50,0,0
21794904,499,60,0,0,21767782,1045,22,0,0
21852872,2172,62,0,1,21836988,628,37,0,0
21852408,430,40,0,5,21850800,1297,49,0,0
21784404,1105,42,0,3,21779999,2010,52,0,0
21792017,254,31,0,14,21790158,686,81,0,0
21776167,1802,74,0,3,21862318,1148,50,0,0
21822896,1343,16,0,7,21860095,725,34,0,0
21772585,1450,32,0,9,21773064,921,72,0,0
21780184,651,76,0,3,21786702,821,36,0,0
21834432,1083,52,0,2,21775338,951,69,0,0
21831109,1422,104,0,1,21762098,1851,22,0,0
21843636,1474,22,0,2,21813098,1361,30,0,0
21851950,1240,26,0,3,21839702,778,82,0,0
21832102,1639,55,0,1,21831601,959,58,0,0
21769192,1362,42,0,1,21767974,1176,45,0,0
21811261,1017,51,0,1,21847102,837,40,0,0
21862580,852,15,0,0,21779234,1944,20,0,0
21778671,1408,75,0,1,21857296,456,41,0,0
21784036,2009,50,0,5,21857732,590,42,0,0
21803137,1045,66,0,2,21848007,1634,24,0,0
21778212,2198,29,0,0,21792559,1264,37,0,0
21801849,1276,39,0,1,21762759,801,15,0,0
21780351,1334,54,0,17,21851195,1215,39,0,0
21780411,641,28,0,0,21862928,1650,40,0,0
21765264,1103,59,0,3,21840045,1263,50,0,0
21781056,671,29,0,1,21767245,1004,67,0,0
21807124,1802,31,0,0,21781351,462,74,0,0
21843702,918,44,0,5,21861329,1282,31,0,0
21809112,1150,31,0,4,21761962,1722,35,0,0
21761274,1624,41,0,1,21791388,617,86,0,0
21791619,1374,32,0,2,21855173,913,35,0,0
21813939,1253,55,0,1,21852578,379,91,0,0
21824088,994,67,0,0,21836973,943,18,0,0
21840182,1344,41,0,16,21813721,1122,208,0,0
21832197,382,16,0,0,21827934,621,54,0,0
21771643,1668,28,0,0,21861699,1381,30,0,0
21856832,1115,50,0,2,21854250,2196,50,0,0
21790550,1768,43,0,0,21765613,693,31,0,0
21839971,2417,58,0,3,21787122,1108,33,0,0
21778520,911,22,0,2,21839968,1938,37,0,0
21860667,239,56,0,0,21816051,1516,55,0,0
21786119,1152,39,0,3,21788236,1352,36,0,0
21776464,1184,75,0,2,21841648,1356,41,0,0
21842685,436,18,0,1,21762407,1883,18,0,0
21844907,236,82,0,1,21826595,2223,26,0,0
21849646,953,35,0,0,21772992,2500,21,0,0
21797327,1685,31,0,3,21827395,1135,48,0,0
21827095,2512,36,0,7,21783659,337,31,0,0
21806019,1195,27,0,2,21764046,1361,43,0,0
21828026,1912,19,0,0,21815690,255,88,0,0
21854653,373,29,0,11,21811375,851,30,0,0
21776006,786,43,0,1,21837687,1234,48,0,0
21838700,1781,53,0,2,21786610,1380,31,0,0
21805173,1600,61,0,2,21771957,1602,39,0,0
21810012,1276,23,0,3,21789070,1046,43,0,0
21826901,773,45,0,2,21805475,894,67,0,0
21846385,738,51,0,1,21811236,855,45,0,0
21839001,2515,52,0,2,21844380,1217,40,0,0
21780207,1310,36,0,0,21785964,1066,32,0,0
21766725,1506,18,0,4,21807071,1602,21,0,0
21779539,2299,79,0,8,21796901,1473,87,0,0
21806822,2117,36,0,2,21809482,1732,18,0,0
21844442,1688,29,0,2,21768440,1032,36,0,0
21832357,2414,49,0,1,21811646,2356,34,0,0
21833953,1093,42,0,0,21795412,719,22,0,0
21858273,1685,63,0,0,21845587,860,18,0,0
21864097,1639,52,0,4,21858945,697,19,0,0
21832213,148,30,0,0,21843209,1751,41,0,0
21775772,126,72,0,1,21766740,1811,37,0,0
21786959,1011,54,0,1,21790300,1211,25,0,0
21802754,1282,58,0,6,21858253,473,83,0,0
21842995,804,66,0,2,21852945,858,36,0,0
21819480,1851,43,0,1,21770875,336,61,0,0
21806129,1491,61,0,5,21814704,882,79,0,0
21783450,1179,65,0,4,21819976,1367,28,0,0
21773396,900,17,0,8,21764025,1316,36,0,0
21864554,1143,186,0,0,21798637,983,30,0,0
21771342,427,61,0,0,21862337,1519,43,0,0
21828393,1462,51,0,7,21792311,799,49,0,0
21773437,1262,61,0,2,21795404,1522,28,0,0
21797885,760,33,0,1,21821578,1910,29,0,0
21825264,1918,50,0,6,21830028,1268,48,0,0
21806776,1008,46,0,1,21768994,639,45,0,0
21817998,1143,36,0,10,21818408,2174,19,0,0
21784506,349,96,0,0,21816280,608,37,0,0
21859888,1534,60,0,4,21809756,522,41,0,0
21794337,679,56,0,11,21810036,1235,48,0,0
21779100,316,43,0,3,21857338,1673,23,0,0
21773378,2096,19,0,4,21770839,1366,48,0,0
21789766,1178,52,0,0,21840113,1104,54,0,0
21769442,1215,52,0,2,21842095,211,88,0,0
21784535,1369,77,0,3,21771269,507,47,0,0
21792406,803,56,0,1,21769590,1222,49,0,0
21827242,620,48,0,1,21800736,898,37,0,0
21775964,666,37,0,3,21861484,1992,32,0,0
21836248,1538,107,0,2,21823502,1341,39,0,0
21769229,1283,31,0,2,21789094,437,46,0,0
21776799,617,51,0,4,21828804,1073,45,0,0
21806733,884,62,0,3,21812173,978,89,0,0
21810566,1792,39,0,6,21796693,802,32,0,0
21776576,1023,68,0,4,21815309,1019,28,0,0
21808157,1979,24,0,1,21787320,1188,48,0,0
21862329,1542,87,0,9,21858291,1158,43,0,0
21774796,807,53,0,3,21842243,1169,35,0,0
21860526,2186,34,0,4,21856386,815,113,0,0
21808961,822,69,0,0,21794586,1159,70,0,0
21771311,1372,50,0,0,21812929,1804,34,0,0
21829162,2015,54,0,0,21811738,2537,46,0,0
21789348,557,49,0,6,21806675,920,57,0,0
21824130,1398,47,0,1,21821574,869,54,0,0
21828564,1158,18,0,1,21826804,1347,50,0,0
21848121,1442,34,0,20,21825444,1222,61,0,0
21820693,1237,23,0,6,21809284,1535,51,0,0
21822324,169,186,0,2,21840036,803,75,0,0
21785262,1697,47,0,1,21855919,1025,87,0,0
21838220,1014,57,0,1,21816047,163,53,0,0
21787378,1138,59,0,3,21825000,832,20,0,0
21790587,1320,51,0,1,21856636,1408,72,0,0
21784948,1202,25,0,1,21775134,1133,26,0,0
21830225,869,31,0,9,21845935,1455,46,0,0
21810487,889,46,0,4,21784083,1026,64,0,0
21780062,818,40,0,1,21789731,1873,23,0,0
21865300,230,22,0,2,21813936,1273,57,0,0
21771814,1677,29,0,2,21831242,1868,60,0,0
21786423,1870,38,0,0,21852088,1502,32,0,0
21839611,1142,60,0,6,21828964,1995,57,0,0
21824496,1839,66,0,2,21794702,1954,41,0,0
21803242,1359,42,0,7,21800435,1801,47,0,0
21819848,333,19,0,6,21773430,1911,42,0,0
21851521,1032,13,0,4,21806343,942,21,0,0
21854398,1076,33,0,0,21776540,1398,37,0,0
21779346,1133,36,0,0,21836834,2160,8,0,0
21818400,485,21,0,5,21829602,1154,75,0,0
21837235,574,52,0,1,21828021,717,37,0,0
21768825,1328,32,0,0,21843274,1608,29,0,0
21795700,1022,19,0,1,21767674,1124,52,0,0
21860100,741,38,0,4,21777139,1288,36,0,0
21798292,704,63,0,4,21801910,880,56,0,0
21794152,1072,47,0,3,21781685,806,55,0,0
21823691,855,34,0,2,21851634,724,39,0,0
21860482,1673,74,0,8,21800313,1921,39,0,0
21799411,1250,33,0,4,21798410,1668,25,0,0
21842079,1101,33,0,1,21809670,1084,63,0,0
21861016,134,73,0,2,21848125,1032,30,0,0
21836491,349,25,0,0,21818737,2020,70,0,0
21815302,1172,24,0,3,21802357,864,24,0,0
21802557,1105,42,0,2,21854393,232,57,0,0
21828919,1133,46,0,2,21861090,821,43,0,0
21791729,2043,77,0,0,21843954,1331,34,0,0
21774641,925,45,0,3,21831430,1229,59,0,0
21809638,2195,45,0,1,21801924,1031,76,0,0
21866235,1465,56,0,1,21824596,820,28,0,0
21842459,640,70,0,0,21843494,810,47,0,0
21829837,1169,81,0,4,21814616,765,50,0,0
21840608,1145,65,0,3,21775817,941,99,0,0
21788981,1642,18,0,1,21787016,678,52,0,0
21776079,692,76,0,13,21792347,947,106,0,0
21841957,1433,49,0,4,21792323,1234,27,0,0
21834013,938,44,0,0,21790794,2179,46,0,0
21818024,641,54,0,0,21842599,850,28,0,0
21868655,2008,55,0,7,21814982,1122,22,0,0
21854579,1647,57,0,4,21782065,1470,52,0,0
21845667,1840,39,0,1,21822944,1652,50,0,0
21815069,1670,41,0,0,21822504,1392,48,0,0
21772284,1879,54,0,4,21793461,1510,44,0,0
21841831,1891,28,0,2,21779769,2026,27,0,0
21803620,657,39,0,2,21812885,1206,57,0,0
21842595,1384,43,0,1,21772788,404,42,0,0
21794487,1646,37,0,2,21813677,1777,34,0,0
21822898,810,90,0,0,21831124,495,46,0,0
21862110,1698,37,0,1,21809281,788,57,0,0
21834008,1264,41,0,3,21791231,927,66,0,0
21809142,588,46,0,0,21795197,2494,26,0,0
21853550,1087,30,0,8,21776919,2136,18,0,0
21838831,955,55,0,5,21819861,1384,39,0,0
21852640,1270,85,0,3,21830534,2103,45,0,0
21856195,1878,13,0,0,21840287,2046,28,0,0
21866381,1220,28,0,1,21799596,833,61,0,0
21870518,1939,22,0,0,21809516,656,38,0,0
21834198,1666,72,0,2,21796007,766,73,0,0
21776511,948,61,0,3,21850920,855,39,0,0
21813151,980,59,0,3,21864832,2357,30,0,1
21828908,1697,80,0,1,21864688,947,57,0,0
21775859,1623,94,0,0,21809044,1591,45,0,0
21838581,1861,49,0,3,21829004,1144,33,0,0
21776104,888,51,0,3,21806654,917,43,0,0
21784484,892,72,0,3,21794911,224,56,0,0
21846858,1965,43,0,8,21862348,1061,24,0,0
21822945,1124,39,0,1,21810187,721,50,0,0
21806952,1975,55,0,1,21871098,2399,51,0,0
21860430,1610,30,0,1,21869489,1598,66,0,0
21786430,976,37,0,5,21845990,1377,20,0,0
21801670,1681,40,0,0,21796945,742,72,0,0
21858100,891,43,0,5,21791922,1038,50,0,0
21863574,1905,39,0,1,21857712,1470,45,0,0
21827992,682,47,0,4,21814782,1255,43,0,0
21796155,1200,19,0,1,21848408,1562,41,0,0
21864119,1463,51,0,4,21806766,2517,42,0,0
21832907,818,51,0,11,21862340,905,34,0,0
21796839,961,45,0,9,21783242,1540,24,0,0
21852160,1541,29,0,6,21845331,1002,21,0,0
21814628,665,58,0,0,21830866,1778,54,0,0
21813220,1603,28,0,0,21867439,1863,80,0,0
21851100,1575,40,0,0,21869013,996,34,0,0
21789691,1280,37,0,0,21807664,234,38,0,0
21770714,697,81,0,0,21870339,2071,34,0,0
21798267,1234,40,0,9,21777110,702,84,0,0
21854514,1758,57,0,3,21843182,1530,52,0,0
21849863,1658,66,0,2,21816870,467,89,0,0
21826536,2157,75,0,2,21773662,350,78,0,0
21786840,2193,42,0,1,21853883,1253,33,0,0
21783905,703,48,0,3,21870951,2121,41,0,0
21820916,1344,39,0,3,21822428,1592,28,0,0
21857563,300,52,0,3,21812019,364,45,0,0
21824919,862,33,0,3,21868451,529,52,0,0
21803290,1365,35,0,3,21869297,992,33,0,0
21858619,1615,90,0,2,21864553,1359,63,0,0
21784026,1014,67,0,2,21816361,1462,77,0,0
21845735,1988,41,0,3,21790543,718,83,0,0
21845489,1506,79,0,1,21871881,1155,32,0,0
21856627,1397,55,0,1,21826022,1455,57,0,1
21807037,1593,81,0,2,21865379,445,29,0,0
21851632,1697,15,0,0,21775312,1163,31,0,0
21841810,1125,44,0,1,21857421,1349,46,0,0
21788099,2043,27,0,1,21855849,844,53,0,0
21784285,740,36,0,2,21826708,1033,50,0,0
21849510,1350,26,0,0,21809226,2243,33,0,0
21853649,1669,18,0,1,21794091,1557,12,0,0
21796272,1487,28,0,1,21841349,409,64,0,0
21846859,1203,75,0,6,21831081,1432,59,0,0
21839083,1506,32,0,0,21796187,248,35,0,0
21807215,1170,41,0,1,21818678,1528,19,0,0
21858125,1014,62,0,1,21863181,1963,91,0,0
21836515,1323,44,0,1,21864092,2429,35,0,0
21781073,1621,91,0,1,21803779,1171,66,0,0
21795435,1488,44,0,1,21854630,1269,22,0,0
21814645,1781,67,0,0,21824688,939,30,0,0
21865265,996,17,0,0,21800508,1184,25,0,0
21836513,1600,24,0,0,21863378,1831,26,0,0
21833383,489,58,0,0,21775829,1122,51,0,0
21788743,1124,46,0,0,21826924,1951,25,0,0
21870657,1936,42,0,0,21858241,1082,28,0,0
21845850,1364,30,0,0,21847597,1050,30,0,0
21822900,2181,51,0,4,21782199,1301,54,0,0
21782839,1236,21,0,2,21810862,1652,36,0,0
21870853,231,68,0,0,21861752,1992,20,0,0
21834691,988,29,0,5,21847121,1009,19,0,0
21861385,639,42,0,11,21871385,477,19,0,0
21781414,1326,61,0,4,21801147,860,90,0,0
21783575,441,34,0,1,21834840,1168,42,0,0
21842217,2517,24,0,1,21849861,1464,34,0,0
21854309,1500,46,0,0,21777682,505,54,0,0
21809628,520,41,0,0,21797048,725,39,0,0
21855473,1387,72,0,5,21838504,1193,29,0,0
21795288,947,14,0,4,21841751,2170,34,0,0
21845751,1176,100,0,4,21807173,200,42,0,0
21811302,1072,37,0,3,21774389,798,38,0,0
21848908,2141,43,0,2,21788989,772,69,0,0
21832222,1918,51,0,2,21809188,2509,55,0,0
21826636,984,95,0,1,21836659,1140,33,0,0
21809692,679,43,0,1,21801281,1255,26,0,0
21813309,933,30,0,0,21843876,880,58,0,0
21801801,1125,74,0,4,21793369,797,59,0,0
21840454,609,29,0,1,21774228,1160,71,0,0
21824279,492,29,0,1,21784806,973,37,0,0
21811811,395,59,0,3,21780709,636,30,0,0
21857758,2118,20,0,1,21780069,1496,38,0,0
21826261,1110,41,0,2,21825859,1158,79,0,0
21830779,820,44,0,0,21858925,1919,48,0,0
21803699,1918,40,0,3,21818559,1826,35,0,0
21837984,1256,60,0,2,21843754,659,33,0,0
21860078,2471,21,0,0,21773867,1860,22,0,0
21848106,391,85,0,1,21837201,1659,23,0,0
21858795,747,30,0,5,21800606,683,33,0,0
21866837,721,43,0,0,21847786,1769,35,0,0
21787486,629,202,0,2,21857358,1470,72,0,0
21801677,1903,62,0,4,21796259,1222,48,0,0
21817513,2194,64,0,7,21795083,2382,64,0,0
21827531,271,100,0,3,21818422,2117,30,0,0
21871638,1798,44,0,0,21843297,1456,56,0,0
21786352,1369,51,0,6,21832097,656,51,0,0
21775165,1888,61,0,6,21835734,1530,41,0,0
21806164,1391,59,0,0,21831386,1346,129,0,0
21784998,593,41,0,1,21872342,954,76,0,0
21851012,401,56,0,0,21820940,819,54,0,0
21807217,528,57,0,2,21827671,1762,57,0,0
21790806,1853,35,0,0,21825710,1014,35,0,0
21855576,805,42,0,5,21861371,880,33,0,0
21866873,1193,17,0,3,21870910,996,31,0,0
21871201,779,39,0,1,21827443,1057,27,0,0
21820198,1530,60,0,1,21854987,1361,29,0,0
21791191,1432,26,0,0,21796745,1584,82,0,0
21858363,1332,34,0,8,21813565,1338,33,0,0
21799606,1565,18,0,1,21795392,832,29,0,0
21789929,348,19,0,3,21814566,1363,48,0,0
21788400,989,73,0,1,21870624,1073,78,0,0
21835000,707,42,0,1,21789514,2313,24,0,0
21794577,648,84,0,2,21875022,768,29,0,0
21846963,485,34,0,4,21813601,1268,43,0,0
21834331,913,32,0,2,21873450,1123,39,0,0
21872666,951,43,0,16,21849197,1703,19,0,0
21871858,580,94,0,2,21857030,899,56,0,0
21820109,1114,31,0,3,21838124,782,50,0,0
21823693,1440,70,0,4,21775857,665,44,0,0
21783246,1685,58,0,2,21786856,606,35,0,0
21781250,1906,43,0,0,21775657,1165,53,0,0
21823155,1164,34,0,2,21851218,1524,31,0,0
21852246,1968,41,0,2,21790857,911,68,0,0
21821507,1676,35,0,2,21859131,1397,59,0,0
21828160,1720,49,0,3,21801435,1442,31,0,0
21859934,827,38,0,1,21810885,1631,47,0,0
21861419,751,89,0,1,21857189,680,48,0,0
21832959,1330,43,0,2,21784480,1898,72,0,0
21806511,708,41,0,1,21816447,2587,48,0,0
21791309,2009,67,0,0,21779620,1839,34,0,0
21792465,956,58,0,3,21865346,1315,36,0,0
21782573,1918,43,0,0,21790757,1344,17,0,0
21799436,1177,42,0,2,21863486,1009,61,0,0
21857214,1000,22,0,1,21840587,2183,23,0,0
21790491,791,16,0,1,21810988,1187,45,0,0
21784110,1167,25,0,1,21803428,1307,88,0,0
21782137,1169,29,0,1,21850666,1558,85,0,0
21780504,349,84,0,1,21841987,847,38,0,0
21777935,1251,36,0,4,21872506,726,59,0,0
21809716,808,56,0,0,21778422,1003,54,0,0
21858614,1821,23,0,5,21837756,1200,27,0,0
21867386,1177,50,0,1,21806981,2363,51,0,0
21810620,493,45,0,2,21846630,1130,50,0,0
21838701,348,56,0,1,21786993,900,21,0,0
21828796,1903,28,0,9,21840219,1954,48,0,0
21821635,432,34,0,0,21873139,564,17,0,0
21869905,1488,49,0,3,21843830,1222,78,0,0
21800711,535,67,0,1,21861491,1836,64,0,0
21823115,675,25,0,2,21796955,1496,51,0,0
21776684,1798,22,0,4,21876733,347,50,0,0
21814231,914,29,0,1,21821560,1648,43,0,0
21849486,902,64,0,2,21800505,1063,79,0,0
21778237,733,164,0,0,21792273,632,49,0,0
21821763,855,134,0,2,21829300,1415,88,0,0
21812405,1697,34,0,0,21870588,2562,31,0,0
21832635,2345,38,0,2,21796760,1363,44,0,0
21777034,591,35,0,2,21832853,1647,41,0,0
21804101,2686,31,0,2,21875309,1123,74,0,0
21783889,1726,77,0,7,21842967,1907,57,0,0
21840494,511,40,0,0,21842254,1111,17,0,0
21830870,1151,47,0,2,21777596,742,45,0,0
21810833,511,28,0,0,21840605,1033,35,0,0
21843843,1150,46,0,0,21856796,669,95,0,0
21850430,1603,65,0,1,21843952,1273,45,0,0
21799249,1127,26,0,6,21798369,1350,42,0,0
21859249,1616,54,0,5,21806933,636,27,0,0
21822089,1018,69,0,3,21843927,1526,59,0,0
21792987,1194,63,0,0,21787711,834,74,0,0
21879056,876,36,0,2,21875740,1566,38,0,0
21833215,1476,63,0,0,21791913,1274,21,0,0
21783876,976,20,0,1,21797993,1389,47,0,0
21779073,994,26,0,28,21852758,721,29,0,0
21781030,1771,28,0,0,21820071,1345,58,0,0
21808484,1290,49,0,0,21810505,1978,59,0,0
21865689,1416,28,0,0,21802413,1751,36,0,0
21835731,1670,63,0,0,21870538,1631,19,0,0
21873964,1149,37,0,0,21812469,1120,47,0,0
21854860,1710,51,0,0,21810254,2153,27,0,0
21803655,1787,24,0,0,21798025,1494,31,0,0
21794113,331,38,0,2,21843233,1666,47,0,0
21810810,1382,37,0,1,21810995,1014,87,0,0
21814116,897,51,0,1,21873665,986,18,0,0
21846451,1780,33,0,1,21843434,1632,38,0,0
21852017,2599,56,0,2,21806764,939,37,0,0
21836619,1705,19,0,1,21863785,2368,34,0,1
21792826,2478,60,0,5,21797426,497,31,0,0
21821093,842,83,0,3,21846216,1046,84,0,0
21858650,1271,61,0,0,21811734,1093,75,0,0
21801496,647,37,0,2,21779445,910,84,0,0
21869944,145,40,0,2,21865320,1335,62,0,0
21866707,622,35,0,2,21834913,1360,45,0,0
21855998,2126,47,0,4,21815011,757,29,0,0
21831079,1447,47,0,6,21857306,2111,47,0,0
21813493,885,32,0,1,21838603,1310,39,0,1
21798703,1518,68,0,1,21832277,777,55,0,0
21859719,881,23,0,3,21779060,1792,18,0,0
21827274,1627,42,0,2,21869576,1160,104,0,0
21846538,739,28,0,0,21822340,613,36,0,0
21831267,1116,61,0,1,21792131,1200,32,0,0
21792772,1297,48,0,2,21871495,759,33,0,0
21797807,555,63,0,2,21864557,929,31,0,0
21874034,1445,53,0,7,21799883,1805,46,0,1
21863639,1122,55,0,1,21801516,1398,80,0,0
21779046,1460,19,0,4,21826035,815,35,0,0
21815068,1736,53,0,0,21857492,1812,34,0,0
21811173,916,28,0,10,21822478,939,40,0,0
21863804,1775,62,0,1,21821344,2253,81,0,0
21868325,2517,30,0,3,21792653,441,23,0,0
21875646,1532,17,0,0,21783004,1623,44,0,0
21816083,855,37,0,2,21880351,1579,59,0,0
21810919,1033,40,0,1,21868153,943,85,0,0
21833778,946,44,0,8,21857439,1133,27,0,0
21801259,1673,21,0,2,21802546,378,53,0,0
21874103,668,30,0,2,21807105,1714,28,0,0
21850574,945,17,0,7,21833305,1351,64,0,0
21827452,965,16,0,6,21789979,399,47,0,0
21873128,2098,33,0,2,21814032,2120,68,0,0
21846972,1700,62,0,2,21880475,1529,65,0,0
21854817,180,49,0,2,21813047,2079,58,0,0
21815471,1143,82,0,2,21803917,432,21,0,0
21818994,1198,43,0,5,21804557,1319,56,0,0
21810695,1222,28,0,0,21803265,864,29,0,0
21825800,1166,70,0,3,21848610,1128,36,0,0
21873398,977,66,0,2,21815538,2105,35,0,0
21854491,1097,64,0,2,21813684,2429,40,0,0
21794363,1078,99,0,0,21800144,1918,55,0,0
21855374,1056,38,0,0,21782461,826,40,0,0
21880311,1751,71,0,1,21788063,1327,27,0,0
21850649,173,64,0,1,21877112,1266,89,0,0
21811505,1165,57,0,1,21810977,1211,74,0,0
21865833,709,42,0,0,21820973,1364,21,0,0
21808114,1611,34,0,5,21840177,1139,48,0,0
21818415,784,16,0,0,21870807,808,28,0,0
21797172,559,33,0,5,21881465,893,49,0,0
21809541,633,17,0,0,21839418,1386,24,0,0
21781387,1193,28,0,0,21856719,872,87,0,0
21804740,1615,29,0,6,21814026,905,25,0,0
21868273,2326,57,0,5,21827712,1057,63,0,0
21840323,685,82,0,0,21840990,812,43,0,0
21785932,779,22,0,2,21800680,1333,67,0,0
21874047,683,48,0,0,21834300,1239,96,0,0
21788273,501,78,0,1,21859350,756,26,0,0
21838901,986,67,0,5,21875448,443,48,0,0
21873017,1776,80,0,0,21846288,1861,56,0,0
21872405,2250,46,0,0,21851558,1120,18,0,0
21802586,1110,52,0,2,21853002,760,47,0,0
21857361,434,36,0,7,21808619,206,56,0,0
21795231,497,31,0,4,21805429,1233,61,0,0
21790761,1840,37,0,0,21822968,1804,46,0,0
21852025,367,49,0,1,21825094,1078,96,0,0
21847115,1666,44,0,1,21793033,1327,59,0,0
21859134,940,39,0,3,21827005,1436,38,0,0
21792636,1618,52,0,1,21797340,670,50,0,0
21832988,1111,36,0,4,21872168,1094,70,0,0
21878916,1120,51,0,1,21844943,2532,56,0,0
21782682,902,49,0,1,21883118,1686,33,0,0
21798435,1200,56,0,4,21868725,1678,52,0,0
21855515,1837,38,0,3,21844129,1567,30,0,0
21833250,732,36,0,2,21828115,1071,41,0,0
21857830,1135,36,0,1,21786235,1340,19,0,0
21862642,1830,95,0,3,21835007,751,37,0,0
21827896,1291,131,0,1,21818396,703,52,0,0
21883626,2123,29,0,0,21858155,1059,39,0,0
21848569,1156,18,0,1,21857826,1355,48,0,0
21872230,571,85,0,0,21881899,1519,30,0,0
21783708,1172,38,0,1,21783460,1693,78,0,0
21823986,426,41,0,1,21825075,1647,35,0,0
21783337,1068,48,0,3,21859196,2156,28,0,0
21806280,1583,141,0,2,21798110,1802,38,0,0
21859377,1684,40,0,2,21874175,965,27,0,0
21825680,1186,66,0,3,21798604,127,226,0,0
21844666,1183,29,0,2,21859989,2203,40,0,0
21817845,1442,70,0,0,21784219,844,32,0,0
21823197,638,45,0,0,21852376,1036,41,0,0
21826498,1193,25,0,3,21815324,1931,103,0,0
21851221,1040,50,0,1,21838018,1389,89,0,0
21868143,2147,25,0,1,21855087,2134,46,0,0
21863392,1961,27,0,2,21813579,1848,41,0,0
21799621,1268,45,0,1,21826666,2136,29,0,0
21828715,614,57,0,2,21797058,706,45,0,0
21794618,302,46,0,10,21877248,1672,27,0,0
21823699,2052,31,0,7,21839201,685,214,0,0
21785584,1654,41,0,2,21818217,1054,48,0,0
21801668,1919,34,0,1,21878940,1071,45,0,0
21879912,105,49,0,6,21820382,1057,63,0,0
21838543,982,31,0,1,21841981,921,25,0,0
21792307,1745,29,0,2,21813771,1601,42,0,0
21876065,784,16,0,0,21810500,232,54,0,0
21845264,1439,62,0,4,21832670,1354,51,0,0
21819148,883,38,0,1,21863649,487,17,0,0
21828896,1389,46,0,1,21844462,1757,24,0,0
21832127,1438,37,0,3,21876805,386,59,0,0
21791679,1765,35,0,2,21876644,392,21,0,0
21791236,1672,77,0,0,21872141,1196,50,0,0
21825472,795,42,0,0,21789471,1119,63,0,0
21827648,1713,45,0,1,21876989,1299,47,0,0
21803363,2264,14,0,0,21808162,167,46,0,0
21809089,773,36,0,0,21858583,764,72,0,0
21839464,2154,69,0,4,21869239,1245,107,0,0
21820820,1743,58,0,0,21858196,1395,74,0,0
21801998,1289,35,0,2,21816466,921,67,0,0
21819568,2048,28,0,1,21799849,1195,35,0,0
21854294,2327,49,0,2,21878498,2573,8,0,0
21791914,726,27,0,1,21869821,1633,57,0,0
21790157,1277,79,0,4,21863856,1158,33,0,0
21866972,1140,57,0,1,21820676,1454,107,0,0
21808562,272,43,0,1,21842152,1360,31,0,0
21816925,701,30,0,1,21852298,417,48,0,0
21874875,1631,25,0,2,21879316,1040,66,0,0
21785116,178,41,0,1,21783874,1264,97,0,0
21792652,905,64,0,2,21877502,1031,61,0,0
21785240,1860,28,0,1,21861180,1057,89,0,0
21850086,1002,37,0,0,21857668,1191,19,0,0
21814542,1421,35,0,0,21812637,1130,49,0,0
21812092,1203,36,0,0,21816331,766,30,0,0
21842583,1139,75,0,2,21850969,1919,14,0,0
21852606,1662,57,0,1,21851137,886,88,0,0
21862404,2184,56,0,5,21840852,2283,41,0,0
21806744,1040,55,0,1,21823383,1182,36,0,0
21838491,875,33,0,0,21786771,1292,31,0,0
21828247,685,59,0,2,21876741,1297,91,0,0
21787303,1645,28,0,0,21839385,613,54,0,0
21800583,1025,19,0,1,21784896,779,41,0,0
21853875,1104,43,0,0,21797651,618,30,0,0
21785185,1453,33,0,2,21828223,344,43,0,0
21856494,1349,32,0,6,21805326,1100,49,0,0
21809725,2116,81,0,3,21872768,672,50,0,0
21866600,1423,100,0,2,21857682,1944,118,0,0
21856733,407,57,0,6,21854725,2093,33,0,0
21815358,605,35,0,4,21807012,864,28,0,0
21824344,2511,47,0,5,21860310,1191,21,0,0
21874764,674,33,0,0,21796318,1160,28,0,0
21851027,1802,79,0,11,21837494,1809,26,0,0
21868455,2112,99,0,2,21820760,963,117,0,0
21832843,880,44,0,0,21886279,1171,43,0,0
21817737,1596,50,0,0,21796371,2103,35,0,0
21840486,1495,25,0,2,21823077,972,27,0,0
21853289,1187,177,0,1,21817109,1142,39,0,0
21840814,1901,34,0,2,21822082,2318,78,0,0
21794539,1525,44,0,3,21871607,1460,18,0,0
21851933,1378,63,0,1,21847103,955,74,0,0
21798573,1599,61,0,0,21870750,1792,39,0,0
21819694,1922,59,0,4,21812195,1193,47,0,0
21818902,606,44,0,2,21871367,1998,23,0,0
21858307,1447,32,0,3,21830042,1182,58,0,0
21807538,1674,37,0,2,21853809,1042,61,0,0
21811571,292,84,0,0,21794563,1207,30,0,0
21851086,1516,53,0,1,21806840,1358,39,0,0
21805402,861,41,0,4,21834754,605,77,0,0
21832779,1443,12,0,1,21834720,1432,48,0,0
21866797,750,66,0,4,21793367,1298,30,0,0
21809544,1091,39,0,0,21858994,1624,26,0,0
21795216,2585,42,0,0,21858471,570,44,0,0
21845680,1383,26,0,2,21865011,2247,25,0,0
21830326,1043,41,0,1,21836794,608,59,0,0
21885548,2114,19,0,1,21806156,1626,117,0,0
21805797,730,58,0,2,21855319,2018,29,0,0
21854793,2524,43,0,8,21802250,917,52,0,0
21842777,1134,53,0,1,21881047,1446,32,0,0
21859191,1580,37,0,6,21867440,1835,49,0,0
21807814,712,58,0,3,21809748,848,34,0,0
21841172,1083,55,0,1,21825380,1878,60,0,0
21832909,1125,60,0,5,21798777,1099,65,0,0
21795743,1302,63,0,1,21844692,1746,122,0,0
21851310,629,43,0,0,21790118,374,48,0,0
21889409,2086,29,0,0,21886909,1775,31,0,0
21852043,1889,28,0,3,21796542,645,35,0,0
21793439,1383,61,0,0,21840705,1023,72,0,0
21869823,1175,52,0,8,21815999,618,92,0,0
21877312,2372,26,0,2,21868174,1315,59,0,0
21854765,1141,118,0,1,21858056,2132,20,0,0
21805829,1375,56,0,0,21805120,693,26,0,0
21866020,1388,115,0,4,21843296,358,60,0,0
21794938,945,54,0,1,21883948,1165,53,0,0
21823653,741,30,0,5,21882768,1734,48,0,0
21863509,656,61,0,2,21864301,1551,68,0,0
21798227,889,85,0,2,21799534,981,47,0,0
21822110,273,34,0,0,21863972,1979,28,0,0
21815262,1148,33,0,0,21870832,1783,46,0,0
21853198,1600,63,0,6,21808042,1005,58,0,0
21863689,1920,25,0,1,21841039,1145,49,0,0
21834133,2337,35,0,0,21844032,1118,146,0,0
21867542,1197,79,0,2,21795314,1371,29,0,0
21796689,1262,36,0,2,21814716,235,25,0,0
21821343,1712,72,0,0,21800913,1186,96,0,0
21851994,354,57,0,4,21810112,764,33,0,0
21856783,1059,24,0,1,21859299,774,119,0,0
21812057,950,45,0,2,21882311,1397,32,0,0
21815388,1739,20,0,2,21830576,393,45,0,0
21849065,660,36,0,1,21794085,1225,68,0,0
21815692,358,73,0,0,21869463,696,36,0,0
21799852,894,55,0,1,21821419,1406,36,0,0
21849030,443,54,0,0,21803310,2126,32,0,0
21804293,2001,54,0,1,21820297,590,87,0,0
21850837,618,27,0,1,21786471,2359,18,0,0
21855149,890,62,0,5,21865080,1448,30,0,0
21789297,1335,42,0,0,21851726,722,36,0,0
21886923,2140,51,0,4,21796291,2450,47,0,0
21807413,1201,41,0,1,21885474,653,46,0,0
21877482,2274,28,0,2,21872104,274,35,0,0
21803069,1004,59,0,1,21809550,242,77,0,0
21884129,1527,19,0,2,21881108,1280,41,0,0
21814353,1665,41,0,1,21886324,414,25,0,0
21829257,460,105,0,2,21891134,2015,61,0,0
21800749,1963,23,0,2,21886819,1568,50,0,0
21880231,892,35,0,5,21800004,650,28,0,0
21871630,1170,20,0,4,21863859,1921,31,0,0
21862199,794,88,0,0,21859770,531,54,0,0
21877985,2259,48,0,7,21804476,645,58,0,0
21822644,1418,52,0,1,21819503,1885,47,0,0
21829669,1996,28,0,8,21800175,1465,64,0,0
21805376,875,54,0,0,21866746,1131,21,0,0
21876955,1468,33,0,3,21883831,2112,25,0,0
21800745,854,34,0,13,21799934,1614,41,0,0
21862394,627,20,0,0,21798198,1641,58,0,0
21873963,1114,55,0,1,21812920,1184,60,0,0
21850567,491,24,0,2,21794796,1577,20,0,0
21887884,975,253,0,2,21872625,1280,19,0,0
21812682,1645,50,0,2,21863012,1119,20,0,0
21877487,2230,25,0,3,21812137,1041,48,0,0
21857161,894,19,0,2,21808503,855,25,0,0
21798203,2122,52,0,7,21857645,2028,23,0,0
21890008,1349,25,0,1,21865071,555,80,0,0
21846111,1953,50,0,1,21843632,609,27,0,0
21852349,258,70,0,3,21809457,910,24,0,0
21851283,537,34,0,1,21865679,563,40,0,0
21816999,1589,43,0,0,21856506,901,47,0,0
21885768,716,37,0,1,21822817,1186,48,0,0
21832214,865,33,0,2,21821799,904,73,0,0
21840206,1301,43,0,5,21863760,2132,37,0,0
21815773,1290,45,0,2,21838726,883,34,0,0
21803394,749,27,0,5,21796353,611,91,0,0
21887909,652,77,0,1,21826654,1060,52,0,0
21792119,1045,68,0,3,21862088,1198,36,0,0
21851722,1668,41,0,0,21846640,1134,74,0,0
21876797,673,22,0,3,21800482,173,54,0,0
21801580,1260,62,0,1,21799538,1702,31,0,0
21823771,1182,39,0,1,21878414,1576,60,0,0
21850900,879,60,0,5,21850497,989,55,0,0
21837466,830,61,0,2,21855019,1168,38,0,0
21828226,1818,37,0,0,21811230,1148,51,0,0
21807997,710,56,0,0,21810610,1431,44,0,0
21861925,2191,20,0,0,21827050,1825,40,0,0
21876758,1765,50,0,0,21838718,652,186,0,0
21797060,633,20,0,4,21824198,1925,39,0,0
21812114,1194,30,0,2,21864508,877,51,0,0
21800755,232,94,0,11,21824085,1852,32,0,0
21811077,701,68,0,2,21875928,2148,30,0,0
21886762,1510,34,0,0,21879730,985,25,0,0
21806905,2031,19,0,0,21853792,1022,51,0,0
21888481,2298,73,0,0,21856876,1959,48,0,0
21880007,983,23,0,0,21879236,1266,43,0,0
21829200,1095,50,0,0,21835354,908,35,0,0
21841693,1256,43,0,1,21856347,1683,30,0,0
21886818,1084,58,0,2,21882232,1417,71,0,0
21805189,1100,67,0,2,21857215,716,50,0,0
21815408,2034,82,0,5,21885754,984,87,0,0
21804642,1840,29,0,2,21800223,912,42,0,0
21822838,2064,30,0,0,21844834,2280,44,0,0
21877661,1153,37,0,0,21866227,1659,91,0,0
21829195,1039,47,0,5,21828065,1769,45,0,0
21812551,2000,34,0,2,21838051,2218,36,0,0
21860260,1394,17,0,1,21882856,1624,68,0,0
21887960,1871,58,0,1,21857235,1351,47,0,0
21883123,1728,55,0,0,21797401,635,27,0,0
21818928,671,30,0,4,21815899,328,46,0,0
21834874,978,25,0,0,21894797,1912,44,0,0
21880545,1896,49,0,0,21883797,1496,62,0,0
21805308,828,27,0,1,21848795,919,49,0,0
21845471,1104,39,0,1,21890237,647,54,0,0
21872473,2591,45,0,2,21868339,1646,37,0,0
21838446,527,31,0,3,21891532,1116,57,0,0
21876574,1149,26,0,0,21799692,655,111,0,0
21833245,968,27,0,1,21801620,1184,24,0,0
21870706,1502,45,0,2,21817388,1445,54,0,0
21842288,864,27,0,2,21837159,748,30,0,0
21798178,1030,13,0,2,21798688,1476,56,0,0
21797590,1614,28,0,8,21855580,930,61,0,0
21839598,1944,17,0,0,21885418,881,29,0,0
21832646,765,25,0,1,21855952,1414,23,0,0
21863478,897,22,0,0,21893848,758,31,0,0
21829414,1302,32,0,6,21791920,1297,45,0,0
21802375,852,36,0,2,21840501,869,69,0,0
21863987,902,36,0,2,21862485,379,32,0,0
21824872,1678,38,0,1,21880932,713,24,0,0
21828797,1219,33,0,5,21832785,693,99,0,0
21888268,992,28,0,2,21817260,993,23,0,0
21844372,853,25,0,10,21891241,840,48,0,0
21815805,1565,83,0,2,21832415,1424,44,0,0
21880412,1070,18,0,3,21794918,1750,21,0,0
21833218,937,43,0,0,21874829,1439,35,0,0
21810651,687,35,0,0,21840198,1308,42,0,0
21867732,2179,40,0,1,21798694,827,45,0,0
21837798,1485,51,0,3,21837815,1149,40,0,0
21884181,1588,41,0,1,21870915,1094,37,0,0
21830856,902,42,0,2,21869559,856,37,0,0
21832552,2172,26,0,0,21828338,1303,43,0,0
21808999,1908,81,0,1,21840314,1158,52,0,0
21872110,1022,24,0,1,21859339,889,40,0,0
21810134,820,58,0,1,21799683,1342,43,0,0
21838299,2188,37,0,14,21840802,1990,33,0,0
21879140,853,40,0,0,21841507,1268,27,0,0
21855366,629,100,0,2,21830090,1819,54,0,0
21821687,1028,51,0,2,21808276,906,48,0,0
21816014,1729,64,0,2,21845869,1769,17,0,0
21867641,1410,41,0,1,21835879,1183,159,0,0
21813763,1399,71,0,1,21801804,2150,64,0,0
21886826,719,34,0,4,21861359,1272,42,0,0
21897007,274,44,0,2,21863536,777,110,0,0
21804282,843,34,0,2,21841795,2064,46,0,0
21854848,1542,56,0,1,21869193,684,53,0,0
21829569,1065,132,0,0,21878231,1172,34,0,0
21868569,1132,28,0,3,21830627,1318,18,0,0
21870678,191,49,0,1,21831219,1116,23,0,0
21870056,1110,51,0,0,21820801,861,40,0,0
21824063,1510,48,0,0,21796701,984,33,0,0
21832448,1321,60,0,1,21822423,2316,57,0,0
21804112,565,22,0,1,21859861,1182,60,0,0
21803074,347,27,0,1,21846589,1016,15,0,0
21845296,2312,51,0,4,21841144,720,41,0,0
21865784,1228,40,0,0,21841897,1123,45,0,0
21871717,1074,29,0,5,21868192,2288,39,0,0
21878453,287,35,0,1,21888576,1222,32,0,0
21821720,1027,18,0,1,21822202,2098,28,0,0
21880739,997,17,0,8,21847247,1356,27,0,0
21794268,387,92,0,0,21875507,1647,23,0,0
21895258,2107,43,0,0,21876496,736,40,0,0
21877859,1135,30,0,6,21800311,1518,43,0,0
21807357,931,33,0,12,21868869,1129,50,0,0
21832605,1583,10,0,0,21884545,1348,57,0,0
21866071,958,57,0,2,21863927,466,19,0,0
21837889,1847,29,0,1,21798089,1077,78,0,0
21870099,1330,93,0,1,21833905,809,42,0,0
21830111,916,44,0,2,21894148,1740,47,0,0
21833306,640,60,0,4,21862518,1857,38,0,0
21856849,569,51,0,1,21797137,1625,86,0,0
21814941,636,28,0,2,21893849,1125,38,0,0
21862951,1034,38,0,5,21827004,2537,24,0,0
21821269,1048,86,0,0,21890571,1716,75,0,0
21797741,1982,35,0,1,21831937,2173,42,0,0
21848954,739,51,0,3,21793997,775,90,0,0
21876584,601,45,0,1,21841886,1088,34,0,0
21866577,1658,103,0,4,21881922,919,18,0,0
21843040,1005,25,0,7,21819272,1107,43,0,0
21854888,1504,59,0,0,21806601,1283,51,0,0
21853238,1566,61,0,10,21798592,973,40,0,0
21870874,1130,58,0,5,21894865,777,69,0,0
21811964,671,49,0,0,21829776,1020,54,0,0
21862046,832,55,0,0,21886038,1434,47,0,0
21870957,1583,73,0,0,21882961,794,21,0,0
21868662,1458,37,0,0,21828808,1125,37,0,0
21819182,671,42,0,6,21897132,990,46,0,0
21861625,1145,87,0,0,21897378,584,27,0,0
21842213,1282,42,0,9,21860197,159,49,0,0
21849851,1392,33,0,0,21816585,1689,55,0,0
21826147,1060,28,0,1,21826815,976,52,0,0
21874177,648,41,0,0,21817654,630,60,0,0
21860037,1680,64,0,1,21875254,1109,36,0,0
21802916,1658,50,0,0,21850734,1120,47,0,0
21842352,1961,32,0,6,21839381,2587,31,0,0
21842730,1324,28,0,1,21808748,1294,17,0,0
21841778,2049,40,0,0,21895034,2442,21,0,0
21839544,1878,43,0,2,21862077,2163,46,0,0
21799693,2122,25,0,5,21821585,167,56,0,0
21806495,821,41,0,4,21867941,1433,33,0,0
21807747,1454,42,0,0,21873534,540,52,0,0
21854225,1412,36,0,0,21854640,1141,25,0,0
21799843,263,37,0,2,21841526,614,66,0,0
21803544,667,42,0,1,21851489,281,82,0,0
21857082,1455,40,0,1,21896974,912,55,0,0
21875276,267,57,0,3,21876655,875,79,0,0
21860619,1092,43,0,3,21886426,912,51,0,0
21886928,192,37,0,0,21889944,1030,91,0,0
21870598,1522,17,0,1,21828947,1402,29,0,0
21804409,925,43,0,3,21849561,1532,33,0,0
21812573,522,42,0,0,21823445,951,35,0,0
21798823,1573,28,0,0,21850313,1296,38,0,0
21864315,1879,41,0,1,21821272,1600,17,0,0
21879189,816,40,0,3,21804294,1346,89,0,0
21826632,1878,27,0,3,21835375,984,41,0,0
21898726,931,51,0,3,21825353,508,38,0,0
21872504,860,33,0,1,21844906,2064,60,0,0
21846651,514,37,0,1,21832443,962,24,0,0
21803307,2547,22,0,3,21798878,2598,35,0,0
21805151,1306,24,0,0,21874507,1283,38,0,0
21843875,1109,69,0,4,21813243,1840,58,0,0
21882338,1059,56,0,3,21870343,1007,85,0,0
21866407,512,54,0,1,21871499,1673,19,0,0
21867510,490,62,0,6,21860296,345,96,0,0
21825968,1051,31,0,1,21797954,804,82,0,0
21851642,819,47,0,5,21850156,1394,39,0,1
21825509,730,83,0,0,21870086,918,32,0,0
21829078,1271,34,0,2,21823972,2263,39,0,0
21859319,997,42,0,5,21885732,1589,26,0,0
21883574,1265,59,0,2,21844519,819,48,0,0
21887444,2571,46,0,0,21811660,1336,43,0,0
21810446,1219,23,0,1,21891619,1116,59,0,0
21890650,1873,45,0,0,21870156,1821,19,0,0
21880603,1914,37,0,2,21837397,2341,32,0,0
21888767,1374,47,0,3,21821127,1115,15,0,0
21878146,1778,48,0,2,21859238,725,148,0,0
21809688,1224,59,0,5,21829975,1688,36,0,0
21887499,1119,53,0,3,21861646,796,84,0,0
21889754,1480,23,0,8,21882650,1218,59,0,0
21900221,2414,42,0,7,21892417,882,40,0,0
21864085,1013,58,0,0,21897140,1943,36,0,0
21873372,1597,28,0,5,21889989,1166,31,0,0
21848981,1975,93,0,2,21818808,1459,16,0,0
21812088,495,56,0,2,21846670,1036,29,0,0
21851326,1890,30,0,4,21838923,1599,78,0,0
21816067,1335,14,0,1,21798574,1226,44,0,0
21891297,1234,51,0,5,21893482,1262,23,0,0
21883562,1040,26,0,1,21840083,1679,87,0,0
21829554,816,32,0,0,21860316,1578,48,0,0
21807010,1632,43,0,0,21798518,242,113,0,0
21847875,1053,66,0,0,21816112,544,26,0,0
21831434,1088,32,0,1,21820748,1107,44,0,0
21851148,1639,20,0,1,21821546,1146,58,0,0
21871549,747,48,0,2,21874459,1535,17,0,0
21817938,874,74,0,0,21872950,1613,50,0,0
21884714,858,48,0,4,21835867,2540,30,0,0
21875375,1490,46,0,3,21866335,529,32,0,0
21860531,1434,27,0,1,21834923,653,83,0,0
21869178,743,15,0,11,21893198,853,34,0,0
21809707,937,63,0,1,21879958,486,67,0,0
21900223,1546,17,0,1,21802975,1685,41,0,0
21807043,1430,147,0,1,21808793,1126,99,0,0
21831268,859,26,0,0,21856831,922,58,0,0
21891547,1752,36,0,2,21836025,1633,28,0,0
21820983,635,71,0,1,21826646,698,53,0,0
21810830,730,33,0,0,21886876,955,56,0,0
21861192,1215,116,0,1,21852698,2047,54,0,0
21805642,2469,32,0,4,21879982,1223,68,0,0
21897827,1405,46,0,2,21849395,419,26,0,0
21813584,664,31,0,2,21849526,660,63,0,0
21851730,1675,25,0,4,21860736,1127,65,0,0
21806896,1269,43,0,1,21839094,1906,69,0,0
21832031,880,43,0,3,21891742,1234,32,0,0
21895040,616,56,0,1,21846893,1683,33,0,0
21867133,1191,28,0,1,21848855,913,27,0,0
21887431,982,28,0,14,21866618,1924,17,0,0
21805679,1970,28,0,2,21804083,481,33,0,0
21852414,1185,41,0,8,21824493,1591,49,0,0
21804660,715,79,0,3,21814695,1464,51,0,0
21874832,1838,16,0,2,21892013,984,63,0,0
21804603,1596,36,0,3,21899101,1368,59,0,0
21841798,1644,71,0,8,21887791,1601,84,0,0
21809434,1349,45,0,1,21884426,593,38,0,0
21799827,1335,23,0,0,21817790,1051,30,0,0
21807800,675,55,0,1,21878031,567,70,0,0
21846350,2045,28,0,5,21834994,1220,41,0,1
21904836,1439,83,0,3,21824109,1379,15,0,0
21854852,1338,38,0,0,21835760,933,48,0,0
21800021,1332,46,0,8,21873389,480,66,0,0
21902839,1462,96,0,0,21822634,1071,26,0,0
21859510,1180,19,0,1,21837154,1435,66,0,0
21905415,1561,30,0,1,21859755,482,51,0,0
21828272,713,26,0,3,21883278,766,82,0,0
21886567,1431,86,0,0,21866523,2074,33,0,0
21899576,1679,74,0,3,21868768,977,47,0,0
21896209,850,60,0,4,21813869,1924,36,0,0
21800376,1832,36,0,3,21801404,1597,135,0,0
21810754,971,117,0,1,21832976,1264,55,0,0
21825014,1904,47,0,5,21860175,488,42,0,0
21818079,1283,40,0,1,21883676,819,48,0,0
21814825,1872,52,0,1,21870944,1064,50,0,0
21830935,1428,38,0,2,21862431,1690,15,0,0
21824504,1303,62,0,1,21864376,1227,22,0,0
21828666,536,107,0,2,21828330,896,51,0,0
21814815,1716,48,0,3,21863743,2041,34,0,0
21848347,555,49,0,1,21900402,258,67,0,0
21899990,1594,32,0,4,21801829,1621,67,0,0
21895991,935,23,0,1,21875963,1699,43,0,0
21873468,1294,42,0,5,21821515,1187,36,0,0
21889092,1102,28,0,4,21856220,1638,51,0,0
21817748,2150,57,0,0,21863966,1230,36,0,0
21804673,1126,43,0,3,21865489,1338,57,0,0
21846037,202,132,0,2,21820502,1627,46,0,0
21874888,607,78,0,1,21857126,2488,34,0,0
21870636,1039,61,0,1,21893667,1416,34,0,0
21826291,1918,51,0,0,21895333,933,85,0,0
21840555,2548,65,0,4,21862424,906,33,0,0
21847988,395,50,0,1,21829929,1618,48,0,0
21848964,2396,32,0,2,21815642,915,53,0,0
21815135,1769,76,0,1,21846606,864,26,0,0
21819533,834,28,0,6,21842380,800,71,0,0
21819592,1614,40,0,1,21887885,632,94,0,0
21834974,1670,25,0,0,21826224,683,109,0,0
21827764,835,56,0,0,21829723,746,34,0,0
21814220,1104,38,0,2,21836941,966,22,0,0
21836284,1621,42,0,1,21839354,2485,46,0,0
21853648,704,37,0,1,21889366,1135,23,0,0
21842811,2223,63,0,2,21897187,1875,21,0,0
21843817,915,74,0,0,21886872,767,51,0,0
21897684,1213,16,0,1,21842541,1335,71,0,0
21874339,1249,67,0,2,21836450,800,64,0,0
21839283,1543,42,0,3,21862324,1002,44,0,0
21808818,1795,65,0,2,21820918,1252,31,0,0
21823752,992,32,0,1,21818884,1224,35,0,0
21878588,1796,109,0,0,21808900,1154,47,0,0
21833826,1854,52,0,1,21869523,2077,59,0,0
21821039,692,23,0,4,21814576,1465,26,0,0
21868687,301,59,0,2,21826019,667,48,0,0
21859112,1807,40,0,1,21833227,2059,32,0,0
21807271,1057,19,0,0,21844272,1888,22,0,0
21859838,1549,24,0,1,21838936,630,52,0,0
21835832,411,55,0,1,21855664,1338,44,0,0
21845373,2393,47,0,7,21848756,316,70,0,0
21833794,1857,18,0,0,21803155,953,136,0,0
21836856,558,42,0,1,21846771,2251,40,0,0
21854230,2008,54,0,2,21875083,2316,29,0,0
21802722,1449,37,0,0,21879106,709,29,0,0
21855762,2176,57,0,2,21873986,1863,23,0,0
21818421,2275,48,0,5,21817659,1809,31,0,0
21850340,670,49,0,8,21857965,660,66,0,0
21895516,931,34,0,9,21852627,768,32,0,0
21873787,1024,34,0,4,21829129,1701,68,0,0
21814640,980,28,0,4,21844137,1445,35,0,0
21842839,1282,36,0,0,21865752,2064,49,0,0
21860274,1654,34,0,2,21817074,492,52,0,0
21879375,2555,41,0,0,21811913,1311,53,0,0
21888160,905,324,0,1,21825777,696,57,0,0
21863616,1335,48,0,0,21816314,286,71,0,0
21883668,135,48,0,1,21826237,2038,50,0,0
21870419,1195,38,0,4,21898413,1784,32,0,0
21852466,909,32,0,0,21822919,758,53,0,0
21870031,1542,25,0,1,21904846,1254,81,0,0
21813883,394,99,0,0,21877313,945,41,0,0
21863674,1897,29,0,1,21885306,599,36,0,0
21809043,2104,76,0,1,21853501,877,37,0,0
21892209,1182,61,0,1,21890682,1314,56,0,0
21862460,1195,96,0,0,21822407,1789,37,0,0
21904472,1175,69,0,8,21817887,706,80,0,0
21858405,795,72,0,4,21903163,1688,59,0,0
21836605,190,62,0,5,21886217,1017,36,0,0
21855378,1152,37,0,1,21814311,2246,92,0,0
21872337,1170,59,0,6,21896611,557,46,0,0
21822450,966,120,0,6,21850626,986,55,0,0
21901211,1029,48,0,0,21859895,1365,66,0,0
21831112,762,68,0,0,21822620,2262,38,0,0
21849709,1462,79,0,10,21904619,2146,47,0,0
21856252,1190,87,0,7,21845314,1737,42,0,0
21879260,706,327,0,2,21820129,1300,33,0,0
21865621,1251,49,0,2,21812793,893,94,0,0
21816052,849,23,0,0,21874660,1003,69,0,0
21877165,1048,33,0,3,21902018,1747,54,0,0
21854478,1172,41,0,3,21843703,1891,44,0,0
21829461,2323,71,0,1,21907070,1367,65,0,0
21842016,1460,48,0,1,21871877,566,32,0,0
21848098,1082,48,0,2,21898834,1183,36,0,0
21819074,1101,46,0,0,21808041,857,46,0,0
21865252,1066,72,0,1,21817102,754,37,0,0
21831698,1880,49,0,2,21821995,1156,24,0,0
21839715,2524,33,0,3,21867745,978,25,0,0
21900600,1104,15,0,10,21806850,649,77,0,0
21863635,1805,55,0,6,21804428,1727,45,0,0
21863813,1145,22,0,0,21810996,890,45,0,0
21844282,1511,33,0,12,21811052,418,69,0,0
21901480,695,50,0,0,21826796,842,25,0,0
21888992,1333,32,0,1,21806533,1871,48,0,0
21828959,1129,55,0,3,21850851,993,34,0,0
21896552,1198,57,0,2,21871500,1453,198,0,0
21890625,1835,66,0,5,21905287,1309,33,0,0
21851359,1143,50,0,5,21873967,1615,68,0,0
21886530,1055,58,0,0,21863965,1910,38,0,0
21860254,1117,69,0,1,21833500,762,65,0,0
21871611,1635,63,0,2,21882099,1103,32,0,0
21875534,1065,51,0,0,21890708,1103,26,0,0
21848426,1248,48,0,0,21878705,539,48,0,0
21843926,522,49,0,1,21856483,1115,59,0,0
21897939,905,62,0,2,21910926,974,107,0,0
21865096,246,79,0,1,21842586,2284,37,0,0
21872858,928,64,0,10,21837353,235,44,0,0
21831807,1626,116,0,8,21883664,667,66,0,0
21856156,1188,50,0,2,21902602,686,37,0,0
21836873,946,94,0,2,21807088,2031,30,0,0
21830521,1136,15,0,0,21895628,1521,76,0,0
21901324,1609,23,0,1,21842342,1166,78,0,0
21860350,1165,43,0,1,21825328,1060,94,0,0
21816401,2613,34,0,1,21862183,1180,47,0,0
21806323,688,69,0,1,21838143,1642,27,0,0
21906821,1105,22,0,0,21823000,972,63,0,0
21808407,594,47,0,0,21878825,530,64,0,0
21816036,1634,46,0,1,21825691,1309,19,0,0
21843339,941,71,0,8,21826285,725,55,0,0
21872113,991,59,0,1,21866752,962,37,0,0
21903501,730,35,0,1,21860107,1792,54,0,0
21855358,725,52,0,6,21876921,1380,20,0,0
21910347,889,60,0,0,21900022,2342,39,0,0
21877223,1154,40,0,2,21860417,1105,73,0,0
21826970,1170,192,0,1,21906511,1697,41,0,0
21853299,1161,29,0,1,21833753,1046,49,0,0
21909656,2120,53,0,3,21856792,1571,32,0,0
21875876,1148,31,0,0,21887818,1464,27,0,0
21859460,745,34,0,0,21902231,1842,103,0,0
21894665,1388,32,0,0,21907797,1067,53,0,0
21874440,2056,22,0,2,21896281,1205,45,0,0
21911562,1706,28,0,5,21813139,1941,35,0,0
21846905,800,65,0,1,21895850,1120,63,0,0
21835747,1237,18,0,1,21866219,1484,80,0,0
21870015,2003,17,0,2,21886916,1109,31,0,0
21902364,2596,32,0,6,21901707,1608,35,0,0
21814536,1516,24,0,2,21863476,1399,47,0,0
21882148,1287,44,0,5,21846470,1241,42,0,0
21906673,1704,34,0,5,21872944,1099,24,0,0
21837546,2352,45,0,2,21901834,806,39,0,0
21838994,1365,97,0,1,21884565,1170,66,0,0
21851173,1876,43,0,2,21832676,1082,61,0,0
21875406,432,29,0,0,21854460,474,17,0,0
21900628,1149,115,0,1,21813697,1184,33,0,0
21898375,1120,51,0,5,21860737,798,44,0,0
21868756,832,43,0,4,21822002,1720,48,0,0
21818196,2382,30,0,3,21895758,729,38,0,0
21833743,2161,31,0,0,21874589,2163,30,0,0
21855863,1162,17,0,0,21878661,1648,34,0,0
21819185,1342,28,0,1,21870127,1018,41,0,0
21816443,947,30,0,3,21887830,974,31,0,0
21878033,1166,59,0,2,21849443,2267,35,0,0
21817728,1573,39,0,2,21873579,1041,42,0,0
21838119,1984,43,0,1,21883734,1422,48,0,0
21884631,946,76,0,2,21812748,607,64,0,0
21899149,1876,48,0,9,21842190,341,48,0,0
21884558,1054,24,0,0,21807953,926,47,0,0
21897781,1592,71,0,1,21899018,712,53,0,0
21853397,1902,34,0,0,21862730,1046,22,0,0
21841726,1002,60,0,0,21912539,1263,118,0,0
21883746,2421,28,0,5,21849370,1167,16,0,0
21858922,1981,63,0,10,21886398,292,53,0,0
21878891,1072,85,0,3,21812200,876,23,0,0
21829856,865,45,0,8,21889028,418,95,0,0
21818622,1419,45,0,2,21875674,831,44,0,0
21814255,1766,35,0,1,21840502,1340,57,0,0
21821339,1287,43,0,0,21894144,1367,55,0,0
21874957,2280,68,0,0,21823518,1297,35,0,0
21912982,1188,39,0,1,21862779,1309,145,0,0
21901632,674,26,0,1,21874968,1071,32,0,0
21854165,1447,55,0,2,21819252,1959,43,0,0
21854610,1615,63,0,15,21848062,639,85,0,0
21873090,1173,54,0,0,21827598,1473,27,0,0
21908037,1145,83,0,6,21843030,1288,42,0,0
21809539,1076,39,0,2,21809601,1179,66,0,0
21874351,1959,34,0,1,21882203,996,77,0,0
21837264,772,57,0,3,21832342,1927,40,0,0
21836498,2110,31,0,2,21818086,1100,40,0,0
21880997,1476,16,0,3,21836588,917,25,0,0
21865211,216,54,0,0,21857020,912,30,0,0
21811844,1274,60,0,0,21913487,2602,36,0,0
21899088,1145,31,0,0,21876139,625,17,0,0
21898534,223,65,0,0,21812340,1472,25,0,0
21857733,685,55,0,4,21819469,320,56,0,0
21878491,1449,36,0,1,21867009,2375,38,0,0
21888661,284,59,0,1,21869058,1350,76,0,0
21885945,413,41,0,3,21903006,437,22,0,0
21840562,764,21,0,1,21837492,865,53,0,0
21907834,1054,39,0,2,21892046,613,30,0,0
21859769,1184,50,0,1,21862990,2136,80,0,0
21866592,2032,26,0,2,21902971,1224,15,0,0
21910430,1972,29,0,1,21859877,1818,69,0,0
21897342,1034,17,0,1,21826911,1109,51,0,0
21837496,1626,33,0,5,21881766,1617,27,0,0
21809918,1498,39,0,0,21915345,868,29,0,0
21851116,1323,51,0,2,21873489,1253,39,0,0
21817592,1316,29,0,3,21822018,707,39,0,0
21851906,1026,33,0,4,21884641,399,49,0,0
21828123,1879,65,0,4,21910061,2111,48,0,0
21890807,1692,19,0,2,21841436,744,117,0,0
21871232,1966,29,0,3,21891179,2216,49,0,0
21894165,1664,21,0,14,21814720,905,75,0,0
21853008,2409,42,0,2,21867262,1270,72,0,0
21846187,800,52,0,9,21815016,1509,52,0,0
21832534,358,82,0,2,21900809,1239,22,0,0
21845931,952,72,0,5,21900236,1904,36,0,0
21876875,962,85,0,0,21861632,1060,53,0,0
21913436,2509,46,0,5,21850736,2178,30,0,0
21815392,1020,45,0,7,21848989,766,102,0,0
21859643,1942,35,0,3,21916264,1224,35,0,0
21894017,971,64,0,0,21854361,926,61,0,0
21865896,1596,20,0,2,21850773,1727,66,0,0
21816577,1505,30,0,1,21841746,1056,40,0,0
21888300,1189,27,0,6,21822191,485,54,0,0
21853711,885,58,0,2,21864946,1120,37,0,0
21838112,2115,15,0,0,21833496,1837,58,0,0
21848325,1281,28,0,2,21848638,1140,77,0,0
21882828,1877,47,0,1,21903462,1291,14,0,0
21826664,2069,70,0,3,21878550,2139,30,0,0
21845569,1735,97,0,10,21844362,1572,52,0,0
21856015,294,50,0,3,21873248,404,50,0,0
21913327,735,63,0,0,21823515,1493,78,0,0
21839431,1129,21,0,5,21810884,1471,52,0,0
21822273,838,28,0,0,21816739,441,40,0,0
21905576,624,69,0,0,21845986,1485,77,0,0
21882513,1106,36,0,5,21854355,1123,26,0,0
21862351,741,38,0,3,21834870,630,50,0,0
21815157,939,60,0,0,21855575,2038,29,0,0
21835985,734,82,0,1,21899542,1850,44,0,0
21884211,1091,31,0,0,21854305,2110,90,0,0
21898465,1295,34,0,2,21829253,681,28,0,0
21867622,614,43,0,0,21905767,1188,70,0,0
21916817,841,23,0,0,21875230,461,42,0,0
21883974,754,99,0,0,21875701,959,44,0,0
21830705,989,21,0,2,21836573,254,31,0,0
21853125,1247,58,0,3,21822708,1816,63,0,0
21910214,2144,68,0,1,21917662,1710,39,0,0
21846739,626,39,0,2,21896892,608,68,0,0
21867359,1226,52,0,0,21860003,1906,33,0,0
21873820,2506,34,0,3,21890418,594,22,0,0
21858321,1502,29,0,2,21841213,826,38,0,0
21883426,1212,24,0,1,21827353,152,48,0,0
21916216,1672,18,0,2,21903880,2083,54,0,0
21830483,844,35,0,0,21862837,1476,50,0,0
21891605,2238,23,0,3,21910564,1622,42,0,0
21842479,1661,20,0,1,21884533,1183,19,0,0
21824145,719,34,0,1,21877286,606,38,0,0
21881393,2159,17,0,0,21870721,977,40,0,0
21858088,1958,47,0,2,21887045,1227,63,0,0
21880826,1693,48,0,0,21840974,438,58,0,0
21868380,1235,23,0,4,21818243,615,131,0,0
21859301,836,28,0,3,21899549,1402,29,0,0
21868130,1222,31,0,3,21851993,675,25,0,0
21818664,2322,23,0,11,21895870,1110,61,0,0
21875732,868,18,0,1,21868910,2342,52,0,0
21900285,1362,39,0,1,21824071,587,37,0,0
21918075,1246,35,0,4,21909496,1811,29,0,0
21862842,1607,31,0,4,21845674,1244,46,0,0
21913857,492,30,0,2,21827158,2326,36,0,0
21918764,2215,34,0,6,21900043,984,49,0,0
21848363,1509,74,0,1,21880339,724,58,0,0
21814868,852,39,0,0,21917105,1719,30,0,0
21876020,1781,85,0,10,21895785,1882,48,0,0
21894701,833,67,0,1,21823549,2308,44,0,0
21893074,1871,22,0,2,21874546,613,63,0,0
21883338,1228,43,0,6,21906314,774,38,0,0
21862780,856,55,0,6,21899660,851,60,0,0
21841449,1308,25,0,1,21894667,1055,72,0,0
21846253,878,45,0,1,21866086,1959,28,0,0
21905535,953,103,0,2,21825739,605,38,0,0
21848380,1139,27,0,0,21876368,1010,86,0,0
21828071,266,62,0,5,21916160,2043,63,0,0
21892226,431,25,0,4,21842612,1357,81,0,0
21816670,1647,47,0,5,21825159,757,35,0,0
21821846,1232,74,0,1,21820492,807,24,0,0
21910328,325,37,0,3,21840312,786,30,0,0
21861285,899,46,0,2,21890272,423,30,0,0
21852513,1348,44,0,5,21825895,1142,40,0,0
21905453,241,27,0,1,21883881,770,57,0,0
21884984,244,65,0,0,21818049,232,17,0,0
21901953,654,53,0,1,21895796,1349,115,0,0
21866875,1211,94,0,4,21862585,1137,61,0,0
21834165,800,47,0,2,21826156,2317,64,0,0
21885819,1160,77,0,1,21832504,2549,28,0,0
21833041,912,41,0,5,21861942,1081,49,0,0
21861334,632,46,0,0,21814948,1318,17,0,0
21870861,1171,43,0,0,21881425,1118,127,0,0
21816985,1329,44,0,0,21819163,1269,35,0,0
21850602,910,47,0,2,21820484,1774,54,0,0
21915776,915,29,0,5,21910579,1656,36,0,0
21844531,981,44,0,1,21885202,1157,58,0,0
21838784,1403,47,0,5,21881515,1097,33,0,0
21816706,735,87,0,3,21844435,1633,67,0,0
21878470,1590,37,0,1,21904476,2275,55,0,0
21910700,1643,62,0,2,21821211,1084,75,0,0
21906127,327,64,0,5,21894867,882,64,0,0
21835954,1433,21,0,6,21822959,2066,24,0,0
21898837,968,22,0,9,21866795,1383,71,0,0
21838992,807,29,0,2,21909360,1319,23,0,0
21870850,748,64,0,3,21863878,1370,38,0,0
21871421,1303,77,0,1,21861586,1217,49,0,0
21882486,788,23,0,3,21860974,1679,39,0,0
21831766,1150,43,0,3,21853958,1524,47,0,0
21853814,1004,37,0,3,21888783,2035,42,0,0
21895312,977,54,0,5,21839445,1674,40,0,0
21893649,1282,44,0,5,21848663,1519,30,0,0
21843874,1033,40,0,2,21913846,1254,53,0,0
21880683,1687,27,0,1,21849752,580,51,0,0
21870681,1259,23,0,0,21858311,1164,55,0,0
21882648,380,43,0,3,21869324,1258,29,0,0
21881985,1167,141,0,2,21856918,1710,24,0,0
21843637,162,84,0,5,21897742,2062,16,0,0
21866943,427,16,0,2,21911647,906,58,0,0
21884690,1489,74,0,0,21820750,676,35,0,0
21842274,1034,26,0,3,21836105,310,21,0,0
21847612,956,23,0,1,21841083,1187,47,0,0
21862746,873,63,0,4,21830699,751,48,0,0
21863898,1242,28,0,4,21881658,2054,15,0,0
21912944,1170,86,0,0,21906787,939,25,0,0
21869052,1408,30,0,3,21880390,1342,45,0,0
21887954,914,88,0,0,21833945,700,29,0,0
21873304,1055,42,0,4,21905778,2119,36,0,0
21826685,1249,41,0,2,21899502,943,71,0,0
21842894,2151,45,0,9,21839459,727,15,0,0
21872231,430,16,0,2,21906803,1770,119,0,0
21910482,1805,28,0,3,21873633,1146,27,0,0
21892771,1332,78,0,2,21871467,373,52,0,0
21862099,1042,27,0,2,21847316,605,37,0,0
21850888,1266,53,0,2,21914688,1880,64,0,0
21922250,1557,63,0,4,21910999,1058,88,0,0
21842778,572,24,0,2,21823033,1149,55,0,0
21920400,1644,33,0,0,21853693,2293,60,0,0
21895021,1118,17,0,0,21889204,1531,67,0,0
21823224,654,84,0,5,21858399,516,171,0,0
21826013,1866,29,0,2,21885687,1539,38,0,0
21832589,2557,48,0,2,21840276,1399,69,0,0
21868764,1057,36,0,0,21885714,948,23,0,0
21830742,1663,60,0,3,21860791,1550,101,0,0
21888935,674,29,0,1,21824590,1410,17,0,0
21868352,921,46,0,2,21863116,993,65,0,0
21850785,759,33,0,1,21895008,478,30,0,0
21832968,2198,42,0,1,21893758,305,57,0,0
21911983,1500,41,0,0,21923990,997,50,0,0
21888167,2477,24,0,4,21888649,649,29,0,0
21842744,1391,27,0,9,21909466,1376,61,0,0
21900513,951,30,0,2,21864906,449,117,0,0
21863204,1466,24,0,9,21830069,1349,71,0,0
21897909,1603,28,0,0,21853634,2639,35,0,0
21890360,595,189,0,4,21879807,1398,41,0,0
21868718,139,87,0,3,21858567,1103,63,0,0
21878602,1011,79,0,1,21863790,840,28,0,0
21851099,1813,23,0,5,21883016,2162,23,0,0
21825298,1319,36,0,1,21906257,1178,41,0,0
21886275,1482,75,0,2,21915115,432,48,0,0
21874600,903,37,0,2,21870126,370,26,0,1
21849394,759,77,0,1,21834625,1481,84,0,0
21896876,1675,36,0,0,21877152,1927,24,0,0
21910883,1330,27,0,1,21838162,1265,44,0,0
21851033,1778,29,0,1,21860110,1568,83,0,0
21824917,654,30,0,0,21824750,1095,35,0,0
21908893,1147,38,0,3,21898029,1531,39,0,0
21902900,517,58,0,1,21918660,839,57,0,0
21850144,1642,89,0,1,21895236,2113,45,0,0
21863864,1613,34,0,5,21896866,1900,42,0,0
21881067,845,26,0,1,21907117,785,53,0,0
21825257,1409,56,0,0,21859245,1048,21,0,0
21848923,328,66,0,2,21900645,1148,70,0,0
21835183,1131,31,0,0,21845297,831,81,0,0
21918318,407,31,0,7,21846160,1407,39,0,0
21846455,1167,53,0,9,21871970,1264,29,0,0
21883468,1089,29,0,11,21849213,1456,22,0,0
21917481,1394,51,0,1,21862347,1996,42,0,0
21830001,1359,74,0,4,21858596,1391,89,0,0
21852959,702,76,0,7,21909340,981,41,0,0
21857964,1048,15,0,4,21919674,1124,55,0,0
21878225,1376,37,0,16,21884220,2205,36,0,0
21836994,1435,46,0,2,21919252,1349,39,0,0
21863691,293,49,0,2,21899519,954,44,0,0
21920936,1038,56,0,1,21830852,1373,61,0,0
21908032,563,44,0,2,21827459,1205,28,0,0
21846137,434,64,0,1,21923364,2007,40,0,0
21836972,1650,41,0,0,21885543,1108,51,0,0
21871190,397,53,0,0,21846706,1039,27,0,0
21848075,2136,49,0,4,21873620,1425,31,0,0
21860640,710,26,0,0,21847274,1098,39,0,0
21900228,1690,28,0,1,21840126,293,26,0,0
21825567,1395,67,0,0,21870286,1505,34,0,0
21901955,996,27,0,8,21837811,820,54,0,0
21832883,693,48,0,0,21899341,2142,70,0,0
21908716,1242,47,0,1,21863745,848,27,0,0
21852824,837,50,0,0,21907122,494,55,0,0
21910026,1693,44,0,1,21857041,1089,54,0,0
21912274,2215,38,0,0,21921280,1676,77,0,0
21839102,2254,38,0,1,21925750,1207,56,0,0
21885471,182,34,0,1,21872732,493,18,0,0
21849336,1398,65,0,5,21898382,870,29,0,0
21890976,1097,40,0,1,21857452,283,49,0,1
21831595,1584,72,0,3,21926091,1602,25,0,0
21859109,621,54,0,1,21825138,1898,32,0,0
21898655,1759,13,0,0,21922310,360,53,0,0
21870391,2090,70,0,2,21858459,708,34,0,0
21907524,1263,31,0,1,21848315,1484,70,0,0
21852956,1752,51,0,5,21898894,1667,51,0,0
21878441,1883,72,0,1,21877795,1061,20,0,0
21837026,1363,47,0,5,21874446,654,24,0,0
21827602,648,33,0,3,21874767,2380,22,0,0
21865437,1616,33,0,1,21923221,1425,42,0,0
21819080,2368,91,0,1,21877066,889,65,0,0
21844340,1152,63,0,7,21924959,1180,75,0,0
21824263,1031,76,0,5,21840856,1449,29,0,0
21820137,613,65,0,8,21921147,1000,56,0,0
21853032,538,33,0,0,21831761,122,147,0,0
21874925,1280,25,0,1,21848433,1105,29,0,0
21866433,974,82,0,1,21900736,1013,40,0,0
21900899,1145,18,0,1,21849153,209,34,0,0
21908230,627,42,0,3,21833002,660,94,0,0
21882444,1300,51,0,5,21918507,745,28,0,0
21862310,1717,46,0,2,21844471,1693,18,0,0
21889422,1650,49,0,0,21923625,2062,27,0,0
21884321,1297,28,0,1,21863011,2254,20,0,0
21832811,1981,55,0,1,21903728,372,91,0,0
21827442,1750,63,0,4,21826811,950,57,0,0
21855108,580,60,0,0,21847927,727,67,0,0
21907025,1566,50,0,2,21924278,621,71,0,0
21829444,1292,58,0,3,21898695,1393,49,0,0
21872320,1394,32,0,0,21907761,323,22,0,0
21900099,1392,22,0,1,21831671,677,62,0,0
21916033,921,44,0,3,21855679,1907,41,0,0
21864184,1066,40,0,0,21927495,2050,44,0,0
21857903,1154,179,0,2,21861087,768,76,0,0
21889803,416,41,0,2,21911689,1665,39,0,0
21896374,996,34,0,4,21837740,638,27,0,0
21911849,2030,47,0,0,21887536,1667,58,0,0
21863036,893,39,0,0,21894699,2330,27,0,0
21884345,854,29,0,2,21897576,1343,41,0,1
21860300,2113,30,0,0,21916924,1195,88,0,0
21893323,973,35,0,2,21826896,1414,88,0,0
21915993,813,22,0,0,21848147,686,13,0,0
21917452,1120,84,0,5,21890279,772,31,0,0
21837885,576,35,0,2,21871079,869,85,0,0
21909652,1020,108,0,1,21839620,2670,22,0,0
21845180,984,53,0,4,21871343,684,108,0,0
21885275,313,46,0,0,21923739,1154,66,0,0
21822156,742,41,0,1,21873394,123,31,0,0
21835108,1396,54,0,7,21838733,875,51,0,0
21859527,1110,29,0,0,21885090,1554,73,0,0
21898013,1399,16,0,9,21827686,1328,87,0,0
21846061,784,72,0,3,21901200,1638,62,0,0
21837232,874,65,0,3,21901687,1791,35,0,0
21853091,1034,27,0,1,21857449,1596,49,0,0
21859570,236,44,0,1,21893441,2559,37,0,0
21922328,896,65,0,2,21840032,2324,17,0,0
21922931,2134,51,0,3,21868323,830,75,0,0
21861464,1272,41,0,0,21894179,724,52,0,0
21924567,1622,21,0,4,21888965,1332,50,0,0
21885072,990,77,0,0,21861879,948,74,0,0
21872013,871,71,0,7,21881906,602,16,0,0
21929605,934,51,0,1,21838886,1268,52,0,0
21870291,1619,56,0,1,21877460,1789,69,0,0
21901239,1902,24,0,6,21866269,915,46,0,0
21826893,2535,61,0,0,21830391,1398,45,0,0
21910327,1723,33,0,5,21920572,880,37,0,0
21864947,1134,40,0,1,21844983,1218,28,0,0
21855299,1199,45,0,4,21921638,2113,56,0,0
21857401,1090,62,0,1,21853706,484,48,0,0
21841206,1699,59,0,8,21880206,1952,26,0,0
21912967,639,30,0,5,21868491,1251,94,0,0
21854889,359,64,0,2,21829696,1406,69,0,0
21846855,964,40,0,1,21907094,1137,40,0,0
21869382,2541,26,0,2,21876767,1510,52,0,0
21909605,1348,31,0,4,21894421,914,66,0,0
21828969,2513,35,0,3,21890186,935,40,0,0
21852359,738,57,0,0,21910856,1352,44,0,0
21868453,787,27,0,5,21930411,1199,51,0,0
21902086,2154,20,0,0,21893507,601,37,0,0
21859269,566,22,0,3,21896057,729,23,0,0
21878248,1241,30,0,0,21875379,748,36,0,0
21830063,1391,35,0,2,21926901,811,55,0,0
21837324,1077,19,0,0,21885541,376,41,0,0
21861651,2274,44,0,0,21873950,1180,71,0,0
21891871,1658,51,0,2,21848985,957,71,0,0
21904358,782,78,0,0,21888716,2557,30,0,0
21889579,588,60,0,2,21822695,879,58,0,0
21837386,1154,20,0,7,21846727,1207,66,0,0
21902009,1441,81,0,0,21904828,1824,34,0,0
21916210,1585,113,0,3,21880738,835,19,0,0
21867573,1847,47,0,4,21931738,951,52,0,0
21831326,1627,32,0,3,21913622,1337,46,0,0
21841226,1571,12,0,2,21831578,516,29,0,0
21849781,769,60,0,2,21827061,643,63,0,0
21849749,1259,45,0,8,21880428,1989,30,0,0
21863640,1465,68,0,0,21908049,1678,23,0,0
21839631,867,21,0,1,21866904,513,42,0,0
21860957,1344,20,0,0,21910281,730,82,0,0
21905151,1465,24,0,3,21843919,1543,20,0,0
21859129,621,53,0,4,21873926,580,49,0,0
21857473,703,47,0,4,21831880,1466,72,0,0
21891271,971,17,0,0,21860789,616,46,0,0
21852703,964,41,0,2,21878599,1633,41,0,0
21859673,1113,48,0,0,21868486,445,36,0,0
21830463,789,40,0,2,21834024,1493,38,0,0
21929338,1235,40,0,1,21899094,1164,61,0,0
21872240,1478,52,0,3,21833321,722,51,0,0
21882990,1627,31,0,1,21901655,423,45,0,0
21866355,589,37,0,3,21833249,1821,26,0,0
21887648,711,44,0,3,21884407,1270,45,0,0
21902911,862,86,0,2,21829587,1239,16,0,0
21849000,1360,45,0,4,21924527,2069,22,0,0
21889205,1268,59,0,0,21871587,1118,35,0,0
21932412,2240,43,0,3,21830306,2370,33,0,0
21834019,1353,42,0,2,21905799,1210,40,0,0
21844225,1305,62,0,0,21873285,1117,51,0,0
21860513,1884,26,0,1,21906393,573,149,0,0
21895266,748,36,0,1,21915334,543,31,0,0
21905842,1818,28,0,1,21859977,787,42,0,0
21878921,969,30,0,2,21840843,1935,43,0,0
21880223,864,60,0,1,21884108,620,70,0,0
21913200,600,40,0,1,21893124,993,66,0,0
21828267,2195,38,0,1,21912497,137,66,0,0
21920125,820,83,0,2,21878209,978,33,0,0
21840618,1584,35,0,2,21836599,1629,67,0,0
21900275,2148,91,0,6,21926930,1419,71,0,0
21910698,2178,27,0,0,21870473,1360,42,0,0
21920858,1721,101,0,1,21842188,1687,53,0,0
21860819,1430,39,0,1,21886908,242,47,0,0
21930493,693,81,0,4,21915950,585,60,0,0
21842841,774,23,0,2,21850043,1130,64,0,0
21929095,665,31,0,10,21888597,218,18,0,0
21833843,535,32,0,1,21857067,598,26,0,0
21894849,1201,42,0,1,21881361,428,27,0,0
21870133,631,43,0,2,21922423,1320,25,0,0
21844366,745,47,0,3,21862747,882,65,0,0
21892522,1954,39,0,0,21906942,1449,44,0,0
21831531,1634,91,0,1,21850376,2341,63,0,0
21841610,896,60,0,0,21865101,1530,48,0,0
21854482,257,41,0,0,21916793,1132,64,0,0
21885827,867,96,0,1,21866841,2580,51,0,0
21885592,1901,26,0,0,21830700,1486,23,0,0
21934130,1484,26,0,0,21843111,2519,26,0,0
21843314,1670,46,0,20,21928167,1771,64,0,0
21934864,2597,20,0,1,21896122,1464,51,0,0
21913015,1749,22,0,1,21923231,1875,32,0,0
21828735,1016,63,0,5,21872138,605,92,0,0
21887084,1606,22,0,5,21903449,1184,161,0,0
21872534,1589,39,0,0,21873312,1562,20,0,0
21890200,773,64,0,3,21864573,1123,45,0,0
21893516,1245,79,0,4,21883933,1101,23,0,0
21881765,707,61,0,1,21851507,1306,57,0,0
21905275,2238,33,0,4,21900841,1389,25,0,0
21849066,716,56,0,1,21857688,1219,28,0,0
21890550,988,29,0,1,21862519,1967,50,0,0
21904275,449,26,0,6,21900472,1206,58,0,0
21881141,2114,58,0,1,21897280,667,13,0,0
21905942,1852,45,0,2,21856586,1332,53,0,0
21913206,834,31,0,4,21856640,1027,39,0,0
21830012,1079,43,0,2,21851536,1677,28,0,1
21865660,953,18,0,1,21908896,1167,52,0,0
21835390,906,26,0,0,21875078,2480,52,0,0
21874074,1698,74,0,1,21841012,394,50,0,0
21854925,1767,60,0,0,21863421,2074,46,0,0
21898995,1327,24,0,1,21834920,1963,71,0,0
21843941,1306,49,0,1,21895294,1294,45,0,0
21860697,1107,35,0,0,21852782,455,32,0,0
21901998,491,58,0,1,21871441,1601,72,0,0
21836090,592,85,0,0,21844827,906,32,0,0
21837193,1060,47,0,1,21906237,267,19,0,0
21867212,1890,43,0,1,21856021,1173,24,0,0
21905839,1448,72,0,1,21834520,388,51,0,0
21861777,1013,177,0,1,21926788,638,57,0,0
21857528,1786,43,0,4,21832961,971,24,0,0
21930976,755,84,0,3,21843997,1208,19,0,0
21902087,2387,31,0,2,21927810,2325,30,0,0
21855013,1856,32,0,2,21863438,2071,51,0,0
21918600,441,64,0,3,21874282,831,26,0,0
21875450,676,35,0,0,21890260,1198,50,0,0
21852302,842,40,0,4,21869899,830,35,0,0
21910151,2494,25,0,1,21891563,730,117,0,0
21828466,893,34,0,2,21837596,649,43,0,0
21846133,998,19,0,1,21866856,860,49,0,0
21836630,1320,61,0,2,21934386,632,50,0,0
21922670,717,32,0,1,21913737,1030,25,0,0
21869628,474,185,0,4,21925979,1203,49,0,0
21846962,229,32,0,4,21845941,660,31,0,0
21839630,784,39,0,1,21869188,1511,46,0,0
21869388,1748,46,0,2,21878193,728,37,0,0
21898676,1131,23,0,1,21840704,1944,61,0,0
21905070,505,45,0,0,21911912,1343,18,0,0
21842426,1542,29,0,1,21878964,436,82,0,0
21888926,777,34,0,3,21847828,2220,75,0,0
21885498,1554,67,0,0,21914665,1197,49,0,0
21828288,439,32,0,1,21870882,1427,36,0,0
21863412,1226,47,0,1,21922196,672,35,0,0
21904159,232,53,0,4,21858392,1615,26,0,0
21879265,2335,108,0,4,21828525,876,32,0,0
21926912,1366,33,0,4,21832285,1227,64,0,0
21866113,1196,25,0,0,21869162,1133,15,0,0
21891126,909,9,0,8,21911105,1497,43,0,0
21870219,1771,38,0,5,21835355,1722,18,0,0
21858255,565,30,0,1,21832842,2191,37,0,0
21831200,1267,46,0,0,21828951,1288,32,0,0
21912092,887,31,0,3,21848343,1510,32,0,0
21932386,2376,35,0,3,21933014,1701,48,0,0
21923694,1371,20,0,4,21928545,2345,39,0,0
21906896,1825,57,0,1,21910522,1253,28,0,0
21918692,653,54,0,0,21915292,889,56,0,0
21913331,956,52,0,0,21886428,297,64,0,0
21936719,850,47,0,2,21934204,1147,71,0,0
21857778,1149,68,0,7,21934497,2041,48,0,0
21916132,2474,62,0,5,21923089,1590,34,0,0
21876604,1761,34,0,2,21918133,757,75,0,0
21840815,1120,20,0,1,21895568,1797,31,0,0
21851372,2485,80,0,0,21860628,715,31,0,0
21841696,953,32,0,3,21833939,1015,102,0,0
21898561,1869,27,0,3,21917540,536,79,0,0
21841768,1162,40,0,0,21905944,2039,54,0,0
21939498,508,53,0,1,21871683,2168,21,0,0
21937076,665,37,0,2,21878937,1138,48,0,0
21879987,2417,22,0,1,21922472,704,63,0,0
21839783,1353,57,0,6,21919065,1275,32,0,0
21857133,968,123,0,2,21884903,714,32,0,0
21922347,628,136,0,3,21933427,2111,52,0,0
21859520,1251,55,0,3,21907815,1347,31,0,0
21894229,1206,27,0,0,21879703,762,44,0,0
21865685,901,90,0,6,21853406,1710,33,0,0
21874210,1005,36,0,0,21859310,690,38,0,0
21852311,1681,33,0,3,21861438,535,89,0,0
21870013,1252,22,0,2,21842199,744,53,0,0
21878426,685,27,0,0,21840993,711,87,0,0
21920973,1761,51,0,1,21916435,610,71,0,0
21888362,741,109,0,4,21888584,1821,48,0,0
21837082,2139,52,0,7,21885923,1159,73,0,0
21835690,1043,59,0,0,21924729,1367,20,0,0
21939821,1848,35,0,0,21878394,1369,37,0,0
21833669,2108,47,0,4,21927467,980,48,0,0
21932774,1540,40,0,4,21867240,1267,48,0,0
21839231,1705,36,0,4,21850272,1063,60,0,0
21894547,1363,26,0,7,21855447,1428,52,0,0
21836662,1210,17,0,1,21917492,360,22,0,0
21868231,1969,22,0,3,21928839,2054,30,0,0
21888182,1886,65,0,2,21857601,826,49,0,0
21867551,551,30,0,2,21935348,1094,108,0,0
21847356,1091,46,0,3,21928239,1174,73,0,0
21874854,1965,36,0,2,21874071,951,43,0,0
21907284,2543,38,0,2,21881729,532,31,0,0
21933441,294,38,0,4,21928503,886,19,0,0
21848687,2091,42,0,2,21858699,1139,33,0,0
21877249,2152,19,0,2,21857581,1935,58,0,0
21867008,967,19,0,4,21886297,156,62,0,0
21890157,1864,36,0,0,21839848,596,193,0,0
21938995,833,28,0,4,21852103,1067,32,0,0
21850913,934,28,0,2,21924443,2413,35,0,0
21864068,916,79,0,2,21869434,936,60,0,0
21935444,1128,41,0,2,21865813,1717,67,0,0
21839301,2584,60,0,0,21894326,2021,22,0,0
21882811,651,41,0,0,21910238,1456,63,0,0
21906889,1271,83,0,1,21915193,1626,55,0,0
21885762,991,29,0,1,21936694,1652,12,0,0
21861027,1690,42,0,1,21930071,1056,28,0,0
21939103,301,86,0,4,21860705,1161,65,0,0
21909760,1503,74,0,0,21892092,1114,25,0,0
21867437,1044,41,0,5,21859854,1689,17,0,0
21835950,1200,41,0,2,21923011,1673,30,0,0
21885912,756,49,0,3,21872032,1694,22,0,0
21840770,2246,28,0,1,21898805,1122,68,0,0
21913670,1058,77,0,6,21897941,343,84,0,0
21838329,798,42,0,7,21923545,1218,19,0,0
21905220,1138,33,0,3,21849203,739,63,0,0
21850770,1485,37,0,1,21891656,1646,61,0,0
21890068,1130,65,0,0,21846907,1005,39,0,0
21889933,1598,41,0,0,21865408,692,54,0,0
21907000,877,33,0,7,21883799,1346,72,0,0
21907673,1220,57,0,2,21864233,1731,47,0,0
21939338,1344,62,0,2,21916274,1128,48,0,0
21919201,763,63,0,4,21906224,825,56,0,0
21888341,1645,44,0,6,21854341,1768,36,0,0
21881248,540,73,0,1,21849353,1130,24,0,0
21937441,618,47,0,5,21890274,2433,58,0,0
21888059,1794,23,0,4,21941278,722,54,0,0
21928583,1210,33,0,6,21933695,1222,41,0,0
21865282,314,24,0,3,21842400,1872,39,0,0
21891090,1329,42,0,2,21921519,409,54,0,0
21866971,1086,24,0,2,21881371,1655,62,0,0
21875858,1118,35,0,4,21938898,1374,37,0,0
21928159,1115,81,0,3,21894559,745,49,0,0
21857842,1842,35,0,1,21874635,1188,22,0,0
21863709,1978,42,0,2,21849596,887,24,0,0
21929519,300,48,0,1,21937991,2008,120,0,0
21933125,1117,32,0,3,21903520,2142,22,0,0
21836296,1107,29,0,0,21856328,1207,44,0,0
21842898,1727,24,0,0,21939840,886,45,0,0
21929731,1379,54,0,2,21925992,521,93,0,0
21916690,159,51,0,1,21940168,1616,32,0,0
21852516,980,75,0,4,21867420,2094,21,0,0
21850280,1991,36,0,0,21886971,1306,65,0,0
21898115,1607,50,0,2,21926366,1224,27,0,0
21894440,1126,20,0,0,21862713,1412,37,0,0
21861864,1183,20,0,0,21869645,1314,60,0,0
21844033,1932,82,0,1,21869676,375,27,0,0
21917899,1296,26,0,1,21895481,1371,35,0,0
21927284,449,42,0,1,21922276,804,35,0,0
21844957,1010,64,0,1,21889037,695,23,0,0
21848056,118,78,0,0,21848246,2055,33,0,0
21849338,125,37,0,1,21868047,558,19,0,0
21894222,1721,65,0,1,21860933,1258,53,0,0
21855172,1430,36,0,2,21881277,1713,36,0,0
21907790,996,82,0,2,21875887,1225,27,0,0
21865745,851,43,0,1,21931356,1004,55,0,0
21932062,798,34,0,2,21863446,713,55,0,0
21933821,425,27,0,1,21887354,1332,79,0,0
21920524,1054,45,0,0,21891262,603,26,0,0
21890375,702,32,0,1,21928948,623,52,0,0
21877107,558,73,0,0,21882030,1356,181,0,0
21854858,842,15,0,2,21868712,1097,64,0,0
21930499,507,35,0,3,21900699,876,65,0,0
21837118,778,41,0,2,21848232,2056,54,0,0
21945319,1665,57,0,1,21834708,471,52,0,0
21882246,2238,25,0,0,21870677,539,60,0,0
21854693,2170,29,0,7,21902062,1031,32,0,0
21913883,693,46,0,3,21901042,1150,33,0,0
21880586,1040,53,0,3,21869431,1156,39,0,0
21936073,1445,76,0,2,21888050,1895,36,0,0
21840870,808,655,0,0,21908020,719,30,0,0
21876034,1486,64,0,4,21878829,1124,22,0,0
21932288,1490,37,0,4,21858074,207,30,0,0
21850098,453,28,0,10,21868753,964,85,0,0
21933369,1177,50,0,0,21937455,751,38,0,0
21939675,1171,55,0,3,21875189,1853,60,0,0
21850085,1149,22,0,3,21855876,359,76,0,0
21855731,2159,75,0,1,21871489,1732,34,0,0
21855512,1811,44,0,1,21866467,1003,57,0,0
21840689,970,39,0,5,21918654,2291,47,0,0
21875850,1264,22,0,0,21909867,317,55,0,0
21917922,1857,47,0,5,21873603,1221,32,0,0
21885247,1910,37,0,2,21839775,2253,46,0,0
21843251,1645,38,0,2,21843150,1310,45,0,0
21843979,1466,23,0,0,21937479,1464,48,0,0
21933926,1485,53,0,1,21858103,1594,46,0,0
21869435,662,80,0,2,21929109,1820,44,0,0
21919655,1054,28,0,1,21933792,1471,54,0,0
21945058,800,82,0,1,21913927,1055,39,0,0
21841287,963,87,0,0,21932227,1411,22,0,0
21940276,1365,50,0,1,21860942,1310,40,0,0
21935765,1227,40,0,2,21866670,1149,29,0,0
21887027,2197,29,0,0,21854570,2409,31,0,0
21877925,886,50,0,2,21893980,592,28,0,0
21855474,699,89,0,0,21860410,1064,32,0,0
21847821,1876,40,0,4,21866112,1644,87,0,0
21922450,1019,38,0,0,21869996,1107,28,0,0
21880173,934,69,0,0,21894975,1487,43,0,0
21932364,1579,95,0,3,21946290,1672,103,0,0
21839684,1756,17,0,0,21906383,664,26,0,0
21884318,1566,72,0,1,21843743,1551,34,0,0
21861593,707,26,0,1,21840278,801,52,0,0
21850608,1618,65,0,0,21891728,1310,47,0,0
21881298,1360,44,0,2,21852058,604,17,0,0
21872307,1297,38,0,3,21939958,414,40,0,0
21880332,2174,36,0,7,21890720,1132,67,0,0
21845887,1590,23,0,0,21932998,884,80,0,0
21929017,684,48,0,4,21917835,484,61,0,0
21856749,755,77,0,6,21880864,922,28,0,0
21870887,117,67,0,0,21930409,1645,46,0,0
21881184,2118,41,0,3,21847998,1294,75,0,0
21885739,821,29,0,4,21874844,1107,31,0,0
21907896,125,60,0,6,21938859,1603,84,0,0
21847020,2101,23,0,3,21935668,1869,34,0,0
21946773,1172,51,0,1,21888230,1482,21,0,0
21917218,1590,70,0,0,21839162,1764,75,0,0
21850864,1850,28,0,2,21873785,1504,65,0,0
21840914,1534,28,0,4,21876517,1321,31,0,0
21873593,1398,24,0,2,21870144,511,74,0,0
21870622,935,54,0,9,21850855,708,80,0,0
21921832,1079,100,0,3,21910776,1936,63,0,0
21890766,1665,91,0,4,21916552,1936,29,0,0
21862946,660,70,0,1,21897954,1241,77,0,0
21846108,1313,38,0,2,21937356,1658,57,0,0
21910984,1388,93,0,0,21867614,938,109,0,0
21892775,1372,25,0,3,21900954,1814,20,0,0
21878332,375,42,0,3,21847192,1668,32,0,0
21909837,782,18,0,2,21888158,1063,44,0,0
21895707,1912,53,0,3,21940376,1712,46,0,0
21910684,467,89,0,2,21869551,1155,40,0,0
21901555,1137,27,0,3,21888907,1225,43,0,0
21914779,860,21,0,1,21854461,1229,67,0,0
21856017,1680,68,0,2,21859037,1809,64,0,0
21868046,251,66,0,3,21845012,1615,173,0,0
21942716,1106,33,0,1,21921987,213,123,0,0
21909097,2416,31,0,1,21901206,2105,59,0,0
21909647,1645,39,0,2,21884337,1299,33,0,0
21842381,1216,43,0,2,21851947,1563,17,0,0
21893226,1617,58,0,0,21909147,522,74,0,0
21871217,2416,23,0,0,21880499,519,52,0,0
21897787,2233,52,0,3,21932272,1867,47,0,0
21885780,2040,30,0,1,21867302,1000,43,0,0
21883154,1976,57,0,1,21876025,865,45,0,0
21907550,1075,37,0,3,21846885,911,44,0,0
21939643,1217,53,0,1,21910363,1703,68,0,0
21857653,1104,16,0,7,21878702,1678,38,0,0
21938985,1043,47,0,1,21907918,1786,45,0,0
21841927,1872,33,0,0,21857391,1173,36,0,0
21877322,1468,19,0,0,21849289,617,53,0,0
21883282,782,52,0,1,21857313,479,53,0,0
21947707,1201,64,0,0,21883740,1442,28,0,0
21884446,1690,33,0,0,21906297,1018,25,0,0
21897549,135,39,0,1,21936357,845,55,0,0
21869264,1453,56,0,1,21925562,945,29,0,0
21844287,879,18,0,1,21839344,2162,17,0,0
21949669,1283,43,0,3,21882316,1712,42,0,0
21937371,2162,26,0,0,21878752,1178,56,0,0
21872763,1461,48,0,2,21950202,328,23,0,0
21866416,1652,18,0,6,21905187,1135,48,0,0
21840813,454,44,0,4,21940775,941,43,0,0
21887664,966,19,0,3,21898334,421,21,0,0
21882998,1676,67,0,12,21939340,1315,48,0,0
21889782,1042,57,0,2,21848202,907,25,0,0
21906792,1196,20,0,4,21885934,1616,23,0,0
21851781,961,38,0,1,21870158,738,22,0,0
21892017,1430,39,0,5,21839910,221,27,0,0
21891654,1221,60,0,1,21889697,998,22,0,0
21914967,922,73,0,0,21839836,474,42,0,0
21863543,685,62,0,1,21873306,1952,26,0,0
21880299,2170,20,0,2,21934832,894,69,0,0
21844825,2569,46,0,6,21935242,2331,73,0,0
21933848,1632,39,0,1,21897222,1139,71,0,0
21848821,1779,22,0,2,21954032,1351,55,0,0
21893239,1164,45,0,5,21877242,1798,103,0,0
21863278,768,16,0,2,21857247,1621,12,0,0
21908286,1117,28,0,3,21845412,1353,19,0,0
21857557,259,104,0,0,21863257,1351,12,0,0
21855767,1196,68,0,0,21925522,254,35,0,0
21874983,1659,42,0,1,21859167,1561,43,0,0
21848887,831,47,0,4,21878654,2385,43,0,0
21940815,1038,42,0,0,21939518,1798,35,0,0
21918595,1054,73,0,0,21921040,1343,21,0,0
21880460,356,37,0,1,21904283,1686,32,0,0
21872888,1936,40,0,0,21842661,1349,40,0,0
21955563,373,45,0,3,21896126,679,40,0,0
21872776,1995,31,0,3,21857092,1530,36,0,0
21897743,781,20,0,5,21874944,254,50,0,0
21923568,1499,49,0,7,21867364,942,92,0,0
21869234,1130,51,0,2,21919264,1249,25,0,0
21941419,1548,45,0,0,21901767,1016,52,0,0
21945539,1047,97,0,2,21874928,1899,13,0,0
21867593,1691,43,0,0,21855162,616,41,0,0
21907171,618,29,0,3,21934145,1380,17,0,0
21872979,2587,30,0,2,21877907,1635,48,0,0
21843154,1650,29,0,1,21910267,1792,45,0,0
21863834,1036,47,0,0,21930156,2054,47,0,0
21939155,1286,62,0,3,21893051,1330,9,0,0
21955865,351,68,0,1,21951329,1661,74,0,0
21859904,1150,133,0,1,21891669,1134,33,0,0
21925671,1357,44,0,0,21903342,655,19,0,0
21918244,1190,36,0,2,21904569,1784,42,0,0
21865255,1253,43,0,2,21879727,2040,40,0,0
21864477,735,33,0,5,21932680,1427,23,0,0
21857706,614,56,0,0,21870136,1920,65,0,0
21920558,883,45,0,8,21867013,261,56,0,0
21861690,1610,26,0,5,21944579,1467,52,0,0
21915970,878,34,0,0,21938534,1483,18,0,0
21926327,819,57,0,1,21869787,867,37,0,0
21865918,408,57,0,2,21891895,1235,44,0,0
21907807,938,29,0,5,21899887,2167,75,0,0
21901141,1523,46,0,0,21841403,2360,21,0,0
21912282,1757,36,0,1,21867621,2361,34,0,0
21937227,906,38,0,0,21860236,869,79,0,0
21863097,1494,41,0,1,21888403,1585,50,0,0
21850576,1730,36,0,2,21911863,1366,47,0,0
21874864,516,43,0,5,21862605,231,34,0,0
21886213,2237,76,0,0,21897228,369,67,0,0
21890470,1445,105,0,0,21931750,1938,41,0,0
21874896,1436,29,0,7,21907269,1025,40,0,0
21943151,2584,17,0,1,21877639,1522,26,0,0
21894089,1682,80,0,2,21872972,1213,61,0,0
21932696,1355,39,0,1,21852433,725,53,0,0
21856398,834,56,0,3,21874897,1192,26,0,0
21901616,950,51,0,7,21871626,601,57,0,0
21943881,1264,71,0,0,21924484,394,61,0,0
21843748,1247,60,0,4,21923264,2054,45,0,0
21865130,1962,33,0,1,21920152,1217,20,0,0
21933507,1065,52,0,7,21881123,259,46,0,0
21890892,1606,35,0,3,21919976,1964,61,0,0
21929541,1322,25,0,4,21910456,2252,24,0,0
21900217,1064,56,0,7,21867852,1408,53,0,0
21897110,1012,45,0,1,21924171,807,18,0,0
21848395,797,17,0,6,21899894,993,43,0,0
21874754,1572,26,0,0,21863220,987,91,0,0
21911133,1215,46,0,4,21842623,451,20,0,0
21885957,1252,29,0,0,21879219,1236,48,0,0
21918174,609,57,0,0,21907955,2206,37,0,0
21907439,2447,32,0,0,21859423,1378,23,0,0
21886574,338,16,0,1,21938921,1405,45,0,0
21852471,1196,21,0,0,21867419,542,38,0,0
21861084,556,66,0,2,21846656,2264,55,0,0
21924224,1303,18,0,4,21914840,1121,55,0,0
21875686,711,60,0,0,21859473,706,38,0,0
21886317,1129,42,0,1,21891446,1088,42,0,0
21957262,1358,27,0,1,21861774,1126,35,0,0
21873425,1211,37,0,2,21909073,1228,30,0,0
21846194,1705,61,0,1,21917870,489,57,0,0
21934398,1213,59,0,3,21910094,1430,31,0,0
21933794,1084,53,0,7,21843463,900,14,0,0
21850535,374,40,0,0,21894312,2143,50,0,0
21873342,1769,34,0,4,21938440,1332,31,0,0
21914174,1409,66,0,6,21876532,1132,54,0,0
21849060,978,51,0,0,21958565,2223,65,0,0
21862311,1166,26,0,8,21866257,1501,37,0,0
21940626,807,30,0,7,21937678,1170,102,0,0
21850787,1120,56,0,2,21870379,1553,49,0,0
21960190,734,44,0,9,21934121,1783,44,0,0
21933436,1288,45,0,2,21875378,1387,38,0,0
21898882,1784,71,0,0,21888283,1292,27,0,0
21858166,692,108,0,1,21856144,1076,26,0,0
21932717,1121,36,0,1,21856250,991,28,0,0
21908452,1763,49,0,1,21848521,1150,48,0,0
21874568,1984,32,0,4,21844218,891,35,0,0
21873640,1617,103,0,1,21886650,1144,32,0,0
21958245,1430,52,0,2,21892215,2392,33,0,0
21939184,871,49,0,0,21868338,1075,62,0,0
21859474,720,61,0,3,21899113,1128,39,0,0
21904543,1407,48,0,1,21848530,692,43,0,0
21946997,1968,82,0,8,21889746,719,47,0,0
21883281,2069,49,0,4,21844099,2049,47,0,0
21960362,1759,24,0,1,21882217,670,28,0,0
21848535,1229,75,0,2,21949705,2087,30,0,0
21937426,1084,15,0,2,21890579,787,49,0,0
21912707,655,38,0,10,21862620,864,41,0,0
21919949,1391,9,0,3,21883566,1419,58,0,0
21882966,1694,62,0,1,21953055,1283,70,0,0
21939208,1010,33,0,0,21932585,1950,36,0,0
21868124,2342,61,0,1,21870567,1198,55,0,0
21938252,1487,53,0,1,21901656,1893,45,0,0
21940428,1310,27,0,11,21849123,215,48,0,0
21858354,1330,71,0,3,21891453,2567,54,0,0
21943848,551,31,0,2,21850124,1311,98,0,0
21949570,476,31,0,1,21937845,899,68,0,0
21851567,2262,57,0,2,21942160,998,44,0,0
21933793,1510,47,0,2,21860790,1433,54,0,0
21892380,605,57,0,4,21897818,837,69,0,0
21895955,1098,33,0,0,21897823,2174,25,0,0
21913926,1750,66,0,0,21924405,1157,23,0,0
21899026,1046,61,0,0,21911860,1927,57,0,0
21901350,1004,49,0,1,21939659,2025,27,0,0
21883305,1938,24,0,4,21930674,2217,26,0,0
21944677,738,83,0,5,21850771,1690,39,0,0
21877882,904,43,0,1,21860204,1135,44,0,0
21926118,2112,37,0,5,21879852,854,38,0,0
21870047,1122,64,0,3,21852630,1243,60,0,0
21891137,747,33,0,1,21943114,1713,23,0,0
21908287,661,92,0,4,21898348,1334,24,0,0
21919981,1097,88,0,0,21847283,1178,41,0,0
21871791,861,52,0,4,21933160,975,100,0,0
21910137,1516,25,0,7,21920563,434,45,0,0
21866991,1311,28,0,4,21874499,2408,15,0,0
21891822,1243,53,0,1,21856007,1635,65,0,0
21882645,1008,55,0,1,21922626,529,82,0,0
21861977,1798,35,0,2,21882091,215,32,0,0
21872226,1382,52,0,0,21923370,477,60,0,0
21909969,847,25,0,1,21926918,1167,79,0,0
21915625,1221,36,0,3,21922558,1255,30,0,0
21943372,1490,50,0,3,21933536,1614,41,0,0
21858013,1033,55,0,2,21939765,1112,33,0,0
21859401,1018,41,0,2,21901524,1829,36,0,0
21953614,1186,19,0,1,21881133,1018,46,0,0
21941644,1626,33,0,4,21877230,414,45,0,0
21930905,1107,36,0,2,21911449,623,22,0,0
21859336,2396,34,0,1,21962488,716,35,0,0
21871176,906,42,0,7,21923053,737,62,0,0
21852110,2223,53,0,1,21908740,1222,63,0,0
21921888,464,64,0,5,21913577,488,48,0,0
21850599,646,76,0,9,21846775,681,22,0,0
21885212,537,67,0,2,21964375,2115,25,0,0
21875871,1378,39,0,3,21947111,850,51,0,0
21950258,815,37,0,1,21902147,1310,31,0,0
21932028,1415,35,0,2,21858520,1803,26,0,0
21899672,1657,32,0,1,21919738,1480,87,0,0
21873635,805,20,0,2,21863732,1167,23,0,0
21953116,1057,95,0,0,21934063,2300,44,0,0
21932681,1051,41,0,1,21878455,631,35,0,0
21940021,937,24,0,0,21882167,1765,38,0,0
21905885,2108,59,0,0,21847956,1507,37,0,0
21882877,942,33,0,0,21932539,861,55,0,0
21871976,1859,56,0,2,21961024,1387,63,0,0
21939660,1720,22,0,2,21924726,2125,39,0,0
21865840,1426,78,0,1,21866817,2125,24,0,0
21934339,750,78,0,0,21878199,1032,38,0,0
21940077,816,27,0,1,21858431,835,28,0,0
21923341,1219,49,0,0,21872755,1917,45,0,0
21965142,1131,43,0,7,21901114,1218,33,0,0
21945050,1312,54,0,6,21909294,1448,47,0,0
21869571,1158,59,0,1,21904008,1069,27,0,0
21959643,500,77,0,2,21855203,1465,37,0,0
21872834,1670,22,0,1,21911283,637,90,0,0
21849050,944,42,0,0,21872850,865,15,0,0
21895731,1152,71,0,3,21902998,2136,50,0,0
21893144,1552,24,0,3,21910236,1477,57,0,0
21890823,1385,77,0,9,21882001,1670,29,0,0
21903718,580,34,0,0,21941293,512,220,0,0
21886356,613,36,0,0,21945467,586,57,0,0
21851255,1331,14,0,3,21858263,1733,66,0,0
21935095,392,26,0,11,21851770,2533,35,0,0
21865070,1276,48,0,1,21858145,2188,82,0,0
21902122,1350,38,0,0,21932391,821,32,0,0
21943730,1070,42,0,2,21905510,715,73,0,0
21850585,925,49,0,2,21891625,1633,52,0,0
21933686,440,26,0,2,21896325,755,64,0,0
21886667,637,82,0,1,21865183,845,23,0,0
21859056,1339,30,0,0,21920254,849,43,0,0
21879693,984,89,0,1,21867868,1481,50,0,0
21886550,906,50,0,3,21966684,1876,19,0,0
21938692,965,33,0,0,21877174,1543,30,0,0
21893804,2110,47,0,1,21944770,884,68,0,0
21957024,1722,39,0,3,21960577,507,32,0,0
21865358,1182,42,0,1,21859539,1569,44,0,0
21854445,1145,47,0,0,21958010,1352,83,0,0
21930666,1199,17,0,0,21862214,721,37,0,0
21870583,966,35,0,0,21919799,1744,55,0,0
21934821,1042,83,0,0,21861434,764,30,0,0
21919941,406,37,0,2,21939535,1293,23,0,0
21889626,1515,56,0,2,21922605,2227,84,0,0
21850951,1340,47,0,1,21884088,1172,16,0,0
21907533,1191,33,0,5,21882212,1250,72,0,0
21878893,1663,40,0,1,21904900,2184,37,0,0
21866457,1662,55,0,2,21854771,856,36,0,0
21935741,1154,82,0,3,21960523,614,103,0,0
21859885,1297,27,0,3,21934222,1116,59,0,0
21886208,985,52,0,1,21860049,2184,44,0,0
21868043,1815,50,0,5,21872913,2575,74,0,0
21913269,2260,28,0,2,21968699,818,58,0,0
21898711,630,45,0,5,21870565,913,34,0,0
21874285,1908,38,0,6,21959108,1199,59,0,0
21856957,696,66,0,6,21875705,2090,117,0,0
21853449,1511,45,0,5,21870767,1379,36,0,0
21856065,1199,48,0,2,21909823,1142,24,0,0
21864328,2169,65,0,2,21952295,1072,33,0,0
21910453,1645,76,0,3,21862044,1721,84,0,0
21922098,1494,40,0,0,21873366,1498,45,0,0
21875350,1422,32,0,1,21860184,1578,39,0,0
21885433,797,54,0,0,21855814,1615,48,0,0
21968192,1416,71,0,2,21885520,1789,53,0,0
21918473,1476,46,0,1,21906270,1712,49,0,0
21956445,682,54,0,5,21943262,1276,45,0,0
21863936,457,55,0,1,21878054,1154,37,0,0
21940121,732,43,0,1,21922349,506,22,0,0
21853167,1131,52,0,1,21941514,1108,48,0,0
21861121,2456,26,0,4,21954998,969,40,0,0
21931791,624,61,0,1,21895376,780,34,0,0
21926821,717,28,0,6,21861449,850,44,0,0
21872619,491,36,0,0,21950440,1367,29,0,0
21956259,1341,25,0,2,21867421,2535,39,0,0
21925142,1034,47,0,1,21877540,1297,16,0,0
21923596,1035,45,0,0,21956206,2185,38,0,0
21929227,827,52,0,0,21921894,2345,33,0,0
21952546,1500,26,0,1,21869658,1194,51,0,0
21854054,599,36,0,1,21893906,1843,27,0,0
21931913,1293,40,0,0,21881693,1811,22,0,0
21890433,876,85,0,0,21880174,860,49,0,0
21933028,528,21,0,2,21951413,1438,30,0,0
21867855,130,62,0,1,21908377,1441,55,0,0
21952012,1660,24,0,5,21915677,2372,39,0,0
21886756,187,58,0,1,21945711,891,17,0,0
21921246,1996,33,0,1,21958728,1308,21,0,0
21877642,685,83,0,2,21940064,2267,55,0,0
21864836,862,37,0,1,21879766,1061,31,0,0
21957134,889,66,0,1,21909439,1669,42,0,0
21924072,866,59,0,1,21956733,1080,88,0,0
21957132,1966,26,0,0,21905561,642,46,0,0
21887410,676,62,0,1,21968153,1249,70,0,0
21852858,1502,62,0,5,21965091,920,59,0,1
21936511,1296,39,0,6,21925868,965,54,0,0
21899489,267,61,0,3,21910069,1281,47,0,0
21887888,1801,20,0,0,21885158,634,42,0,0
21914702,1481,60,0,2,21909007,1023,49,0,0
21905063,970,25,0,2,21902238,420,50,0,0
21929632,1909,21,0,8,21868856,931,27,0,0
21942710,2083,49,0,1,21851153,1196,48,0,0
21905235,1410,57,0,1,21886140,734,28,0,0
21915062,1620,63,0,1,21924930,1143,28,0,0
21862008,2325,22,0,0,21901794,749,42,0,0
21867651,2084,69,0,5,21867554,617,33,0,0
21929459,699,49,0,7,21952753,1081,61,0,0
21927201,2017,28,0,3,21928472,1684,27,0,0
21954436,2286,31,0,1,21908180,721,86,0,0
21907690,817,24,0,2,21865015,1024,134,0,0
21933466,983,49,0,1,21932846,1235,38,0,0
21970167,1019,62,0,1,21941236,1669,40,0,0
21917209,774,48,0,1,21887092,1913,69,0,0
21898441,632,13,0,0,21917930,894,54,0,0
21868645,1375,20,0,1,21943220,1194,57,0,0
21932205,645,64,0,5,21955256,763,41,0,0
21970021,1639,27,0,3,21963259,1497,55,0,0
21941729,1142,70,0,0,21927499,450,96,0,0
21877134,1969,35,0,3,21930463,1113,29,0,0
21867084,1120,53,0,5,21921232,690,27,0,0
21861828,1336,46,0,2,21920554,1932,40,0,0
21866022,1398,45,0,1,21926080,1198,52,0,0
21940181,2393,80,0,1,21898966,2174,26,0,0
21952233,1993,44,0,1,21971225,965,31,0,0
21963572,820,42,0,3,21889083,1778,16,0,0
21869772,1102,26,0,2,21925536,450,18,0,0
21899190,725,30,0,0,21857077,953,61,0,0
21906921,669,53,0,0,21859221,1120,62,0,0
21902708,128,90,0,7,21945238,317,44,0,0
21956856,1536,84,0,1,21906390,1141,44,0,0
21860596,957,34,0,4,21870303,1149,33,0,0
21945782,763,26,0,2,21954475,1878,23,0,0
21896862,959,23,0,2,21881203,676,42,0,0
21959700,1267,124,0,3,21924624,1693,70,0,0
21855178,1381,81,0,1,21933798,1227,41,0,0
21863641,695,41,0,0,21896595,912,78,0,0
21929913,344,37,0,4,21860464,1148,17,0,0
21933839,2473,25,0,1,21879374,1101,84,0,0
21866668,857,17,0,1,21936143,1428,40,0,0
21974344,984,48,0,2,21860585,655,44,0,0
21964965,2580,49,0,1,21929036,1245,61,0,0
21898475,1197,53,0,3,21895965,625,48,0,0
21917954,2319,36,0,6,21881642,556,100,0,0
21894305,2237,45,0,12,21879109,1448,29,0,0
21866967,1323,47,0,3,21925109,144,66,0,0
21866747,757,64,0,2,21933332,1114,47,0,0
21883127,2303,31,0,4,21901151,576,27,0,0
21890406,507,18,0,0,21972306,1052,57,0,0
21873208,1301,24,0,4,21956487,1429,67,0,0
21941953,330,70,0,4,21950551,439,89,0,0
21937248,930,45,0,10,21874839,1969,32,0,0
21870739,1365,39,0,4,21947501,1372,60,0,0
21925743,1732,41,0,1,21885513,1549,57,0,0
21854457,1189,25,0,1,21893783,1193,42,0,0
21927725,1423,27,0,1,21939855,1411,45,0,0
21959954,1070,34,0,2,21930255,1577,57,0,0
21904983,615,74,0,4,21899510,1326,71,0,0
21895182,1983,73,0,2,21920062,655,67,0,0
21906870,969,26,0,1,21926650,997,56,0,0
21909769,693,34,0,1,21962030,1674,23,0,0
21888407,995,53,0,4,21900152,1077,35,0,0
21869206,1134,20,0,4,21909394,1272,36,0,0
21959956,1145,26,0,3,21885838,1310,52,0,0
21909111,1877,44,0,0,21890190,467,21,0,0
21890495,570,127,0,2,21928500,1967,68,0,0
21971326,1166,39,0,2,21957286,1203,78,0,0
21895618,1006,72,0,1,21965947,595,42,0,0
21861851,858,31,0,0,21933678,928,34,0,0
21864640,1285,59,0,10,21947333,1251,43,0,0
21871056,1772,44,0,5,21947359,633,63,0,0
21945047,1784,59,0,2,21958003,1676,14,0,0
21895388,380,44,0,2,21938564,1055,36,0,0
21904696,2575,33,0,1,21867827,1629,42,0,0
21864275,1267,60,0,0,21968013,1623,34,0,0
21878375,1489,63,0,1,21966600,2123,76,0,0
21971650,1748,39,0,3,21882725,1222,67,0,0
21923438,1531,101,0,5,21860386,841,44,0,0
21899903,1066,43,0,3,21858853,1102,26,0,0
21905749,812,59,0,0,21929898,1215,52,0,0
21961870,1262,39,0,2,21942037,873,51,0,0
21859048,1607,24,0,2,21919428,1259,76,0,0
21860320,1130,25,0,6,21966926,1639,53,0,0
21878415,901,44,0,8,21914747,1071,46,0,0
21887286,1260,67,0,3,21891151,990,36,0,0
21914999,2069,27,0,3,21917065,991,45,0,0
21919932,1480,21,0,0,21975434,909,108,0,0
21935687,1240,63,0,4,21902803,1036,81,0,0
21922430,856,87,0,1,21872509,709,43,0,0
21948054,376,42,0,0,21878880,1058,70,0,0
21900437,1507,75,0,1,21948443,1801,29,0,0
21881620,1517,27,0,1,21904613,1104,49,0,0
21909477,805,37,0,2,21966447,575,69,0,0
21916212,1733,58,0,1,21873566,1048,55,0,0
21907762,1136,23,0,0,21943321,1483,65,0,0
21943472,1388,44,0,0,21857265,1539,42,0,0
21867062,1621,18,0,0,21977568,1769,45,0,0
21965934,994,45,0,5,21954017,643,53,0,0
21945335,1103,91,0,0,21893229,1488,43,0,0
21976746,584,68,0,1,21883887,1113,37,0,0
21874538,1766,46,0,4,21866808,1309,32,0,0
21908240,1444,29,0,1,21947502,852,80,0,0
21971440,714,48,0,0,21860045,1173,39,0,0
21892504,371,49,0,0,21877167,1692,25,0,0
21935476,2286,28,0,3,21867314,1348,43,0,0
21896642,1002,38,0,4,21902838,1365,97,0,0
21890971,1080,44,0,1,21944726,2100,34,0,0
21892980,461,87,0,3,21905657,1187,93,0,0
21893996,954,68,0,0,21946536,1583,36,0,0
21955615,1326,24,0,0,21887948,255,21,0,0
21856851,512,39,0,0,21917728,1013,24,0,0
21878720,100,68,0,0,21867269,1136,60,0,0
21859955,1607,35,0,5,21910567,1690,43,0,0
21892244,2086,22,0,2,21876284,1760,65,0,0
21905607,1866,42,0,2,21952068,2043,80,0,0
21975368,439,30,0,2,21857435,1029,29,0,0
21899833,903,30,0,0,21940642,1361,39,0,0
21929423,1177,46,0,1,21869130,1358,31,0,0
21928223,1204,58,0,1,21943251,1373,26,0,0
21869746,306,57,0,3,21975299,1415,31,0,0
21887275,847,55,0,3,21873863,413,65,0,0
21905211,1672,46,0,2,21883696,1263,39,0,0
21979268,2134,35,0,0,21896827,1599,44,0,0
21972154,885,126,0,0,21940057,1191,48,0,0
21977197,1011,36,0,5,21860130,1216,51,0,0
21879393,1382,66,0,0,21879731,1398,46,0,0
21922086,1102,40,0,4,21960744,1391,39,0,0
21864176,2370,60,0,0,21872350,1934,40,0,0
21874688,1692,58,0,0,21965089,1950,37,0,0
21935342,953,72,0,4,21899784,879,28,0,0
21939825,967,50,0,2,21916944,1063,23,0,0
21924623,699,42,0,0,21979507,1177,22,0,0
21903868,1335,34,0,0,21941705,1636,49,0,0
21867297,1393,29,0,5,21940495,1656,19,0,0
21876128,1117,58,0,0,21930779,738,40,0,0
21878236,580,50,0,1,21867350,2508,40,0,0
21980895,1171,74,0,3,21859829,1356,30,0,0
21867669,998,38,0,2,21936132,1672,68,0,0
21950387,1303,47,0,1,21964813,1500,76,0,0
21948252,1076,52,0,5,21898764,1495,43,0,0
21876339,1086,45,0,1,21949307,380,93,0,0
21864080,1545,48,0,7,21900302,1073,52,0,0
21929412,579,60,0,0,21880110,1076,36,0,0
21875384,356,69,0,1,21876680,252,38,0,0
21875260,819,38,0,3,21919047,1258,31,0,0
21887563,760,30,0,7,21929044,1102,36,0,0
21896626,971,44,0,1,21920095,1434,35,0,0
21889701,1694,43,0,0,21956530,724,51,0,0
21902450,2143,71,0,1,21981085,675,50,0,0
21940409,1007,46,0,2,21881389,1730,27,0,0
21897073,1183,70,0,0,21895135,1292,37,0,0
21937897,2277,136,0,1,21923469,2476,66,0,0
21865807,935,27,0,0,21927806,1788,71,0,0
21864113,1228,43,0,2,21936411,1848,41,0,0
21904436,458,54,0,6,21870287,1451,39,0,0
21917303,830,81,0,4,21931854,2006,59,0,0
21907192,143,68,0,1,21950430,1335,41,0,0
21898573,1213,71,0,2,21938843,1615,41,0,0
21947651,1675,45,0,0,21899806,1248,33,0,0
21934715,725,107,0,2,21959580,1978,74,0,1
21898724,763,39,0,2,21905905,550,60,0,0
21927405,1493,25,0,2,21888029,1474,67,0,0
21899834,1086,44,0,0,21906006,975,33,0,0
21892149,1198,48,0,7,21923777,937,29,0,0
21947633,770,60,0,3,21916695,601,30,0,0
21968586,710,106,0,3,21933609,816,56,0,0
21862441,878,27,0,6,21892515,1357,53,0,0
21882628,2271,39,0,2,21907199,627,49,0,0
21955659,866,39,0,0,21898491,1484,46,0,0
21953390,824,70,0,0,21910255,1834,31,0,0
21911463,796,87,0,3,21897168,648,28,0,0
21949253,1022,85,0,0,21885649,1183,62,0,0
21922954,1151,31,0,4,21868310,1122,47,0,0
21941568,2019,49,0,2,21883522,1216,38,0,0
21939048,2071,49,0,1,21884716,2145,69,0,0
21869569,1484,36,0,1,21982410,1364,37,0,0
21933200,2084,21,0,7,21876877,693,89,0,0
21951697,2062,40,0,1,21885461,1182,39,0,0
21906268,911,38,0,0,21958781,1064,38,0,0
21918543,1023,104,0,4,21982973,1032,26,0,0
21919233,967,78,0,6,21964932,1115,51,0,0
21930546,262,27,0,0,21900319,1122,66,0,0
21909318,764,76,0,0,21955819,1933,29,0,0
21950079,1063,81,0,4,21928114,751,105,0,0
21905888,2028,42,0,2,21922846,1158,93,0,0
21951216,1840,59,0,1,21966466,1006,55,0,0
21864150,1766,34,0,0,21923453,853,18,0,0
21910922,1678,73,0,1,21951373,526,25,0,0
21861557,2129,37,0,0,21939241,658,45,0,0
21921680,1526,43,0,6,21959532,975,45,0,0
21873672,1124,43,0,2,21882552,1715,32,0,0
21863219,329,70,0,5,21931202,1796,41,0,0
21933240,583,49,0,4,21908351,1240,14,0,0
21866421,1121,44,0,2,21924713,1015,51,0,0
21880403,2151,40,0,6,21956936,906,30,0,0
21893319,778,38,0,0,21900111,1448,41,0,0
21931927,1172,38,0,0,21977683,1078,38,0,0
21907088,1373,41,0,2,21921592,1350,37,0,0
21949458,1215,40,0,3,21878543,1691,28,0,0
21956444,1417,53,0,5,21914146,871,38,0,0
21945513,1068,22,0,1,21907014,1312,40,0,0
21869447,782,36,0,2,21912946,928,69,0,0
21972825,1361,41,0,0,21874830,914,61,0,0
21952468,811,37,0,2,21867585,753,56,0,0
21905878,861,76,0,3,21904302,598,37,0,0
21919578,669,86,0,2,21973725,304,59,0,0
21947347,1183,51,0,1,21919390,393,46,0,0
21950020,646,21,0,2,21873500,1359,67,0,0
21877005,1781,39,0,4,21935708,2117,53,0,0
21941244,1123,67,0,5,21940752,1128,21,0,0
21886286,2266,42,0,7,21923918,1331,28,0,0
21978038,989,40,0,2,21868851,1658,35,0,0
21924828,1134,51,0,6,21898833,1101,25,0,0
21984649,717,61,0,0,21935145,1020,18,0,0
21915004,672,67,0,1,21878906,1423,47,0,0
21933981,522,32,0,2,21983433,1102,28,0,0
21931874,1181,88,0,0,21914524,727,74,0,0
21896941,1047,46,0,2,21877640,709,91,0,0
21868737,614,18,0,6,21867237,1061,88,0,0
21880776,1251,73,0,9,21964511,1025,25,0,0
21905930,1285,36,0,7,21878695,1044,28,0,0
21906766,1124,51,0,1,21956900,1491,30,0,0
21910049,516,24,0,4,21913673,770,16,0,0
21898691,457,25,0,2,21868791,1169,15,0,0
21982644,420,37,0,0,21920201,959,39,0,0
21892258,2030,35,0,7,21912874,1877,25,0,0
21914262,1108,48,0,5,21984123,720,55,0,0
21869364,743,26,0,1,21956885,1047,36,0,0
21866426,1749,20,0,1,21956342,332,81,0,0
21979180,1936,46,0,1,21909985,1049,17,0,0
21928899,718,28,0,8,21870661,1885,23,0,0
21957507,669,38,0,1,21941637,691,43,0,0
21939713,890,48,0,1,21870824,269,40,0,0
21973598,844,48,0,5,21890950,832,22,0,0
21881836,710,55,0,2,21913922,258,81,0,0
21925889,1446,24,0,3,21941219,2121,73,0,0
21944241,1799,48,0,1,21973032,1101,54,0,0
21904831,1300,98,0,4,21875719,1194,58,0,0
21888311,722,83,0,1,21976956,523,48,0,0
21938559,1410,73,0,1,21970689,1751,31,0,0
21970813,1629,22,0,4,21867792,613,79,0,0
21969770,919,34,0,0,21886744,1084,36,0,0
21946595,954,66,0,9,21864840,2083,76,0,0
21929959,1863,35,0,2,21868751,932,45,0,0
21911234,618,60,0,0,21927566,1685,41,0,0
21879553,2028,52,0,1,21932188,1824,42,0,0
21865274,1373,38,0,0,21966895,539,60,0,0
21963688,832,24,0,4,21974365,1348,49,0,0
21878976,1005,52,0,1,21904301,2041,35,0,0
21935142,1563,25,0,1,21897732,2454,35,0,0
21912202,1216,62,0,1,21864877,575,57,0,0
21909786,1147,51,0,0,21937636,1424,50,0,0
21969612,1840,50,0,2,21937917,1094,30,0,0
21875849,1341,61,0,4,21924043,2384,21,0,0
21922707,1860,79,0,0,21918687,549,34,0,0
21937968,1604,46,0,1,21910013,1561,34,0,0
21909958,419,49,0,2,21920090,689,39,0,0
21979600,795,70,0,1,21962471,1643,42,0,0
21928907,535,73,0,1,21885178,1960,38,0,0
21899813,1019,33,0,0,21881713,2160,44,0,0
21941777,655,56,0,3,21980553,762,39,0,0
21873750,831,22,0,0,21894422,1335,39,0,0
21890738,358,44,0,0,21980609,1819,16,0,0
21882567,812,102,0,10,21936846,653,61,0,0
21883609,910,58,0,0,21901296,406,125,0,0
21918281,884,36,0,1,21946661,2105,56,0,0
21955489,2506,27,0,0,21949500,1486,39,0,0
21938561,383,87,0,4,21956720,1190,50,0,0
21908588,1480,43,0,1,21908832,1859,25,0,0
21984837,801,62,0,1,21928461,1380,31,0,0
21913219,1937,23,0,0,21902185,328,42,0,0
21896364,800,141,0,0,21883332,665,51,0,0
21982384,1386,36,0,15,21912668,1224,23,0,0
21890630,1253,25,0,2,21957480,1339,22,0,0
21927310,639,42,0,1,21982345,1484,29,0,0
21962580,1156,43,0,1,21939350,1066,30,0,0
21887557,1310,34,0,5,21958531,1416,38,0,0
21914825,1700,14,0,0,21908630,325,176,0,0
21876645,2142,40,0,0,21911445,1365,23,0,0
21981928,1085,67,0,4,21894216,2190,33,0,0
21886365,1635,21,0,4,21983721,584,22,0,0
21953477,1391,69,0,1,21865511,982,22,0,0
21987833,911,44,0,2,21908986,2138,34,0,0
21979392,1128,32,0,1,21907599,1165,45,0,0
21933064,500,42,0,3,21885776,959,101,0,0
21978450,1476,39,0,1,21948959,2228,43,0,0
21902608,1370,19,0,1,21923476,1165,38,0,0
21911497,1603,32,0,2,21887157,2031,43,0,0
21957068,1196,23,0,2,21892663,1151,74,0,0
21906350,931,44,0,1,21913086,1103,51,0,0
21878471,1088,67,0,4,21917780,1221,35,0,0
21865769,1388,33,0,1,21972237,1823,43,0,0
21905443,1135,56,0,4,21945845,957,28,0,0
21951889,301,62,0,1,21901891,966,70,0,0
21941635,808,19,0,3,21926346,2443,37,0,0
21963762,1135,46,0,4,21867721,1492,54,0,0
21934649,1193,45,0,5,21914079,880,28,0,0
21897238,352,82,0,1,21925266,2077,42,0,0
21936701,179,21,0,2,21912595,674,43,0,0
21870825,1236,86,0,2,21986941,836,35,0,0
21931723,1897,32,0,3,21897587,2174,37,0,0
21954471,2155,58,0,3,21988987,1470,41,0,0
21970616,2013,17,0,4,21970090,885,73,0,0
21953138,595,89,0,1,21948693,597,43,0,0
21869580,868,12,0,2,21871477,1073,25,0,0
21883409,853,47,0,3,21892264,2327,38,0,0
21888146,884,25,0,4,21876839,1589,34,0,0
21898934,1398,11,0,0,21927722,1523,43,0,0
21991522,1452,54,0,3,21893440,1691,21,0,0
21933525,1445,64,0,5,21939028,600,76,0,0
21888647,1460,32,0,6,21982428,958,66,0,0
21957593,904,41,0,1,21965294,1137,32,0,0
21866606,1000,56,0,1,21973464,1835,14,0,0
21908080,2116,47,0,1,21898768,1481,70,0,0
21985261,1188,41,0,2,21890975,576,22,0,0
21877137,2259,49,0,2,21910425,447,49,0,0
21970891,1017,38,0,0,21987677,342,29,0,0
21871861,1172,36,0,9,21902031,2199,24,0,0
21866317,1400,21,0,2,21874903,2065,39,0,0
21898303,1216,51,0,1,21959285,1106,66,0,0
21884502,648,54,0,1,21935302,941,44,0,0
21875706,646,27,0,5,21965083,1225,42,0,0
21978605,776,45,0,3,21947681,2120,34,0,0
21929279,612,37,0,3,21899323,977,40,0,0
21928716,958,14,0,2,21878254,804,23,0,0
21981873,2376,65,0,3,21898902,1146,91,0,0
21888743,1158,73,0,0,21872856,789,77,0,0
21908727,784,133,0,1,21906908,827,51,0,0
21907462,406,19,0,3,21918828,1235,38,0,0
21992211,920,74,0,2,21880988,2527,25,0,0
21913159,1066,59,0,3,21889019,803,56,0,0
21885321,981,89,0,1,21939093,676,78,0,0
21890516,1046,41,0,1,21955921,1342,40,0,0
21872060,473,59,0,2,21956210,2057,42,0,0
21909063,1389,36,0,2,21965953,1816,75,0,0
21869393,1957,36,0,0,21891122,1275,47,0,0
21926936,1618,41,0,6,21930115,372,77,0,0
21960700,903,73,0,2,21882376,1360,71,0,0
21919413,887,51,0,2,21987020,1436,59,0,0
21913647,821,24,0,0,21932146,1130,25,0,0
21981848,1917,60,0,3,21982028,1509,45,0,0
21902306,1187,26,0,4,21923830,2073,41,0,0
21869819,848,25,0,0,21931366,802,60,0,0
21945471,658,31,0,1,21963461,985,79,0,0
21924371,2317,25,0,0,21957396,707,34,0,0
21902594,805,45,0,3,21983845,1818,55,0,0
21894581,1848,51,0,1,21970050,722,46,0,0
21983515,1464,111,0,3,21883809,1340,28,0,0
21984348,1002,82,0,0,21907824,619,42,0,0
21989950,1074,68,0,1,21970505,1224,22,0,0
21913247,2241,33,0,1,21973547,922,51,0,0
21906431,1882,60,0,0,21920863,1159,34,0,0
21913342,1932,33,0,4,21944129,1312,30,0,0
21924350,1503,42,0,2,21898662,679,58,0,0
21944052,115,62,0,3,21945980,801,21,0,0
21875203,309,72,0,1,21965200,1570,19,0,0
21924256,831,58,0,1,21951847,1730,27,0,0
21939027,881,63,0,5,21952672,2120,17,0,0
21870320,779,64,0,0,21874904,840,31,0,0
21960659,1854,52,0,6,21950734,822,31,0,0
21886271,1996,23,0,2,21881986,783,23,0,0
21932606,1150,51,0,1,21870091,941,74,0,0
21880444,1877,42,0,2,21920842,799,51,0,0
21894342,2069,24,0,1,21982318,1487,57,0,0
21884982,784,57,0,5,21871481,1118,25,0,0
21890648,215,39,0,1,21977708,1651,45,0,0
21883073,335,27,0,3,21868193,2188,27,0,0
21926464,1497,41,0,5,21947109,1358,37,0,0
21982196,852,31,0,2,21980140,1606,48,0,0
21880926,1252,34,0,0,21949167,1146,42,0,0
21899927,1251,25,0,2,21932086,546,17,0,0
21979104,785,29,0,5,21918591,1224,25,0,0
21960191,892,57,0,0,21994770,715,60,0,0
21896258,806,57,0,4,21987467,830,19,0,0
21948235,693,69,0,3,21953647,1485,68,0,0
21993608,272,53,0,0,21871574,1299,35,0,0
21953321,926,28,0,0,21902066,2292,46,0,0
21901569,1322,41,0,1,21884126,584,47,0,0
21974950,1357,21,0,2,21987184,1833,33,0,0
21983986,1143,19,0,0,21955050,1274,60,0,0
21919822,689,31,0,0,21982731,971,68,0,0
21876700,436,47,0,0,21893040,2147,38,0,0
21936617,221,46,0,0,21969762,700,67,0,0
21991945,795,39,0,0,21892562,1463,45,0,0
21934096,959,46,0,2,21892527,1707,62,0,0
21871250,1667,43,0,0,21935268,1423,38,0,0
21968000,1170,46,0,2,21885320,166,45,0,0
21953712,844,49,0,1,21919279,2021,65,0,0
21913603,1378,53,0,7,21923488,561,50,0,0
21957383,2592,60,0,1,21882253,624,25,0,0
21986258,2106,61,0,1,21876048,1013,30,0,0
21928552,1489,69,0,1,21960672,373,41,0,0
21902489,1397,37,0,2,21906943,364,20,0,0
21883795,2275,54,0,1,21876159,2179,58,0,0
21901489,944,26,0,2,21997552,692,15,0,0
21996377,1378,51,0,1,21911720,856,52,0,0
21945738,935,61,0,3,21894487,1120,44,0,0
21869988,828,42,0,7,21945678,2200,44,0,0
21984227,313,71,0,7,21912010,1604,56,0,0
21898268,1337,68,0,3,21922993,990,92,0,0
21954150,332,44,0,2,21927145,305,69,0,0
21893843,2109,47,0,9,21998231,1152,93,0,0
21904425,1123,59,0,2,21928985,1291,24,0,0
21934192,1786,27,0,1,21950923,415,60,0,0
21926508,1143,43,0,7,21879789,894,58,0,0
21993072,1177,92,0,2,21954647,1259,36,0,0
21894463,100,159,0,10,21955982,1190,35,0,0
21951225,1085,51,0,1,21939848,1654,8,0,0
21905429,1664,57,0,5,21965731,923,22,0,0
21891169,937,39,0,1,21877801,838,28,0,0
21871558,1327,16,0,8,21981610,2010,71,0,0
21931612,2005,29,0,1,21899214,1775,23,0,0
21890386,819,63,0,0,21937812,1071,89,0,0
21921581,545,49,0,1,21883058,1203,53,0,0
21971148,812,41,0,0,21975416,1389,31,0,0
21922157,1448,68,0,0,21880152,1126,43,0,0
21929079,1046,43,0,1,21942229,1368,68,0,0
21872700,1243,73,0,1,21958888,1585,21,0,0
21926257,412,44,0,0,21993431,955,34,0,0
21903515,1058,33,0,11,21954392,1549,37,0,0
21888299,702,59,0,1,21886662,861,29,0,0
21921539,1874,49,0,0,21990161,635,28,0,0
21926851,938,52,0,0,21907223,760,42,0,0
21906417,1741,38,0,4,21892363,1345,41,0,0
21905394,873,22,0,1,21979212,506,59,0,0
21934009,149,143,0,3,21891381,1185,37,0,0
21961299,1253,35,0,0,21989914,842,33,0,0
21988279,2539,30,0,3,21909349,710,85,0,0
21927642,2168,26,0,3,21895103,1781,61,0,0
21965257,1664,53,0,5,21897761,881,68,0,0
21897386,1857,32,0,7,21930679,189,67,0,0
21880049,763,20,0,2,21937017,640,30,0,0
21897153,1539,57,0,3,21974034,736,80,0,0
21970657,1580,59,0,1,21947575,1692,23,0,0
21884850,1386,31,0,4,21932011,2487,12,0,0
21911151,1031,62,0,3,21919573,1655,76,0,0
21982868,1745,48,0,1,21954585,1279,27,0,0
22001658,1895,65,0,5,21969685,2003,29,0,0
21907285,1271,78,0,0,21907664,977,62,0,0
21909762,327,102,0,2,21894027,394,36,0,0
21971952,999,94,0,5,21949318,1517,44,0,0
21991791,1830,42,0,6,21998673,1193,42,0,0
21996708,559,78,0,10,21874749,699,20,0,0
21891831,2023,39,0,0,21974563,1147,55,0,0
21878514,506,27,0,8,21875164,1062,31,0,0
21957012,1176,44,0,3,21949571,618,74,0,0
21970574,1632,76,0,2,21987468,928,32,0,0
21949276,1254,47,0,1,21910143,1411,67,0,0
21929539,1299,53,0,12,21900251,1540,37,0,0
21983728,2162,53,0,7,21981547,931,56,0,0
21990688,1003,27,0,0,21888414,368,27,0,0
21987598,2073,25,0,5,21872401,868,36,0,0
21887131,712,44,0,2,22000107,1630,58,0,0
21914013,657,60,0,2,21880947,1587,31,0,0
21919575,1000,34,0,2,21936740,2006,30,0,0
21970526,1655,52,0,1,21919127,580,93,0,0
21904722,2521,30,0,0,21920797,1507,31,0,0
21924190,1975,61,0,0,21956144,109,20,0,0
21879315,1411,45,0,1,21874726,549,99,0,0
21874068,608,88,0,0,21907722,1296,43,0,0
21955266,1179,28,0,1,21992558,640,25,0,0
21961504,1894,25,0,4,21962071,633,107,0,0
21894802,1495,62,0,2,21945576,1158,67,0,0
21884197,1214,68,0,2,22002000,1878,48,0,1
21921883,589,107,0,2,21971687,319,28,0,0
21891812,1141,43,0,3,22002684,2510,44,0,0
21913507,949,91,0,0,21953568,2221,62,0,0
21915040,1912,61,0,0,21883636,2129,47,0,0
21985249,1543,37,0,5,21903335,1698,55,0,0
21970144,126,27,0,1,21905007,866,39,0,0
21939836,585,24,0,0,21912809,605,148,0,0
21887380,868,46,0,2,21917151,2392,42,0,0
21957800,944,29,0,1,21909077,786,25,0,0
21982280,483,67,0,0,21982686,1995,52,0,0
21948050,1026,26,0,0,21953118,1886,59,0,0
21945594,2248,34,0,3,21899326,1151,27,0,0
21982114,1372,26,0,4,21906332,2383,42,0,0
21941505,2126,37,0,0,21907848,760,28,0,0
21901177,2202,26,0,0,21945537,824,26,0,0
21976339,1457,20,0,1,21989392,1140,28,0,0
21967378,1216,24,0,0,21884763,991,49,0,0
21902058,684,113,0,4,21924117,1688,34,0,0
21928429,746,80,0,3,21877305,1427,37,0,0
21960902,1724,35,0,2,21960578,2102,52,0,0
21898430,1059,76,0,3,21882926,1339,34,0,0
21964286,929,20,0,3,21979768,1261,12,0,0
21882889,890,81,0,6,21896555,1160,47,0,0
21876712,436,45,0,1,21990330,1487,49,0,0
21873808,858,67,0,0,21976566,2520,46,0,0
21980924,1431,44,0,4,21878766,681,69,0,0
21936671,1242,28,0,3,21905475,2458,44,0,0
21956600,2171,54,0,5,21922163,794,26,0,0
21982520,2488,28,0,6,21946368,2463,35,0,0
21923533,1914,43,0,3,21911011,2110,27,0,0
21916114,1211,37,0,1,21889117,508,85,0,0
21949949,676,55,0,0,21999705,812,56,0,0
22000499,681,46,0,5,21915903,497,56,0,0
21959233,1969,17,0,6,21980935,1789,14,0,0
21874390,1895,96,0,1,21912484,1055,44,0,0
21891727,1722,39,0,3,21972677,698,28,0,0
21995348,1918,29,0,2,21902338,2554,43,0,0
21911593,2353,27,0,7,21993084,1276,31,0,0
21989645,735,110,0,0,21927326,2445,66,0,0
21980856,1082,78,0,4,21883514,2271,111,0,0
21887345,714,30,0,1,21909150,494,47,0,0
21935908,1731,50,0,0,21996138,1114,27,0,0
21949483,2159,38,0,8,21944541,698,39,0,0
21970815,1053,26,0,4,21936300,2065,37,0,0
22003220,988,23,0,1,22003928,540,27,0,0
21975436,1139,37,0,0,21932456,853,44,0,0
21876669,290,35,0,2,21994237,668,17,0,0
21874788,1960,46,0,1,21933913,456,67,0,0
21922700,153,35,0,2,21935896,1193,40,0,0
21913132,1719,49,0,0,21972027,928,38,0,0
21905612,798,29,0,1,21913511,1178,17,0,0
21975356,2195,55,0,1,21896865,711,32,0,0
21969650,1073,59,0,1,21930329,943,33,0,0
21970155,1236,48,0,0,21971740,664,81,0,0
21911295,1146,29,0,0,21899201,838,51,0,0
21956151,1631,25,0,0,21877709,189,76,0,0
22006740,449,50,0,1,21929640,1294,33,0,0
21898137,2407,33,0,1,21969655,611,35,0,0
21973966,1894,59,0,4,21909912,794,26,0,0
21903224,583,52,0,1,21905078,1400,57,0,0
21998244,1422,36,0,0,21985510,2227,41,0,0
21964099,2050,26,0,0,21894208,1777,26,0,0
21884688,1372,18,0,1,21892657,1686,25,0,0
21918393,970,39,0,1,21924470,2053,53,0,0
21934877,1983,31,0,2,21947770,2025,80,0,0
21983866,1827,23,0,1,21920456,2194,117,0,0
21951414,989,45,0,1,22008268,1078,27,0,0
21918808,564,43,0,3,21954014,435,40,0,0
22001634,1522,37,0,1,21927487,1602,28,0,0
21888361,1283,39,0,1,21902033,2124,68,0,0
21930851,1246,60,0,3,21963995,2009,37,0,0
21933291,852,41,0,2,21879114,419,89,0,0
21934008,1299,67,0,4,21982681,302,53,0,0
21982755,732,43,0,2,21998083,837,36,0,0
21905924,1671,43,0,0,21991940,1732,28,0,0
21887148,1375,27,0,9,21981393,468,23,0,0
21965977,1722,26,0,4,21916136,1647,65,0,0
21888323,2582,20,0,1,21879506,451,37,0,0
21988451,734,43,0,6,21950811,721,65,0,0
21935323,1196,17,0,3,21965425,1179,36,0,0
21953400,697,38,0,0,21987406,503,51,0,0
21879491,775,57,0,6,21906150,873,71,0,0
21978885,103,127,0,3,21932906,964,41,0,0
21896526,921,52,0,5,21912176,1558,34,0,0
21881302,1975,33,0,3,21994463,1422,114,0,0
21958310,2109,59,0,1,21979518,1149,21,0,0
21921718,1143,20,0,3,21963738,1593,61,0,0
21923776,2156,23,0,1,21897497,1427,54,0,0
21967101,1156,37,0,2,21991383,939,35,0,0
21933184,1474,42,0,3,21934198,1114,30,0,0
21879901,824,64,0,2,21928162,711,40,0,0
21965792,2532,40,0,6,21884827,613,29,0,0
21903357,1249,62,0,1,22000577,241,64,0,0
21986094,557,24,0,3,21916989,1273,59,0,0
21910809,1634,71,0,5,21945326,1612,43,0,0
21930973,2229,34,0,0,21954028,976,168,0,0
21883422,1042,24,0,1,21928504,1786,63,0,0
21927898,1619,57,0,0,21920069,1819,37,0,0
21958235,1977,22,0,0,21893907,898,38,0,0
21957714,1603,25,0,0,21963233,1356,56,0,0
21991313,332,22,0,1,21955851,1833,27,0,0
21914388,839,32,0,6,21958006,1191,34,0,0
21920099,596,45,0,0,21920734,1313,58,0,0
21990838,1002,69,0,3,21883238,2392,28,0,0
21967504,998,59,0,1,22004662,883,62,0,0
21952551,1118,46,0,6,22007183,688,38,0,0
21941920,1202,45,0,1,21908369,1312,100,0,0
21905817,430,28,0,3,21985404,755,61,0,0
21941716,1643,74,0,1,22004833,879,65,0,0
21943059,608,37,0,3,22006195,372,112,0,0
21887594,130,70,0,1,21893123,218,47,0,0
21999890,700,50,0,0,21892230,1586,56,0,0
21973685,1987,14,0,1,21925567,928,49,0,0
21991532,581,58,0,0,21895794,984,68,0,0
21926015,968,41,0,5,22002125,1048,56,0,0
22003320,1821,18,0,5,21879034,1115,57,0,0
21906948,1037,64,0,1,21897716,1018,19,0,0
21964808,1460,40,0,0,21902136,1008,28,0,0
21895838,1220,22,0,5,21936924,2089,69,0,0
21904796,934,37,0,0,21960755,1113,60,0,0
21880267,1432,55,0,4,21946478,661,27,0,0
22010540,500,23,0,1,21885054,186,40,0,0
21937877,1883,56,0,4,21979527,851,28,0,0
21975523,2126,18,0,4,22011205,1116,61,0,0
21977521,1373,28,0,6,21907601,992,54,0,0
21974192,1808,56,0,1,21989728,1284,84,0,0
21974487,1370,19,0,3,21891349,1430,53,0,0
21929185,1690,61,0,1,21917831,1875,23,0,0
21908473,999,32,0,11,21884820,1133,36,0,0
21950108,1215,53,0,1,21904903,1857,49,0,0
21997082,298,78,0,5,22001598,2403,45,0,0
21912186,854,83,0,3,22003646,2477,87,0,0
21994915,1317,63,0,3,22001789,1116,55,0,0
21884068,2154,72,0,6,21914964,1269,54,0,0
21973479,2051,34,0,1,21919854,1160,60,0,0
21918785,1591,60,0,4,21982098,1192,42,0,0
21978868,2488,63,0,4,22002060,783,31,0,0
21900470,1252,26,0,5,21922861,1224,13,0,0
21933622,775,62,0,2,21908945,2052,31,0,0
21913055,2072,21,0,2,21890602,2031,61,0,0
21923832,1429,34,0,3,21895148,996,52,0,0
21911684,1196,70,0,6,21906145,1361,42,0,0
21896250,1804,33,0,2,21904020,1649,224,0,0
21962394,1866,52,0,1,21890093,1108,43,0,0
21884914,1034,62,0,0,21908608,1465,46,0,0
21955873,1091,77,0,9,21942685,931,52,0,0
21970897,2197,39,0,0,22000084,1495,24,0,0
21936779,793,38,0,5,21983325,401,62,0,0
21893003,1752,31,0,6,21961169,896,47,0,0
21997865,658,44,0,3,21924042,941,76,0,0
22004081,583,70,0,2,21967059,650,66,0,0
21938049,1522,50,0,3,22000385,637,70,0,0
21888451,1357,66,0,8,22009066,1146,66,0,0
21933239,2067,59,0,0,21884049,1847,15,0,0
21886021,1745,91,0,6,21941301,1003,26,0,0
21885648,1477,89,0,4,21900566,1563,36,0,0
21901284,731,45,0,1,21981724,2149,19,0,0
21918767,1175,36,0,1,21884718,706,34,0,0
21907062,1053,21,0,3,21898784,2130,52,0,0
21940923,1142,60,0,0,21922706,1064,79,0,0
21923760,105,14,0,0,21923640,1990,117,0,0
21927607,1156,28,0,6,21983477,1479,104,0,0
21909184,602,39,0,4,21983831,831,38,0,0
21989686,2012,34,0,4,21905947,913,19,0,0
21991754,236,40,0,6,21897687,1239,32,0,0
21960625,2212,67,0,2,21976546,1160,69,0,0
21941132,838,40,0,1,21989779,1110,30,0,0
21896464,684,99,0,0,21979316,2067,39,0,0
22009059,1426,45,0,3,22004933,275,89,0,0
21926677,1120,29,0,2,21928754,665,32,0,0
21913912,1227,17,0,2,21892700,591,43,0,0
21914587,1257,53,0,1,21962244,693,31,0,0
21932281,1530,49,0,0,21978544,1646,19,0,0
21912283,1508,36,0,0,21925313,829,46,0,0
21913610,851,19,0,4,21973724,2111,20,0,0
21956136,713,38,0,1,21919397,618,48,0,0
21911874,1008,89,0,3,21977341,113,50,0,0
21926116,908,24,0,0,22004432,708,49,0,0
21881313,2392,38,0,3,21900388,1192,33,0,0
21895252,1855,34,0,7,22004377,921,50,0,0
21953184,1013,25,0,2,22000157,1356,21,0,0
21989636,1740,54,0,4,21887675,1784,47,0,0
21888173,1550,41,0,8,21957635,374,40,0,0
21939534,1680,29,0,0,21990523,983,37,0,0
22015347,1061,100,0,1,22008241,1265,52,0,0
21943363,575,67,0,7,21910988,311,28,0,0
21928393,1197,18,0,2,21956228,1118,52,0,0
21959503,1099,29,0,0,21973957,2183,31,0,0
21923878,624,48,0,1,22013485,1149,50,0,0
22012444,769,42,0,1,21999043,1165,20,0,0
21985084,1350,35,0,2,21993973,2380,43,0,0
21915676,771,44,0,6,21984971,701,18,0,0
21895994,2022,31,0,2,21903584,1948,34,0,0
21979711,632,34,0,1,21938393,495,26,0,0
21927158,579,67,0,7,22010642,2108,74,0,0
21988330,994,51,0,0,22007678,1870,49,0,0
21891483,657,85,0,2,21935553,432,76,0,0
21926722,1377,16,0,0,22016631,1039,50,0,0
21972908,1813,68,0,4,21944687,972,45,0,0
21913708,606,43,0,1,21918524,721,49,0,0
22017414,905,30,0,6,21973552,1263,24,0,0
21911531,1126,32,0,0,21916521,1461,48,0,0
21998749,851,99,0,0,21986806,648,38,0,0
21946950,1020,29,0,0,22005793,749,95,0,0
21908610,1677,63,0,1,21915574,1724,33,0,0
21905562,641,73,0,1,22006111,1220,22,0,0
21979263,1903,40,0,3,21895377,1945,63,0,0
21986640,859,54,0,3,21913462,163,28,0,0
21935322,1496,41,0,0,21888730,1968,52,0,0
21911387,1905,39,0,1,21963778,2174,60,0,0
21909971,929,32,0,5,21997351,1269,45,0,0
21934356,660,85,0,0,22004427,1271,39,0,0
21954773,593,55,0,2,22013233,691,37,0,0
21969963,2330,61,0,0,21911985,715,54,0,0
21890704,819,38,0,1,21919592,2163,14,0,0
22001022,1595,47,0,1,22015300,971,21,0,0
21883846,1774,35,0,0,21928414,646,42,0,0
21941530,815,48,0,4,21918375,1209,53,0,0
21947889,990,63,0,3,21898412,813,48,0,0
21989775,511,43,0,6,22006185,919,38,0,0
21947538,1751,55,0,2,21937899,1275,30,0,0
21883612,775,90,0,1,21929561,1670,29,0,0
21885352,1562,14,0,2,22001080,615,48,0,0
21922662,1327,45,0,1,21886736,581,43,0,0
21930258,1481,70,0,6,21890400,968,31,0,0
21960691,1417,56,0,1,21910039,1729,75,0,0
21927974,1737,32,0,0,22006940,1026,40,0,0
21927052,582,21,0,0,21906165,1401,53,0,0
22004359,1693,45,0,4,21936451,1665,38,0,0
21904671,1886,21,0,1,21900354,940,51,0,0
22016287,1669,62,0,1,21963939,2326,33,0,0
21963528,513,68,0,2,21945998,1621,20,0,0
21937153,1767,60,0,0,21964863,1640,43,0,0
21884963,958,33,0,8,21958480,1700,33,0,0
21987037,1143,108,0,1,21898399,748,68,0,0
21930865,785,16,0,2,21897210,2580,39,0,0
21911196,685,39,0,2,21936635,1726,54,0,0
21959829,1364,31,0,4,21988073,673,59,0,0
21959020,932,16,0,0,21938066,654,43,0,0
21986763,1053,44,0,1,21978044,1389,59,0,0
21919998,958,33,0,0,21981047,1478,27,0,0
22013049,1092,42,0,0,21977119,1115,19,0,0
22013054,153,36,0,4,21884586,1148,34,0,0
21884954,732,48,0,3,22014724,996,62,0,0
21979176,830,38,0,1,21929595,789,71,0,0
21990096,919,27,0,0,22007360,587,66,0,0
21933027,1592,47,0,1,21939444,1753,30,0,0
21951075,245,47,0,0,21888668,1219,35,0,0
21943673,822,49,0,0,21934701,961,36,0,0
21979905,1013,30,0,3,21933752,751,47,0,0
22007447,2490,50,0,0,21991938,1298,57,0,0
21957100,1397,43,0,2,21942118,807,65,0,0
21935345,698,52,0,10,21926463,1404,37,0,0
21911677,806,45,0,0,21889335,1179,51,0,0
21886055,2353,61,0,0,21935972,1572,38,0,0
21941446,832,39,0,0,22020942,808,66,0,0
21961932,2170,46,0,3,21956112,1803,52,0,0
22003433,1222,50,0,2,21935439,1541,43,0,0
21917498,801,37,0,6,21976750,693,77,0,0
21897555,1162,31,0,1,21894623,2387,37,0,0
21906319,1222,36,0,3,22014572,607,20,0,0
21960038,636,45,0,3,21959419,2011,43,0,0
22002700,639,30,0,1,21899062,1829,54,0,0
21920595,844,88,0,9,21915296,643,29,0,0
21933758,807,17,0,0,21916256,802,46,0,0
21953595,1115,57,0,6,22017805,965,60,0,0
21996397,1426,457,0,1,21898760,1357,20,0,0
21925880,1604,53,0,0,21967270,2243,64,0,0
21913369,965,30,0,7,21899725,1021,57,0,0
21921644,1799,43,0,0,21951986,1891,69,0,0
21987250,1717,61,0,1,21993736,860,55,0,0
21964888,1590,38,0,0,21885914,864,18,0,0
21951141,1820,40,0,3,22002681,1994,43,0,0
22006192,1097,64,0,4,22011187,435,61,0,0
21987068,1210,29,0,0,21976071,307,139,0,0
21964757,1285,26,0,0,21942373,1967,50,0,0
21918395,1856,48,0,0,21895090,816,47,0,0
21928664,1495,35,0,3,22006355,918,99,0,0
21961760,1325,69,0,1,21898102,854,46,0,0
22021493,383,63,0,0,21989454,695,24,0,0
21987266,2123,57,0,2,21915222,494,52,0,0
21924563,624,40,0,4,21925449,2170,23,0,0
21975583,1075,44,0,10,21953296,1667,65,0,0
21912948,996,19,0,1,21948762,1091,42,0,0
21917374,1034,46,0,13,21976771,281,43,0,0
21918506,1437,17,0,2,21909091,2124,37,0,0
21926419,1192,50,0,3,21979024,249,61,0,0
21911141,2172,21,0,3,21975575,853,48,0,0
21973653,840,62,0,1,21963836,1662,34,0,0
21924647,1017,65,0,5,21907817,1174,36,0,0
21900274,785,56,0,0,21894239,2564,53,0,0
21979609,1327,42,0,0,21941655,1185,54,0,0
21906395,1909,51,0,0,21913820,1785,96,0,0
21932884,579,116,0,1,21905477,307,89,0,0
21894394,779,39,0,1,21953766,1385,13,0,0
21894647,1774,67,0,0,21922660,696,35,0,0
21975221,1347,30,0,3,21937040,2516,60,0,0
22001275,1403,64,0,0,22012491,831,42,0,0
21962818,1610,77,0,1,22003214,1182,38,0,0
21898234,894,41,0,2,21944854,1050,23,0,0
21911340,2446,40,0,1,21904111,1334,53,0,0
21920764,906,22,0,0,21890629,1781,46,0,0
21937438,591,34,0,1,21914543,1156,76,0,0
21897415,1389,39,0,0,21890936,982,24,0,0
21887565,1369,60,0,5,21923696,1074,46,0,0
21991009,419,18,0,1,21955892,1151,73,0,0
21925443,1480,94,0,0,21940332,837,22,0,0
21936345,1804,49,0,4,21912254,469,66,0,0
21994949,865,31,0,5,22014139,1651,33,0,0
21965254,202,67,0,1,21972835,244,84,0,0
22018175,1564,46,0,2,21942608,949,31,0,0
21962360,2117,35,0,0,22022783,1099,67,0,0
21957189,722,54,0,4,21914692,1407,23,0,0
22006937,827,48,0,0,21932355,914,19,0,0
21923678,1286,29,0,2,21906674,1232,45,0,0
21964452,883,17,0,3,21968892,2110,67,0,0
21962053,580,83,0,4,21890681,1514,16,0,0
21950562,776,50,0,0,21910394,2103,84,0,0
21915743,1330,79,0,8,21889428,1431,36,0,0
22002744,2501,45,0,0,21919615,1559,43,0,0
21948669,1283,74,0,0,21945111,548,39,0,0
21897866,1336,40,0,2,21934504,983,27,0,0
21976527,328,56,0,5,21939249,1671,45,0,0
21891343,1077,46,0,1,21890576,1656,67,0,0
21980662,715,27,0,0,21982424,2052,50,0,0
21978998,1426,67,0,2,22003495,2364,59,0,0
21967759,1966,54,0,1,22012836,400,34,0,0
22018474,604,63,0,1,21982434,1794,51,0,0
21914055,1101,69,0,1,21918747,689,74,0,0
21982306,774,36,0,3,22002205,1944,59,0,0
21906295,1864,54,0,4,22017413,1612,41,0,0
21891435,1052,23,0,4,21926446,1790,43,0,0
21898979,946,218,0,1,21905542,1931,27,0,0
21896541,1002,43,0,2,21957388,1175,94,0,0
21982851,1441,33,0,1,21979931,529,33,0,0
21935517,988,45,0,2,21991810,1475,21,0,0
21965843,1319,78,0,2,22013676,2124,79,0,0
22026080,1027,41,0,0,21967080,1850,45,0,0
21938813,871,64,0,2,22026174,951,39,0,0
21967332,974,37,0,1,21996883,1847,60,0,0
21927788,976,77,0,1,21915966,1734,81,0,0
21891682,1482,31,0,5,21897554,1055,34,0,0
21935754,875,54,0,1,21898962,1430,109,0,0
21981412,1459,62,0,1,21968860,721,29,0,0
21913662,1703,32,0,1,21946151,1588,59,0,0
21899902,858,29,0,1,21919317,1157,136,0,0
21979910,1110,139,0,3,21985182,2245,20,0,0
21978667,171,53,0,4,21985046,995,33,0,0
21898822,1197,63,0,0,21909880,1617,44,0,0
21941487,1751,45,0,5,21949116,1842,19,0,0
21999154,1112,32,0,3,21968850,972,28,0,0
21995939,1157,46,0,6,21974852,636,49,0,0
21961819,1589,26,0,2,22021392,2361,29,0,0
21967089,1833,36,0,1,21920397,1361,46,0,0
21975967,1038,50,0,8,21919139,1514,40,0,0
22009012,1187,61,0,3,21941290,1686,29,0,0
21963751,1636,35,0,1,21931416,826,77,0,0
21900101,710,43,0,4,21904013,822,54,0,0
22020948,946,24,0,3,21920611,916,25,0,0
21972708,1357,59,0,1,21930203,2325,54,0,0
21933895,1288,26,0,0,22023315,1401,32,0,0
21981798,730,36,0,1,21962407,848,43,0,0
21986269,555,83,0,3,21989066,1177,31,0,0
21936414,351,30,0,3,21893182,831,40,0,0
21932127,1266,27,0,0,21981682,1774,38,0,0
21968482,1844,51,0,0,21933420,1180,34,0,0
21932857,2157,19,0,0,22009817,706,27,0,0
21963253,1192,92,0,3,21907132,903,31,0,0
21901573,1285,38,0,2,22005389,1329,50,0,0
21994173,573,77,0,2,22004078,381,73,0,0
21896063,919,29,0,1,22028229,784,70,0,0
21916801,1263,55,0,1,21973970,1264,84,0,0
21940066,710,95,0,0,22027837,959,48,0,0
22009569,2537,62,0,1,21997089,1233,45,0,0
22019412,1556,39,0,1,21897349,1840,50,0,0
21940777,1201,32,0,0,21939961,1890,58,0,0
21960680,656,65,0,0,21927408,689,79,0,0
21927349,698,38,0,0,21947402,1651,51,0,0
21933469,927,45,0,3,21898392,1333,33,0,0
22009737,460,28,0,2,21937603,1104,70,0,0
22006785,1595,61,0,4,22029083,898,57,0,0
21973001,333,46,0,0,21925482,1009,41,0,0
22006776,1237,52,0,5,22019632,1690,57,0,0
21900327,1370,43,0,2,21892863,626,57,0,0
21918895,2124,64,0,1,22029098,908,58,0,0
22023429,761,38,0,4,21992524,269,23,0,0
21907529,1988,31,0,3,21913352,1460,62,0,0
21925397,1584,27,0,1,21894045,2223,42,0,0
21946758,524,46,0,2,21913115,1132,57,0,0
21989081,1153,48,0,3,22001957,2519,62,0,0
21908009,563,81,0,3,21988663,987,27,0,0
21960253,1302,87,0,2,21924046,1183,76,0,0
22029625,1438,41,0,10,21983928,1113,37,0,0
22009618,2081,36,0,2,22014543,1875,56,0,0
21959250,1590,44,0,4,21932331,1263,67,0,0
22018103,827,46,0,6,21950802,2420,62,0,0
22020763,397,25,0,0,22028701,1140,77,0,0
22014282,270,84,0,3,22018903,1144,69,0,0
22014066,530,56,0,2,21963048,987,53,0,0
21991149,830,71,0,6,22021784,1364,56,0,0
21934257,567,71,0,0,21984125,935,69,0,0
21976603,1721,45,0,2,21914946,1720,43,0,0
21928155,2174,53,0,2,21940090,1472,37,0,0
22024533,2521,58,0,0,21946038,601,26,0,0
22029702,2162,31,0,1,21895230,477,50,0,0
21894556,2202,29,0,4,21897255,416,47,0,0
21984223,1740,61,0,2,22012216,1212,51,0,0
21893688,866,43,0,0,21960925,1990,30,0,0
22028196,984,53,0,2,21917344,493,60,0,0
21972803,1178,44,0,3,22025474,586,54,0,0
22004652,2387,30,0,1,22004616,2229,31,0,0
21976768,1847,36,0,0,21894670,859,27,0,0
21981191,1661,27,0,1,21936404,506,86,0,0
21991954,1125,95,0,1,21951747,1122,54,0,0
21978816,1383,79,0,8,21973193,445,38,0,0
21917161,2589,29,0,4,21945827,738,37,0,0
21960484,1549,47,0,8,22024456,1640,27,0,0
22021119,912,54,0,0,21928152,787,65,0,0
21934588,2122,63,0,4,21941134,2523,22,0,0
21948144,1125,28,0,3,22026555,1169,25,0,0
22012912,1008,58,0,1,21979366,1544,30,0,0
21893969,514,75,0,2,21972557,945,66,0,0
21940444,2055,30,0,2,21941008,1031,71,0,0
22010762,1683,28,0,0,21940754,2157,31,0,0
21899862,1511,35,0,1,21940086,1606,36,0,0
22030730,1368,20,0,0,21985160,1704,50,0,0
21899384,1083,13,0,0,21911521,987,95,0,0
21944315,1381,80,0,0,22027663,2144,48,0,0
22030210,1281,35,0,1,21995290,107,35,0,0
21916844,747,46,0,3,21941420,795,19,0,0
21975790,2570,46,0,1,21983522,475,67,0,0
21901286,1666,35,0,3,21944981,1160,44,0,0
21996515,845,125,0,2,21935373,1116,78,0,0
21927368,627,18,0,0,21898944,815,79,0,0
21976129,1382,70,0,0,21913942,2525,41,0,0
21904970,1551,71,0,0,21935203,1088,41,0,0
22012782,918,46,0,13,21897640,2229,34,0,0
22030514,1009,52,0,1,21958771,1062,58,0,0
21988099,935,41,0,4,22017228,2541,42,0,0
21931258,759,41,0,1,21952204,757,65,0,0
21996194,2196,52,0,1,22017145,948,38,0,0
21980032,837,57,0,4,21936567,2389,22,0,0
21992212,1573,96,0,0,21921401,2024,27,0,0
21932149,745,61,0,2,21905939,2199,41,0,0
21929927,663,41,0,0,22031067,1954,36,0,0
21960019,1434,53,0,1,21994497,2144,33,0,0
21934492,2397,34,0,1,21990730,1140,30,0,0
21920824,1470,20,0,1,21968744,1887,26,0,0
21974755,2109,106,0,1,21968617,1166,83,0,0
22012341,1422,49,0,1,21925619,1164,50,0,0
21897364,413,43,0,1,21999928,1278,71,0,0
21992540,790,62,0,0,21993029,968,26,0,0
22000809,1375,34,0,2,21990262,1784,18,0,0
21966262,1832,21,0,4,21921440,1141,57,0,0
21929941,691,42,0,5,22000595,712,97,0,0
22024077,1057,21,0,0,21937673,959,58,0,0
21904931,805,54,0,0,22028034,722,38,0,0
21958143,1737,55,0,4,21964122,222,45,0,0
21901905,1490,51,0,3,21965376,1589,35,0,0
21975099,1981,117,0,1,21911416,2205,27,0,0
21956917,1397,56,0,1,22025666,657,42,0,0
22029371,1146,33,0,0,21946060,914,60,0,0
22013690,1557,47,0,2,22014644,1392,63,0,0
21968889,434,45,0,3,22033197,1139,33,0,0
21975502,212,16,0,2,22025584,915,25,0,0
21902262,911,43,0,1,22004884,1432,40,0,0
21904291,653,40,0,4,21981691,388,57,0,0
21937950,1497,58,0,1,21946573,702,39,0,0
21945899,1129,70,0,0,21918570,736,38,0,0
21935276,1310,33,0,1,21977165,1041,62,0,0
21903101,1141,50,0,6,21990768,825,48,0,0
21906239,1078,22,0,1,22010712,1311,31,0,0
21961700,1599,28,0,1,21929784,778,59,0,0
22033572,996,63,0,2,21923014,1547,32,0,0
21979436,751,76,0,2,21960617,955,18,0,0
22000858,503,50,0,2,22009434,1409,54,0,0
21956637,849,37,0,0,21921016,1159,39,0,0
21938005,1716,19,0,3,21903475,2426,52,0,0
21976847,890,115,0,0,21987276,1184,62,0,0
22033852,309,92,0,4,21967062,1344,40,0,0
22016377,956,19,0,0,21929056,848,15,0,0
22003157,1054,36,0,0,21975278,1143,43,0,0
21931410,1628,63,0,8,21931660,1369,55,0,0
21907982,846,55,0,6,21984472,691,84,0,0
22029964,1717,57,0,0,22032537,809,19,0,0
21935226,1156,44,0,2,22010421,1164,41,0,0
21929499,987,69,0,14,21916300,1366,60,0,0
21939802,2236,32,0,6,21957765,1507,59,0,0
21907741,944,25,0,2,22030535,886,35,0,0
21989701,2242,23,0,1,21908684,1451,19,0,0
22011753,1978,26,0,0,21906974,248,53,0,0
21898457,928,48,0,0,22006036,1273,29,0,0
21902057,1398,27,0,5,21975760,2473,26,0,0
22033103,1338,30,0,1,22022374,673,59,0,0
22035063,136,46,0,1,21905661,1723,37,0,0
22008931,1738,71,0,2,21926115,1559,59,0,0
21908765,871,24,0,1,21941240,870,48,0,0
22001853,680,94,0,2,21910471,1765,37,0,0
21911167,793,100,0,1,22035736,1787,19,0,0
21901014,1315,60,0,0,21914061,1109,34,0,0
21901146,1543,35,0,3,21898792,1082,17,0,0
22000935,350,39,0,2,21963482,696,53,0,0
21913472,1368,46,0,9,21952858,547,43,0,0
21948521,1010,58,0,3,21902099,710,76,0,0
21955773,2413,42,0,1,21973284,1008,45,0,0
21951447,842,25,0,0,21927541,432,101,0,0
21950377,1679,30,0,0,21901397,296,49,0,0
22030339,1871,29,0,5,22026305,2372,41,0,0
22018787,1593,33,0,0,22032801,1942,57,0,0
21926794,466,28,0,0,22012265,1163,63,0,0
21916884,464,69,0,0,21961404,1867,55,0,0
21904802,1371,33,0,1,22007626,1184,54,0,0
22025582,2114,23,0,1,21969125,1676,50,0,0
21927282,1257,32,0,1,22000247,864,35,0,0
21907806,1337,34,0,0,21929824,1003,107,0,0
21938667,1286,21,0,2,21975992,2587,38,0,0
21956455,519,63,0,0,21920519,926,26,0,0
22004742,350,46,0,0,21907681,1442,29,0,0
22024432,1010,52,0,10,21905613,1193,36,0,0
21900060,1982,30,0,6,21971325,246,76,0,0
21963857,1381,25,0,0,21978951,1127,34,0,0
21945362,1421,40,0,0,21992426,1603,41,0,0
21992896,1647,17,0,5,22019411,392,31,0,0
21929258,1174,70,0,1,21949953,1000,84,0,0
22029638,1439,45,0,3,21910486,1670,27,0,0
21961305,1747,23,0,0,21952380,1378,19,0,0
22000363,1756,71,0,1,22030186,2325,34,0,0
21931018,1382,16,0,1,22014675,1664,46,0,0
21992887,884,46,0,6,21974377,832,63,0,0
21966839,846,38,0,5,21928331,452,18,0,0
21966723,2152,16,0,3,21920828,1417,42,0,0
21927055,837,54,0,2,21904991,961,40,0,0
21999990,869,51,0,4,22016734,821,53,0,0
21969242,912,13,0,5,22010726,189,51,0,0
21904443,475,31,0,7,21956989,1096,43,0,0
22031024,1991,66,0,3,21927331,1367,18,0,0
21911161,1265,59,0,2,22000440,1281,72,0,0
22004987,668,78,0,3,21953804,1529,19,0,0
22014554,1219,54,0,0,22008434,1011,44,0,0
22028921,1140,17,0,1,21949053,832,30,0,0
21940501,1079,67,0,1,22033021,1355,16,0,0
21934368,222,101,0,2,22003443,1404,17,0,0
21910448,600,15,0,5,21902863,860,29,0,0
21942516,1393,50,0,2,21923202,1491,62,0,0
21981784,982,42,0,2,21989272,2364,58,0,0
21958198,1414,40,0,3,21935307,1147,33,0,0
21965488,302,41,0,0,21958969,1458,71,0,0
21932439,731,44,0,8,22026521,691,43,0,0
21918199,1991,68,0,0,21948034,746,72,0,0
21900924,1369,28,0,9,21994109,373,49,0,0
21996030,1795,30,0,0,22027691,1355,47,0,0
21979473,1970,43,0,3,22034437,1671,61,0,0
21900418,1337,37,0,3,21900409,528,65,0,0
21955223,964,21,0,1,21956343,2568,60,0,0
21963796,1686,93,0,4,21955405,866,59,0,0
21959491,1318,49,0,1,21956952,421,77,0,0
21996122,1220,83,0,4,21923454,955,21,0,0
21925929,1426,40,0,0,22021219,1145,25,0,0
22024650,807,110,0,0,22020569,664,40,0,0
21972858,2074,41,0,3,21979830,638,112,0,0
22003668,1957,49,0,4,22003667,2533,37,0,0
21964713,1878,45,0,1,21982656,1545,25,0,0
21970234,271,44,0,2,21901753,578,31,0,0
21972221,1147,83,0,6,21918852,2084,86,0,0
21953917,1555,32,0,0,21907376,309,27,0,0
21935951,695,36,0,0,22014386,1991,41,0,0
22005579,914,80,0,1,21936418,616,217,0,0
21928750,1699,85,0,0,21949279,200,61,0,0
22004905,840,45,0,2,21980474,509,75,0,0
21929198,2055,36,0,5,21917579,1664,55,0,0
22005654,1290,77,0,3,21956495,1007,118,0,0
22032732,1314,48,0,5,21924606,202,24,0,0
22008018,914,78,0,13,21963177,1429,26,0,0
21978604,368,65,0,2,21922673,1611,15,0,0
22004992,1311,30,0,1,21972941,1486,19,0,0
21927911,1867,47,0,1,21996683,675,64,0,0
21943458,745,48,0,1,22035583,1301,32,0,0
21917801,1705,42,0,0,21999648,605,20,0,0
21934148,1438,20,0,2,21910968,1907,28,0,0
21994036,1387,82,0,1,21929072,1102,73,0,0
22019672,1395,52,0,0,21931793,688,74,0,0
21922530,981,49,0,2,21912609,1596,65,0,0
21959350,1297,54,0,5,21968734,982,58,0,0
21983657,693,32,0,1,22021846,1690,77,0,0
22033192,2089,23,0,0,21948699,598,44,0,0
21996830,648,34,0,2,21955372,796,50,0,0
22031327,895,51,0,4,21949817,2154,55,0,0
21949165,2111,54,0,1,21957287,1120,33,0,0
21994568,1731,37,0,5,21956293,484,29,0,0
21968896,1698,19,0,2,22033047,1486,99,0,0
21925458,844,52,0,4,22025893,2114,22,0,0
22004542,1150,32,0,0,21964149,1301,41,0,0
22040215,732,34,0,2,21995508,1324,41,0,0
22007141,1630,16,0,3,21996181,1614,21,0,0
21932075,2047,28,0,1,21934028,1142,55,0,0
21975069,950,68,0,3,22001978,1449,64,0,0
21971794,680,83,0,3,21933620,1302,29,0,0
22036199,682,61,0,6,21911482,854,38,0,0
22029190,1102,59,0,0,21910410,619,46,0,0
21919021,866,39,0,2,21912553,826,26,0,0
21952554,819,25,0,2,22028781,654,41,0,0
21978788,988,47,0,5,22025657,1067,60,0,0
21951423,938,28,0,3,22028357,1783,24,0,0
21911517,1843,47,0,0,21921629,1020,48,0,0
21974742,1718,72,0,1,21969048,1686,34,0,0
21963853,1569,37,0,5,21960806,636,40,0,0
21940938,357,27,0,0,22022817,1511,57,0,0
21949326,619,48,0,0,21938348,1962,61,0,0
21913053,262,124,0,0,22002272,1359,50,0,0
22041203,1640,30,0,1,22009597,424,59,0,0
21913801,884,40,0,4,22039544,1105,81,0,0
21991366,1272,39,0,3,21907879,1279,35,0,0
21911914,274,76,0,3,21930194,1389,35,0,0
21990685,1662,60,0,0,22004559,320,107,0,0
21917246,1002,43,0,2,21913902,1188,52,0,0
22031044,696,41,0,4,22031242,236,61,0,0
22026942,1613,33,0,2,21961722,1293,89,0,0
22025671,1133,45,0,2,22018074,1785,33,0,0
21916631,1158,44,0,5,21963503,769,62,0,0
21906468,633,60,0,1,22041801,860,27,0,0
22037282,1465,38,0,1,22030260,1652,25,0,0
21958801,281,31,0,2,21963782,1816,44,0,0
21932148,1508,77,0,2,21925229,865,63,0,0
21948681,927,67,0,1,21985685,1738,21,0,0
21961944,800,38,0,2,21953593,1403,62,0,0
21932132,971,19,0,3,21908815,617,47,0,0
21988789,389,21,0,2,22028625,1102,206,0,0
22007405,1653,88,0,2,22023591,924,58,0,0
22017992,1170,48,0,1,22012695,2181,23,0,0
21929183,1228,69,0,13,21926166,1209,27,0,0
21934229,836,42,0,0,21950938,1030,34,0,0
21914809,738,48,0,2,22010787,2124,64,0,0
21936201,424,76,0,1,21935601,2582,64,0,0
21984164,997,73,0,1,22003615,266,39,0,0
21949055,1099,70,0,2,22012231,179,193,0,0
21988390,405,35,0,3,22002365,2011,31,0,0
21923082,1653,31,0,2,21965985,2380,29,0,0
21925792,248,38,0,7,21989714,1471,54,0,0
21974007,1157,131,0,0,21914835,882,46,0,0
22006102,1236,22,0,1,21995293,475,34,0,0
21938838,881,34,0,4,21992750,1174,62,0,0
21941126,1671,29,0,3,21940969,964,19,0,0
22009119,1199,34,0,1,21929835,2566,26,0,0
22014627,1046,26,0,1,21924004,1132,79,0,0
22007813,275,58,0,2,21960838,1438,39,0,0
22035979,1220,25,0,0,21995693,1897,29,0,0
22000985,1635,53,0,1,22024467,1667,233,0,0
22000083,1490,48,0,2,21914045,1050,17,0,0
22035896,570,313,0,8,21964707,507,45,0,0
21912619,912,50,0,4,22003086,459,57,0,0
22010235,748,22,0,5,22020770,624,66,0,0
21936477,1345,18,0,3,21973618,1079,38,0,0
21992190,1232,37,0,1,21994254,716,42,0,0
21929492,2289,41,0,3,21979914,493,21,0,0
21985468,1410,26,0,0,21912325,930,36,0,0
21915649,1204,26,0,1,22015698,727,39,0,0
22030538,932,100,0,1,22007961,1245,55,0,0
21976673,2279,52,0,3,21907862,1316,39,0,0
22008555,1561,76,0,1,21940924,2007,45,0,0
21956063,1487,37,0,2,22035531,1579,37,0,0
21924695,1550,53,0,1,21938065,846,23,0,0
22019149,1264,50,0,3,21976969,1530,61,0,0
21976988,723,23,0,1,21920618,199,44,0,1
21948604,1153,29,0,2,21944011,816,39,0,0
21922427,664,65,0,4,21981399,1057,30,0,0
21935366,1417,36,0,1,21986266,1270,43,0,0
21906646,1378,42,0,0,21922569,711,66,0,0
21951438,1314,43,0,3,21933983,508,42,0,0
21932611,898,51,0,6,21997540,417,36,0,0
21918272,828,22,0,2,21960745,221,34,0,0
21913716,2102,31,0,1,22029298,456,26,0,0
21931699,1128,36,0,4,21917020,1822,42,0,0
22022109,609,38,0,1,21906957,1333,43,0,0
21962304,1773,18,0,1,22042676,1897,29,0,0
22028911,932,30,0,2,22032217,498,31,0,0
21976679,125,77,0,0,22021423,1415,58,0,0
22006814,1600,23,0,1,21937231,894,54,0,0
21966985,1488,31,0,1,21995487,2078,81,0,0
21932785,2106,17,0,6,21985583,1496,61,0,0
22029139,1990,26,0,0,21943394,1045,51,0,0
22004417,1586,28,0,0,21934627,1384,48,0,0
21926809,1149,28,0,1,21965334,1681,23,0,0
21962221,1750,28,0,2,22005019,462,500,0,0
21974146,508,56,0,8,21973953,626,45,0,0
21949631,912,253,0,3,21963521,986,35,0,0
22035378,1334,27,0,0,22026672,1960,38,0,0
21964590,687,83,0,2,21912618,1166,31,0,0
21989349,1135,30,0,2,21910666,1521,19,0,0
21990624,605,67,0,1,22022407,1249,37,0,0
22020121,1188,60,0,1,21997562,820,19,0,0
21915953,130,52,0,3,21997415,813,43,0,0
21929254,1995,68,0,6,22015481,1202,40,0,0
21983171,814,55,0,2,21976660,2261,44,0,0
22046427,976,17,0,2,21974252,971,27,0,0
21937266,1142,51,0,2,21911315,1879,51,0,0
21949763,1782,35,0,0,22018915,682,37,0,0
22015239,1171,45,0,1,21948347,1554,32,0,0
21973574,1585,40,0,4,22016745,763,31,0,0
21963069,1829,34,0,2,21920940,596,26,0,0
21920775,719,29,0,7,21984602,836,32,0,0
22032966,566,45,0,2,22030214,1916,26,0,0
21978841,2391,126,0,1,22027367,2590,72,0,0
21920769,1332,45,0,1,21939947,614,42,0,0
21956946,1667,82,0,2,21924718,1443,28,0,0
21940854,1140,46,0,4,21995533,804,60,0,0
22021651,2325,49,0,5,22043957,1126,40,0,0
22000483,766,65,0,7,21912012,2166,45,0,0
21915714,997,57,0,2,22049183,859,40,0,0
21996032,1114,94,0,2,21917053,1172,32,0,0
21964591,1747,48,0,5,21919627,1873,45,0,0
21993833,1578,53,0,0,21992204,808,66,0,0
21973051,1271,59,0,6,21942794,1320,40,0,0
21975979,961,58,0,1,22014302,806,30,0,0
21923022,1299,34,0,7,21965855,407,41,0,0
21963721,159,28,0,0,21921293,759,67,0,0
21965829,2217,50,0,1,21991277,933,32,0,0
21968097,842,21,0,2,22033654,659,45,0,0
21974172,1430,42,0,2,21918950,580,22,0,0
21931999,1183,30,0,0,21994289,340,29,0,0
22038687,2466,46,0,1,21942426,144,36,0,0
21924368,1629,30,0,1,22010492,1198,28,0,0
22041314,1224,69,0,1,22042902,2309,34,0,0
22019253,834,43,0,1,21927883,680,78,0,0
21962094,908,28,0,1,21999577,1063,39,0,0
21941100,529,20,0,0,22005096,982,25,0,0
21921597,1055,38,0,3,21918185,451,86,0,0
21946753,1849,44,0,2,22019180,411,34,0,0
21912564,1600,73,0,0,22000757,732,37,0,0
22037594,967,53,0,0,21926169,1276,26,0,0
21995574,666,30,0,1,21927728,109,41,0,0
21998754,765,34,0,1,22019695,1675,95,0,0
21979256,2090,31,0,1,22026917,1615,16,0,0
21971311,784,49,0,1,21947331,974,46,0,0
21914087,2336,27,0,5,22028757,1173,24,0,0
22001571,907,69,0,0,21919693,1686,74,0,0
21997539,486,22,0,1,21914452,912,49,0,0
21936559,1301,34,0,0,22022387,1625,78,0,0
21933131,705,43,0,5,22049727,1075,70,0,0
21998650,911,66,0,2,21973463,2526,26,0,0
21964620,411,66,0,0,21975880,1302,25,0,0
21955526,799,53,0,2,22044017,1338,85,0,0
21926177,1301,82,0,1,22030975,854,64,0,0
21943544,818,59,0,3,22019555,991,54,0,0
21914795,341,69,0,8,22037660,610,21,0,0
22048500,1998,43,0,1,22004989,1189,71,0,0
21926558,649,56,0,0,22048165,1263,59,0,0
21915718,1121,18,0,0,22022930,2153,76,0,0
22035318,2080,44,0,0,22047934,872,60,0,0
22034991,446,48,0,0,22026340,1909,39,0,0
22042299,146,107,0,3,21920506,960,57,0,0
21960077,989,51,0,0,21985186,1812,66,0,0
21993803,687,78,0,2,21987132,870,70,0,0
22049818,480,86,0,11,21957873,1251,33,0,0
22024400,559,22,0,2,22017311,690,79,0,0
21970495,1256,50,0,4,22028259,363,55,0,0
22030079,2387,58,0,2,21923079,1738,62,0,0
21971413,985,54,0,0,21919895,632,53,0,0
22033282,761,346,0,1,22020361,870,67,0,0
21993584,249,85,0,0,21956246,756,21,0,0
21974583,801,23,0,1,21974320,400,52,0,0
21989875,1812,19,0,0,22052142,1876,24,0,0
21981560,951,42,0,0,21974113,675,20,0,0
22030301,1723,39,0,6,21989849,1740,43,0,0
22007384,1295,33,0,8,21976175,191,71,0,0
22028732,1162,20,0,4,21940291,968,37,0,0
22049482,1279,18,0,0,21989479,691,44,0,0
21977416,1515,36,0,15,21986718,1685,54,0,0
21995062,1505,58,0,1,21918583,2095,53,0,0
21924335,1242,47,0,1,22015240,1160,38,0,0
22044102,740,57,0,1,22041249,1144,36,0,0
21986115,265,115,0,4,22044351,631,47,0,0
22012896,1504,31,0,1,21966223,980,73,0,0
21956276,688,41,0,1,21967932,1122,49,0,0
21941275,669,43,0,1,21967297,1001,47,0,0
21986285,1163,82,0,3,21942526,845,48,0,0
22017393,1263,68,0,2,22007644,1647,34,0,0
21930794,2262,28,0,1,21922774,426,30,0,0
21916969,1567,26,0,1,22016022,883,20,0,0
22038116,2551,35,0,2,21966550,713,77,0,0
21961720,638,22,0,2,21964832,1733,59,0,0
21969895,1239,42,0,1,22012550,529,63,0,0
21914598,1028,24,0,4,21972866,2045,34,0,0
21913566,1098,57,0,3,22027939,2065,22,0,0
21934306,1934,18,0,6,21965591,843,35,0,0
22014181,655,23,0,1,21973643,1232,38,0,0
21969188,1173,34,0,4,21944676,1567,55,0,0
21941984,2012,41,0,0,21955603,1320,32,0,0
22032363,2145,47,0,1,21914073,2370,29,0,0
22014206,1423,42,0,1,21988295,1144,26,0,0
21970276,850,25,0,5,21947552,1884,62,0,0
21937516,350,47,0,5,21916355,2159,19,0,0
21938510,1044,29,0,0,22017412,1438,19,0,0
21951159,999,41,0,7,21937833,1433,63,0,0
21959902,413,15,0,3,22051476,2142,26,0,0
21980098,602,29,0,11,22003789,403,62,0,0
21920717,1139,44,0,5,22034470,604,47,0,0
22046530,859,104,0,2,21939509,1580,121,0,0
21978585,1205,32,0,1,21950460,1071,62,0,0
21951072,2432,42,0,1,22013985,610,37,0,0
22010318,1267,35,0,0,21929677,311,46,0,0
21973000,1108,93,0,1,22031257,1498,29,0,0
21993517,1681,60,0,3,21921148,2140,56,0,0
21919276,720,14,0,0,21987780,1682,31,0,0
22023183,965,141,0,1,22040308,1101,46,0,0
21919020,2353,45,0,1,21973833,673,41,0,0
22007241,1044,62,0,1,21932466,815,46,0,0
21921726,754,49,0,0,21978031,1317,78,0,0
21929164,2263,36,0,1,22050275,1051,51,0,0
21913986,648,15,0,0,21957747,1237,31,0,0
22053182,652,81,0,0,22008286,1485,27,0,0
21938016,1002,58,0,0,21936315,2159,32,0,0
22052943,1466,44,0,3,22002844,1210,33,0,0
22042950,1255,26,0,0,22011683,377,21,0,0
21937465,1843,49,0,3,22001959,1093,61,0,0
21922719,751,41,0,1,21936029,744,54,0,0
21989672,470,38,0,0,21970593,955,35,0,0
21953876,1231,25,0,2,22037669,1033,24,0,0
21953265,798,54,0,0,21984599,1178,36,0,0
21930849,2060,30,0,4,21923320,1647,45,0,0
21974459,1328,51,0,9,21951181,1693,37,0,0
21988633,1182,40,0,0,21980812,1219,48,0,0
21975427,2513,37,0,1,22044430,1318,64,0,0
21978742,2035,56,0,4,21917508,885,43,0,0
21974924,1708,35,0,1,22002912,911,66,0,0
22037862,1543,35,0,0,21924766,1164,82,0,0
22016128,1138,62,0,0,21929240,1202,158,0,0
21998582,622,28,0,3,21917136,2527,24,0,0
21924925,675,35,0,1,22030012,1854,35,0,0
22052448,1841,35,0,0,21933295,1123,44,0,0
22037085,319,43,0,1,22019657,725,20,0,0
21992421,1080,54,0,0,21991249,1739,35,0,0
21932411,1343,41,0,2,22053777,848,55,0,0
21932522,1321,61,0,5,21947849,679,75,0,0
22044516,836,49,0,1,22021893,1356,41,0,0
21948078,2111,32,0,1,22011611,523,42,0,0
22049977,1164,36,0,3,21924302,1265,23,0,0
22006277,601,29,0,2,21987195,1699,91,0,0
22020871,2559,35,0,0,22034219,947,45,0,0
22028523,717,45,0,4,22034403,1343,53,0,0
21956222,1267,70,0,0,21963624,908,43,0,0
21919827,817,65,0,0,21960968,1591,44,0,0
21979286,1845,38,0,1,21933610,1630,31,0,0
21973330,1391,19,0,4,21951671,448,29,0,0
21982477,2126,14,0,3,22006023,1954,35,0,0
22008712,2648,56,0,2,21943957,2479,16,0,0
22005693,1373,44,0,1,21941703,1147,26,0,0
21952993,1009,29,0,7,22020710,1494,46,0,0
22050932,1281,44,0,0,22001951,793,86,0,0
21934373,446,47,0,0,22030195,2176,32,0,0
21917644,734,32,0,1,21940737,1154,37,0,0
21982852,306,51,0,1,22040958,1688,32,0,0
22032686,994,36,0,1,21973938,1332,54,0,0
22021970,500,48,0,4,22004481,1134,63,0,0
21926261,2112,45,0,6,21974911,1847,38,0,0
22021349,1061,34,0,1,21980902,1668,49,0,0
21987304,1614,41,0,2,21995381,154,32,0,0
22043338,578,65,0,1,21931725,1153,69,0,0
21995653,628,35,0,0,21916937,1610,33,0,0
21966950,1599,69,0,0,21997894,1006,17,0,0
21992656,886,60,0,1,21978647,675,84,0,0
21958503,1849,31,0,0,22046219,2081,21,0,0
21985423,1140,38,0,3,21947324,2594,51,0,0
22003464,854,28,0,2,22003275,128,77,0,0
22018406,801,85,0,1,21920291,632,27,0,0
21937947,567,48,0,0,21983593,1218,34,0,0
22024939,1128,33,0,7,21942630,592,56,0,0
21998805,2298,46,0,1,21957377,1511,118,0,0
22018846,957,50,0,0,22014330,2447,38,0,0
21943970,1216,25,0,2,22008097,1716,28,0,0
21970494,732,179,0,2,21986119,905,28,0,0
21932651,363,35,0,2,21935863,226,113,0,0
22027625,975,62,0,1,22027796,1987,56,0,0
21963004,1046,67,0,2,21968067,1950,49,0,0
22039988,2349,31,0,1,21959213,2111,31,0,0
21944080,692,37,0,2,21967165,911,18,0,0
21939416,725,35,0,3,21919723,995,80,0,0
21927171,1339,35,0,17,22016113,1392,27,0,0
21935729,413,55,0,4,21922598,1054,69,0,0
21949516,1733,42,0,2,22007778,928,34,0,0
22008191,1897,37,0,0,21976489,1129,34,0,0
21932012,1221,42,0,0,22052969,1046,88,0,0
22002374,1297,47,0,1,22003448,1857,47,0,0
21948511,1618,45,0,2,21922915,686,91,0,0
22040622,1620,75,0,1,21993749,177,61,0,0
21989302,1125,57,0,5,22046906,1913,99,0,0
22052642,1178,64,0,8,21965156,443,43,0,0
22019525,620,71,0,1,22030641,1113,26,0,0
21964680,1105,30,0,5,21951789,522,36,0,0
22045312,849,60,0,2,22053245,648,45,0,0
21970324,1834,84,0,0,22022455,1030,20,0,0
21926161,988,24,0,5,22026716,1013,9,0,0
21967723,614,86,0,1,21921900,1689,106,0,0
21944727,1305,60,0,0,22022054,817,16,0,0
22023050,521,135,0,4,22048670,1436,68,0,0
21948858,519,48,0,2,21929851,2406,36,0,0
21969227,1602,158,0,3,22051397,901,58,0,0
22026842,1191,40,0,2,21990594,1712,55,0,0
22013446,891,76,0,3,22055074,563,34,0,0
22004783,1030,68,0,1,21984389,364,46,0,0
21934391,1260,48,0,2,21942819,1465,27,0,0
21930120,1171,90,0,2,21925312,1342,84,0,0
22001822,824,28,0,3,21986876,667,21,0,0
22051128,942,70,0,0,22014493,175,44,0,0
22006253,1816,50,0,2,22003883,1403,26,0,0
21974530,713,70,0,0,22056891,1116,30,0,0
21987176,700,35,0,2,21991048,1460,36,0,0
21941654,939,16,0,3,22003477,772,38,0,0
22036970,1125,57,0,4,22055262,1714,60,0,0
21973815,1307,63,0,0,21952166,789,68,0,0
22035382,850,23,0,0,21998069,700,60,0,0
21944858,1672,33,0,1,22035333,475,55,0,0
22010008,1677,31,0,2,21939284,1204,17,0,0
21996913,714,64,0,2,22043649,1398,58,0,0
22044652,1553,17,0,1,22010971,676,52,0,0
22051582,1234,78,0,8,21940550,1881,17,0,0
21989655,1443,83,0,2,22038679,1186,45,0,0
21966957,1438,38,0,0,21933969,2219,40,0,0
21930391,982,26,0,2,21963508,2506,32,0,0
22038573,1072,30,0,2,22043426,328,135,0,0
21948528,1143,82,0,6,21960291,1592,37,0,0
21922812,1279,20,0,2,22046287,1067,48,0,0
22034646,1841,58,0,3,22018539,655,39,0,0
21936273,1230,60,0,1,22014591,1247,25,0,0
21983701,349,40,0,8,21938972,198,96,0,0
21966838,2157,38,0,1,21950715,1185,62,0,0
21968391,864,63,0,1,21963790,657,30,0,0
21937148,721,35,0,4,21975400,1406,45,0,0
21951753,303,87,0,2,21934756,1130,84,0,0
21948223,1729,64,0,0,22013146,1067,62,0,0
21999318,1327,43,0,1,22042998,1251,27,0,0
21928642,1414,26,0,1,21926758,1607,28,0,0
21941916,1753,70,0,2,21940828,2151,26,0,0
22058751,931,42,0,18,22003328,617,48,0,0
22029433,777,59,0,3,22019387,2427,24,0,0
21930408,590,68,0,0,22023663,684,27,0,0
22041731,908,130,0,6,22032722,2447,29,0,0
21954523,528,72,0,1,21981314,325,17,0,0
21965837,1500,28,0,10,22003209,1837,93,0,0
21932544,937,39,0,0,22039993,1688,44,0,0
22008971,886,62,0,2,22038557,906,42,0,0
22048107,2506,34,0,1,21977081,886,85,0,0
21966145,1173,31,0,2,21988321,1190,21,0,0
21984495,1120,32,0,5,21977549,1600,52,0,0
21928821,895,42,0,4,21995587,1931,114,0,0
22018273,1554,57,0,4,22038967,460,51,0,0
21928030,2326,36,0,2,21924487,1192,41,0,0
21968821,1122,46,0,2,21983854,1511,58,0,0
22024523,261,40,0,5,21961846,633,74,0,0
22029533,733,53,0,1,21923330,688,34,0,0
21962729,1249,38,0,5,22048370,359,49,0,0
22003249,1062,56,0,0,21982569,936,48,0,0
22029628,1451,60,0,1,21947307,597,22,0,0
21956517,276,49,0,0,21936190,1663,33,0,0
22021815,597,24,0,4,22047788,1610,39,0,0
21926719,1314,49,0,1,21940842,626,55,0,0
21934226,2345,100,0,3,21948227,2090,25,0,0
21936497,282,64,0,3,21964377,1178,18,0,0
21985920,1465,45,0,1,22029522,1646,89,0,0
21985214,1942,31,0,1,22031197,727,20,0,0
21960727,1445,32,0,2,22059016,827,36,0,0
22037194,2144,32,0,4,22045403,539,64,0,0
21944877,171,52,0,0,22022478,1895,35,0,0
21953947,771,80,0,3,21999836,647,58,0,0
22035336,1178,35,0,3,22036562,1409,60,0,0
21928779,1326,42,0,0,21933341,1761,45,0,0
21960404,1732,37,0,0,22045765,2392,48,0,0
22026251,1064,72,0,3,21979146,1092,41,0,0
21952781,1313,51,0,0,21939732,1171,40,0,0
22038479,1819,18,0,4,22038758,971,61,0,0
21985015,839,43,0,4,21982597,1618,86,0,0
22002842,1585,71,0,1,22044615,703,42,0,0
22044116,1552,31,0,4,21932263,1552,34,0,0
22051733,2361,38,0,0,21981952,1068,48,0,0
22003801,1515,58,0,1,22047077,1131,188,0,0
21948918,597,53,0,1,21950344,655,43,0,0
22023558,938,36,0,0,21978787,467,40,0,0
22050482,1184,70,0,0,22035280,2141,25,0,0
21952587,1854,38,0,0,21982263,1229,33,0,0
22030282,1170,72,0,1,21962278,247,111,0,0
21971939,218,62,0,0,21955528,1425,37,0,0
22064832,1610,44,0,0,21953356,1490,26,0,0
21979114,1800,49,0,3,21993185,609,41,0,0
21938366,2598,44,0,1,21965247,2177,22,0,0
22045593,842,40,0,3,22012295,1434,37,0,0
22029292,1768,58,0,3,22022296,829,53,0,0
21970227,1919,56,0,1,21945404,636,43,0,0
22042606,343,50,0,4,21997583,1489,29,0,0
21984686,1041,42,0,2,21975982,1241,61,0,0
22045187,453,34,0,1,22037423,907,38,0,0
21956382,1533,52,0,0,22059394,425,28,0,0
22042784,1177,38,0,0,21949433,1168,48,0,0
21987180,1684,41,0,2,21982574,1181,63,0,0
22064751,590,31,0,1,22033299,1863,50,0,0
22028393,1331,21,0,2,21968837,1585,61,0,0
21953850,894,55,0,4,22015846,1645,54,0,0
21957329,913,44,0,1,22015529,1630,17,0,0
21934233,820,66,0,10,21930748,1311,25,0,0
22060885,1626,40,0,0,21930107,2492,90,0,0
21939733,1285,46,0,2,22011085,1143,82,0,0
21931501,646,13,0,1,22060120,119,27,0,0
21959595,857,32,0,1,22046615,611,25,0,0
22014854,1645,29,0,1,21936302,920,32,0,0
21943909,1687,43,0,4,22047811,844,54,0,0
22044306,852,44,0,3,21990182,1483,48,0,0
22062654,311,66,0,2,22060403,1114,36,0,0
22067524,543,69,0,1,21924903,1284,37,0,0
21993961,487,75,0,6,21924933,1148,68,0,0
21960853,643,55,0,1,22001732,2649,42,0,0
22016560,1217,13,0,1,22036972,607,117,0,0
21982188,2041,31,0,1,21971108,600,45,0,0
22038126,693,52,0,5,22007336,363,108,0,0
22037842,1827,51,0,7,21991263,235,29,0,0
21935417,925,26,0,2,22065834,1606,84,0,0
21977695,1289,30,0,1,22061190,261,40,0,0
21933042,1391,38,0,3,21987332,454,16,0,0
21974721,1673,35,0,1,22025264,632,40,0,0
22037795,984,47,0,1,21970733,855,109,0,0
21948431,1215,41,0,1,22034129,1231,16,0,0
21980806,779,58,0,0,21982922,1183,139,0,0
21930390,536,60,0,1,21996112,603,30,0,0
21938779,1562,28,0,1,22004189,1082,30,0,0
22066470,1687,36,0,8,22021208,1143,123,0,0
22062420,1286,66,0,2,22019782,468,42,0,0
21955660,1714,60,0,9,22055286,606,70,0,0
21927168,387,29,0,2,22061666,1686,39,0,0
21999813,1180,29,0,1,22029618,712,52,0,0
22044774,2234,19,0,2,22034342,1022,48,0,0
22013549,2262,22,0,0,21981851,759,64,0,0
22046348,652,80,0,3,22017127,1101,37,0,0
22027283,1992,80,0,2,22057397,1715,38,0,0
21934141,2555,43,0,2,21930199,1278,27,0,0
22069225,1128,46,0,0,22002573,991,71,0,0
21995008,823,43,0,3,22054645,634,46,0,0
21965151,1964,27,0,1,21932029,1497,126,0,0
21983312,816,87,0,4,21933260,131,41,0,0
21960156,741,29,0,5,22043636,1404,17,0,0
22004254,717,102,0,0,21967016,1998,56,0,0
22034291,1132,39,0,5,22068390,1786,73,0,0
21996317,1619,68,0,4,21968658,1891,50,0,0
22067327,1766,22,0,4,21954918,352,84,0,0
21951896,1944,33,0,2,22015324,2587,47,0,0
22031787,583,25,0,3,21936437,1292,38,0,0
21957876,487,68,0,2,21975439,775,65,0,0
21932168,125,73,0,0,22049606,1015,15,0,0
22042389,1670,49,0,1,22010493,1146,37,0,0
21942663,1297,65,0,1,22000796,1251,56,0,0
21998962,1682,59,0,4,22035625,463,40,0,0
22002094,515,40,0,0,21962057,1207,104,0,0
22015829,1790,27,0,7,22043513,170,45,0,0
21937861,919,18,0,0,21960119,1408,52,0,0
22019491,739,43,0,1,22044283,2199,50,0,0
22038073,416,53,0,0,21937637,1453,17,0,0
21987876,1253,48,0,2,21952061,1755,22,0,0
22022359,757,45,0,2,22022957,613,43,0,0
22057478,1506,45,0,3,21931716,656,29,0,0
22050662,1167,48,0,3,22019957,1917,56,0,0
22018982,210,79,0,2,21957761,849,27,0,0
22028224,1854,36,0,8,21928825,1746,32,0,0
22010832,349,57,0,6,22068891,1226,89,0,0
21959987,1259,28,0,4,22010224,881,33,0,0
21970110,1628,28,0,7,21990937,1513,36,0,0
22018878,1771,26,0,2,21951368,2146,73,0,0
21942414,596,34,0,3,22057761,1210,54,0,0
22046363,1713,22,0,1,22071216,2075,35,0,0
22000852,2148,63,0,0,22047646,1156,39,0,0
22065786,1675,23,0,1,22018316,1042,20,0,0
22053100,720,90,0,0,21989112,1338,42,0,0
22063206,1791,44,0,7,22040031,1360,95,0,0
21975424,129,29,0,2,22018825,1651,52,0,0
22036681,2151,66,0,1,22056660,960,34,0,0
22023542,2098,55,0,2,21981751,892,33,0,0
21940886,813,90,0,2,21969481,1771,34,0,0
22000892,2501,45,0,4,21940361,834,22,0,0
21981632,666,23,0,4,21985982,322,39,0,0
22000214,1569,27,0,1,22013555,474,39,0,0
22055979,1306,27,0,7,21982111,1443,49,0,0
22043799,1471,65,0,4,21999807,2172,25,0,0
21985058,243,36,0,2,21938110,2011,36,0,0
22013888,887,30,0,3,21994065,2433,61,0,0
21945795,1388,48,0,4,21940498,848,43,0,0
22000896,1433,81,0,1,21972860,1321,96,0,0
22015236,959,76,0,3,21988385,1560,53,0,0
22031634,2207,92,0,5,22017546,685,27,0,0
21967698,639,78,0,1,22060728,1659,25,0,0
21972964,1390,28,0,1,21948458,757,39,0,0
22038610,2205,41,0,2,22055615,774,45,0,0
21945265,2142,70,0,1,22007811,1983,41,0,0
21980286,746,86,0,1,22010029,875,18,0,0
21941565,728,30,0,4,21939922,1173,18,0,0
22021216,1503,44,0,0,22019348,1522,56,0,0
22058553,1884,78,0,0,21934066,1109,73,0,0
21935961,500,52,0,2,21932991,2173,33,0,0
21974367,629,40,0,0,21980128,965,33,0,0
21973655,698,33,0,7,22069217,381,32,0,0
22044312,999,30,0,0,21988502,801,44,0,0
21995480,1944,34,0,1,21939532,1554,81,0,0
22016275,926,46,0,2,22044585,1722,88,0,0
22040903,1339,42,0,1,21968716,1039,63,0,0
22064490,586,61,0,0,22023022,2319,77,0,0
21971394,861,50,0,0,21974958,491,56,0,0
21946818,1171,28,0,2,21948664,1707,44,0,0
21977007,1035,36,0,0,21966767,996,64,0,0
22036701,1313,35,0,0,21970756,1220,26,0,0
21962609,2575,39,0,6,22027246,1708,50,0,0
22013018,1435,75,0,5,22013674,144,76,0,0
21996323,720,47,0,2,21970346,1004,58,0,0
21996897,1272,39,0,1,22020768,1621,20,0,0
22014384,123,88,0,6,21986052,1671,71,0,0
22049019,1767,102,0,1,22014716,1326,34,0,0
22034148,392,97,0,4,21958062,2208,17,0,0
21983011,1323,41,0,4,22025737,1542,33,0,0
22000450,621,62,0,1,21949975,1530,58,0,0
21961015,1458,16,0,1,21988419,1077,62,0,0
22021472,1256,26,0,3,22059918,1232,78,0,0
22014363,1111,88,0,2,22018960,1073,44,0,0
21951619,660,77,0,6,22034656,741,39,0,0
22052107,1597,22,0,0,22073350,2339,35,0,0
21967293,887,46,0,1,22001784,965,58,0,0
22044260,705,70,0,5,21932882,2303,39,0,0
22022206,688,43,0,0,22011451,2236,44,0,0
21973634,1173,43,0,2,22009014,927,116,0,0
22059146,1403,28,0,4,22035314,739,39,0,0
21974224,727,53,0,2,21984010,1463,41,0,0
22038473,1009,44,0,3,22049056,946,84,0,0
22047746,436,120,0,0,21947918,816,35,0,0
22052232,1239,86,0,4,22074965,1231,42,0,0
21938489,1350,39,0,8,22013973,2402,46,0,0
22072018,821,63,0,3,21984458,553,43,0,0
22047921,205,79,0,1,22005591,1391,35,0,0
22055681,1291,53,0,3,21963495,2678,62,0,0
22055166,991,70,0,2,22066764,1678,53,0,0
22070346,690,84,0,4,22045956,1497,61,0,0
22025964,1783,20,0,1,22059473,633,43,0,0
21985914,1253,60,0,0,21987528,667,67,0,0
21968307,471,40,0,1,22036389,798,42,0,0
22007362,2594,35,0,0,21937526,1146,48,0,0
22042887,736,230,0,3,22003458,1261,52,0,0
21992479,1820,40,0,0,21956287,1000,50,0,0
22007337,237,57,0,6,22062775,939,29,0,0
22024470,698,64,0,4,21945091,1905,60,0,0
22000115,158,66,0,0,21985786,1374,61,0,0
21971190,1246,96,0,2,22066948,896,25,0,0
22035825,1169,55,0,5,21976214,1091,43,0,0
22004476,1117,65,0,0,21960677,577,40,0,0
22004520,708,30,0,2,21949575,977,107,0,0
22011266,1099,42,0,1,22040931,1141,28,0,0
21966290,1253,20,0,13,22020320,1629,27,0,0
21941078,747,59,0,1,22056799,705,37,0,0
22036971,1208,44,0,5,22056703,1611,50,0,0
22030768,1490,39,0,0,22072210,1156,38,0,0
22004327,2579,29,0,1,22073998,1340,37,0,0
22021385,1650,97,0,2,21982440,628,29,0,0
22031699,1440,45,0,8,21946617,1904,48,0,0
22030198,1181,48,0,0,21933308,617,42,0,0
22003831,1254,37,0,2,21974422,1653,31,0,0
22020338,1576,57,0,5,21940329,2004,48,0,0
22013963,1117,41,0,4,22069311,1860,39,0,0
22037321,1082,45,0,1,21959878,984,51,0,0
21939380,1014,39,0,2,22001194,988,32,0,0
21996722,301,54,0,0,22076648,551,38,0,0
22044296,798,61,0,3,22032992,2022,56,0,0
22042627,1291,58,0,1,22020810,1154,58,0,0
22053341,997,41,0,3,22073203,1139,53,0,0
21956361,456,68,0,0,22010510,466,59,0,0
21998264,698,33,0,2,22001072,842,41,0,0
21987391,693,71,0,3,22046455,1282,55,0,0
22075402,1881,16,0,3,21962948,1590,68,0,0
21991921,1093,22,0,1,22008287,998,69,0,0
21999921,1092,17,0,5,21952686,1168,70,0,0
22045188,865,40,0,0,21994737,1644,51,0,0
22047623,1279,56,0,1,22049997,1275,52,0,0
22002185,1026,32,0,3,21985281,2040,35,0,0
22031621,1221,20,0,2,22078120,2255,57,0,0
21967576,1002,23,0,0,22044689,1181,46,0,0
22061607,1826,31,0,0,21942221,1898,42,0,0
21944997,1270,42,0,0,22051896,1244,72,0,0
21936252,779,52,0,1,21994311,450,73,0,0
22060209,2339,40,0,2,22049443,1299,52,0,0
21968102,1335,43,0,0,22010346,1326,26,0,0
22057533,738,50,0,1,21944876,1285,82,0,0
22023466,2553,56,0,1,21983633,1363,101,0,0
22059597,304,38,0,0,21948621,1792,29,0,0
21951568,580,44,0,3,21937986,989,43,0,0
22022269,1175,32,0,1,22049538,1653,41,0,0
22056775,929,23,0,3,22045481,1460,18,0,0
22032067,616,61,0,2,22066923,1573,28,0,0
22063794,990,38,0,2,21944722,2074,33,0,0
21936537,1123,25,0,0,22053580,830,50,0,0
21942385,1680,47,0,5,21978648,847,43,0,0
22036411,934,26,0,2,22074414,2048,69,0,0
22039189,1195,35,0,2,22005554,1921,21,0,0
22063903,1728,26,0,3,22026792,1179,48,0,0
21979740,2269,35,0,5,22047779,1083,45,0,0
21987831,1904,38,0,1,21969839,1254,30,0,0
22029381,592,85,0,2,21989930,1165,40,0,0
22019845,1297,53,0,2,22075237,942,42,0,0
21953163,874,22,0,0,21996523,1482,47,0,0
21940244,356,53,0,2,21987462,1205,27,0,0
22056952,1146,26,0,3,21992609,1189,52,0,0
21981308,1731,56,0,2,22018656,943,29,0,0
21940292,1847,19,0,0,22011081,580,29,0,0
21942483,595,58,0,0,21994611,1545,79,0,0
22070480,1261,87,0,6,21975409,1349,29,0,0
21986550,2268,25,0,0,22010849,1223,27,0,0
21963344,529,35,0,0,21937282,897,68,0,0
21973604,438,131,0,2,21960851,1685,40,0,0
21988442,656,51,0,0,22050324,1532,44,0,0
22078697,1144,51,0,5,21980672,1420,34,0,0
22047759,1605,27,0,3,21953372,2153,21,0,0
22026687,1348,41,0,2,21955480,935,50,0,0
22019513,2033,52,0,1,22039826,1760,31,0,0
22003166,1931,35,0,0,22018126,1104,48,0,0
22050680,2005,39,0,2,21984749,634,16,0,0
21992708,1088,36,0,0,22054852,1053,28,0,0
22004134,1337,49,0,1,22067618,1381,33,0,0
22034512,1973,43,0,4,22068486,322,47,0,0
22040569,626,17,0,1,22027306,335,43,0,0
22032456,984,84,0,3,22065993,1205,85,0,0
22036320,836,49,0,6,22001468,1533,71,0,0
21950335,757,85,0,0,22001433,1469,42,0,0
21937626,1851,56,0,0,21956625,1181,50,0,0
22070872,823,65,0,3,22037835,881,31,0,0
22044509,1368,39,0,3,21975546,2257,28,0,0
22027077,367,28,0,4,21990599,2067,50,0,0
22078687,1258,33,0,2,22054804,971,42,0,0
22005768,626,24,0,0,22048901,1042,65,0,0
21957208,373,35,0,2,22004851,248,121,0,0
21936854,654,34,0,4,21973790,1394,40,0,0
22067123,1146,72,0,1,21996545,632,48,0,0
21961877,1378,79,0,0,22036882,2122,27,0,0
21952807,939,30,0,1,22015597,1138,105,0,0
22076229,143,39,0,12,22003794,1632,35,0,0
21948412,1189,30,0,2,21963977,864,31,0,0
22008771,828,80,0,0,21968224,1000,31,0,0
22026149,678,61,0,0,22057092,1274,36,0,0
21948624,1047,23,0,0,21956322,1083,38,0,0
21980937,1100,81,0,0,21975783,955,55,0,0
21974188,1494,40,0,1,21991385,2110,41,0,0
21960057,1185,71,0,2,21969585,1386,82,0,0
22010073,1879,31,0,2,22014906,1853,52,0,0
21952484,1843,21,0,4,22064624,600,44,0,0
22033287,954,26,0,1,22047838,1722,75,0,0
21938217,1605,21,0,1,22028249,1119,140,0,0
21967800,811,26,0,0,22031337,1054,115,0,0
21971583,745,34,0,1,22050549,1019,42,0,0
22051394,1731,60,0,1,22041863,335,68,0,0
21983806,1579,54,0,0,22064198,1568,47,0,0
21989115,412,63,0,0,22039296,1116,83,0,0
21964276,1770,48,0,1,21990966,1364,30,0,0
22005037,121,29,0,4,22055379,748,28,0,0
21967051,218,34,0,0,22035869,392,34,0,0
22032334,1217,32,0,10,22037694,783,41,0,0
21976428,1664,36,0,0,22030412,1547,40,0,0
22046335,1032,34,0,1,21978197,887,24,0,0
22059930,1684,37,0,1,21987656,1321,25,0,0
22074474,228,24,0,1,22071602,2548,32,0,0
21950587,2140,28,0,0,22071438,1139,29,0,0
22076725,2085,69,0,8,21954960,629,22,0,0
22040070,622,60,0,1,21967257,2546,35,0,0
22049167,934,29,0,1,22025991,1034,37,0,0
22020157,1359,42,0,1,21953991,957,85,0,0
21996899,1229,24,0,4,22029395,915,23,0,0
21996383,1777,77,0,4,22063088,773,104,0,0
22017275,982,23,0,0,21941209,1120,24,0,0
22070654,1654,81,0,0,21962266,723,24,0,0
21963324,778,48,0,3,21991953,272,46,0,0
22045239,308,61,0,6,22052429,892,46,0,0
22066481,1008,38,0,0,21987818,1609,117,0,0
22024628,730,71,0,0,22055199,1419,19,0,0
22030193,1873,31,0,1,21961669,1353,63,0,0
22080620,1357,48,0,2,22031733,1287,66,0,0
21974502,938,66,0,2,21939096,2137,18,0,0
21994817,1264,79,0,0,22034801,1069,37,0,0
22041830,829,19,0,3,22052881,832,18,0,0
22061032,969,38,0,2,22019397,941,24,0,0
22040977,1390,44,0,3,22002238,480,20,0,0
22039399,774,88,0,0,21965660,233,27,0,0
22000206,1341,71,0,1,21992438,1902,22,0,0
22032679,1371,61,0,4,22048625,226,102,0,0
22064735,967,27,0,2,22080540,184,50,0,0
22029518,2056,39,0,1,21949646,510,51,0,0
21994386,231,219,0,1,21958610,1346,66,0,0
21960812,1015,23,0,1,22048125,2110,33,0,0
22039695,848,169,0,3,22061198,1464,39,0,0
22027993,1900,66,0,4,21980749,697,37,0,0
21972044,501,27,0,3,21972612,1997,37,0,0
21964275,1623,25,0,0,22028339,1479,41,0,0
22078109,1931,27,0,1,22043122,216,87,0,0
21984264,971,24,0,4,22058419,508,30,0,0
22084128,774,76,0,9,22063877,735,49,0,0
22013347,2422,60,0,1,22049633,1113,22,0,0
21955833,998,46,0,1,21962980,1498,34,0,0
22027227,1472,41,0,5,21986092,2543,41,0,0
22052860,1546,43,0,6,22063631,1266,48,0,0
21999053,1769,22,0,0,21958261,1681,44,0,0
21980463,2458,24,0,4,22046699,910,49,0,0
21951187,903,22,0,2,21941634,2102,45,0,0
22006351,1485,51,0,26,22025235,1451,48,0,0
21986601,1988,38,0,5,22062857,2263,38,0,0
22024996,2131,60,0,1,21996139,1045,74,0,0
22054447,1384,49,0,11,22018313,1135,36,0,0
22079495,1958,65,0,0,22052965,716,50,0,0
21959526,1887,41,0,2,22039937,384,23,0,0
22049615,1272,48,0,1,22078415,1200,49,0,0
22049519,1411,28,0,0,22035242,1335,32,0,0
22023154,1235,22,0,1,22079864,1086,32,0,0
22070922,137,36,0,3,22013334,1423,25,0,0
21999111,1385,27,0,0,21999223,1353,35,0,0
21995133,662,20,0,9,22052399,1246,30,0,0
22066794,818,50,0,2,21984904,434,30,0,0
21958224,340,48,0,0,22067886,1289,59,0,0
22007580,1504,24,0,2,21975847,703,27,0,0
21946188,1089,37,0,9,21945321,665,61,0,0
22084501,938,56,0,5,21979479,917,21,0,0
22039817,711,39,0,1,22084642,813,32,0,0
22047781,1154,112,0,0,21962627,2158,31,0,0
22038827,763,91,0,1,22022196,1627,37,0,0
22037937,541,43,0,2,21968572,2067,52,0,0
22009512,1443,63,0,2,22016423,2044,79,0,0
22077171,2465,30,0,4,22037782,1187,48,0,0
22028632,1502,23,0,1,22012359,325,40,0,0
22045821,1511,52,0,1,22058675,766,84,0,0
22021312,1724,63,0,1,22049724,1286,60,0,0
22076332,400,65,0,1,22073144,2198,58,0,0
22005304,1379,19,0,4,21972354,684,26,0,0
22061313,514,25,0,0,21973132,517,57,0,0
22062496,651,67,0,2,22068368,1180,45,0,0
21994313,1068,55,0,1,22006444,1258,24,0,0
22088047,1949,64,0,1,22009559,924,39,0,0
21954607,1153,22,0,1,22082593,1535,67,0,0
21993563,1520,72,0,3,22020742,462,24,0,0
22071909,1030,421,0,4,22004603,290,14,0,0
21988348,1482,16,0,0,22034266,997,56,0,0
22065918,931,49,0,1,21969416,716,39,0,0
22006786,2089,64,0,1,21968223,236,33,0,0
22074527,2182,61,0,1,21954276,737,297,0,0
22033426,1804,71,0,7,22030727,1688,43,0,0
22037098,1178,26,0,6,22008934,1447,35,0,0
22005187,856,21,0,5,22082869,961,49,0,0
21948838,1101,18,0,0,22073840,2000,18,0,0
21965308,1197,40,0,1,22044303,1617,46,0,0
22038914,1169,21,0,0,21955780,912,30,0,0
22038646,624,33,0,3,22066792,1979,25,0,0
22041771,1180,43,0,2,21984942,1077,43,0,0
22035002,851,18,0,4,21985894,1898,70,0,0
22054717,2157,40,0,0,22072555,1129,41,0,0
21948194,543,57,0,2,22018381,1148,33,0,0
22065379,1257,48,0,10,21998437,1675,77,0,0
22070026,1301,72,0,1,21992942,993,48,0,0
22015673,1181,65,0,3,21979886,947,52,0,0
22018520,423,58,0,4,22034924,917,22,0,0
22002046,786,32,0,5,22024361,398,40,0,0
22014074,1965,57,0,3,21947482,612,75,0,0
22015027,1626,16,0,5,22015248,1746,44,0,0
22041439,1129,54,0,1,22033820,1745,26,0,0
22073454,1104,45,0,4,22068545,1902,49,0,0
21989640,403,56,0,9,21974048,1789,61,0,0
22030141,1783,67,0,5,22085777,1135,20,0,0
22054768,1067,72,0,2,22061631,1982,35,0,0
22026764,1084,18,0,0,21973781,882,34,0,0
21953487,2195,19,0,1,21975021,1426,152,0,0
22050363,857,65,0,5,22010388,1033,27,0,0
21993300,704,41,0,1,21994378,1568,26,0,0
22055524,1585,32,0,2,21955227,952,13,0,0
22038893,379,58,0,3,21988467,742,27,0,0
22037410,1753,42,0,0,22078580,872,18,0,0
21967903,2324,68,0,1,22034013,446,46,0,0
22020025,1078,55,0,2,22020126,1696,78,0,0
22012350,1058,32,0,5,21953925,1121,28,0,0
22048267,891,54,0,3,22058486,849,55,0,0
21993420,651,45,0,0,21981944,1280,83,0,0
22066712,1767,29,0,2,22053899,1190,60,0,0
21970267,1788,45,0,1,22026040,449,63,0,0
22012118,1393,29,0,3,21992390,1618,42,0,0
22028293,1158,35,0,3,21948399,633,47,0,0
22026262,537,55,0,1,22035746,1407,35,0,0
21949012,707,27,0,0,22075616,904,29,0,0
21954850,868,63,0,0,22061570,2180,27,0,0
22074848,1559,44,0,1,22084440,2180,26,0,0
22083862,1527,16,0,3,22031722,888,59,0,0
21981654,528,38,0,0,22068457,1337,38,0,0
21981005,1154,25,0,5,22057297,1080,22,0,0
22015351,341,51,0,0,22045163,633,35,0,0
22021571,1141,41,0,3,21962330,1386,25,0,0
21967290,1348,29,0,0,22074061,1546,38,0,0
22088790,319,28,0,10,22059952,1647,26,0,0
22016894,1690,48,0,1,22036355,1120,44,0,0
21978097,434,39,0,0,22064244,1335,31,0,0
22048639,1566,26,0,1,21958397,473,47,0,0
22084349,617,51,0,1,21992086,757,26,0,0
22007702,107,41,0,0,21970963,820,48,0,0
22090332,1799,58,0,0,21997598,1029,30,0,0
21970919,1334,39,0,0,21967763,1734,21,0,0
21996935,834,50,0,0,22076076,1131,51,0,0
22077412,1551,47,0,1,22091213,1127,46,0,0
22051542,2286,46,0,1,22025860,1671,112,0,0
22033436,2171,23,0,0,22086379,2398,33,0,0
22073918,1049,36,0,1,22053324,890,74,0,0
22037994,1707,45,0,0,22002543,773,67,0,0
21965909,577,48,0,5,22087859,2469,33,0,0
22003949,1600,31,0,0,21995598,1139,50,0,0
22082408,292,37,0,2,22066300,1763,60,0,0
22077433,1373,42,0,1,22035847,1371,55,0,0
21954373,611,64,0,5,22033204,1533,37,0,0
22067134,1202,48,0,0,21989005,1754,68,0,0
22092061,1377,60,0,3,21986179,147,88,0,0
22052574,1215,58,0,10,22053768,2418,43,0,0
21951942,1551,23,0,1,22079430,1262,31,0,0
22056455,2066,29,0,4,22060262,1894,35,0,0
22089024,1084,38,0,6,22049165,1662,59,0,0
22082966,1440,58,0,3,21967844,980,44,0,0
22041416,2132,46,0,7,21958052,804,40,0,0
21974427,1887,56,0,0,21958952,1390,59,0,0
22053593,370,58,0,0,22052128,2128,57,0,0
22075456,661,45,0,0,21949778,2025,51,0,0
22028376,1465,52,0,0,22060275,1334,53,0,0
22088963,460,60,0,1,21966866,2096,36,0,0
22070974,458,73,0,1,22068488,823,153,0,0
21996802,1213,53,0,2,22058939,946,94,0,0
22052130,1339,34,0,1,22055856,1564,51,0,0
21998719,1002,40,0,0,22019806,1843,79,0,0
22046768,1494,60,0,4,21969865,1056,75,0,0
22014872,974,48,0,1,22004990,958,76,0,0
22051225,2158,30,0,4,21974565,2546,34,0,0
21985107,1025,29,0,0,21956459,1115,43,0,0
22037603,1637,77,0,0,22060035,1529,41,0,0
22022676,2129,31,0,5,22053850,1211,56,0,0
22010122,1612,22,0,3,22001024,1279,110,0,0
21961042,1562,74,0,0,21977423,1388,50,0,0
22024070,393,38,0,6,22092925,992,35,0,0
21957389,1156,63,0,1,21951108,1362,59,0,0
22090152,1556,62,0,5,22080076,1742,58,0,0
21968309,1461,23,0,2,22030606,1461,59,0,0
21975303,898,50,0,0,22039952,1126,86,0,0
21969610,605,43,0,0,22012919,1380,27,0,0
21976241,899,45,0,1,22043652,1015,35,0,0
22019775,1614,51,0,5,22053406,759,48,0,0
22073866,1663,59,0,0,21989193,1014,41,0,0
22029092,608,45,0,1,22081710,1006,28,0,0
21998671,1191,51,0,2,22074199,2105,40,0,0
21991057,610,46,0,1,21959405,1870,38,0,0
22022170,2105,50,0,5,21971252,711,32,0,0
21951336,1477,37,0,5,21977540,880,110,0,0
22019102,1814,51,0,0,22062549,783,31,0,0
22095026,1104,54,0,1,22078694,693,35,0,0
22070116,1597,35,0,1,21992863,915,64,0,0
21999191,1623,38,0,0,21953433,861,65,0,0
21979368,2189,37,0,1,21984827,1701,53,0,0
22024157,1192,39,0,0,22009018,1814,28,0,0
21966782,1966,36,0,1,21982584,649,58,0,0
22059849,1414,32,0,2,21978001,346,40,0,0
21969105,365,70,0,5,22036141,1094,61,0,0
22077370,1732,49,0,0,21965250,1513,49,0,0
22018460,1672,30,0,2,22058283,1027,20,0,0
22031035,947,62,0,4,22000169,850,73,0,0
21967638,1154,80,0,4,21973260,1297,48,0,0
22090944,1221,43,0,2,22028863,1226,22,0,0
22012579,1916,51,0,0,22023055,1265,46,0,0
22063154,2088,22,0,2,22041274,1462,80,0,0
22026995,607,32,0,2,22090798,922,43,0,0
22032451,2025,66,0,0,22025196,773,98,0,0
22015878,1642,63,0,0,21958450,2129,26,0,0
22048132,1550,57,0,1,22032531,2310,17,0,0
21962952,1091,63,0,1,22044360,663,30,0,0
22027629,1337,45,0,1,22004086,1229,45,0,0
22094388,751,29,0,1,22067420,1556,19,0,0
22090222,1624,33,0,1,22091013,2189,46,0,0
21994801,538,23,0,0,22039239,2226,79,0,0
22089421,1047,57,0,0,22012165,879,29,0,0
22092856,1702,47,0,1,22095194,1331,39,0,0
21959395,1117,28,0,2,22087033,2268,58,0,0
22041516,1661,40,0,0,22090103,2178,35,0,0
22054683,814,22,0,0,22070252,1598,75,0,0
22057670,2247,45,0,3,21991519,1493,55,0,0
22079346,876,43,0,2,22005175,1606,51,0,0
21974705,921,64,0,4,22043666,1169,30,0,0
22049160,876,61,0,2,21974682,702,49,0,0
22086673,2006,64,0,5,21996839,2012,33,0,0
21970644,2106,30,0,0,22015761,1200,29,0,0
21990481,2043,34,0,5,22062082,1336,52,0,0
21995712,840,68,0,3,22053819,1163,57,0,0
22092209,2000,47,0,1,22053923,1020,44,0,0
22055560,991,54,0,4,22071867,2319,39,0,0
22019300,2078,35,0,0,22071378,1126,34,0,0
22061758,1689,23,0,9,22044598,1440,55,0,0
22090540,566,48,0,1,22070515,639,84,0,0
22089015,1725,85,0,2,21962893,853,37,0,0
22015645,1556,32,0,1,22026667,125,35,0,0
21974406,337,23,0,0,22076189,1191,43,0,0
22075723,299,102,0,4,22073107,594,30,0,0
22029779,1256,19,0,2,22042387,618,46,0,0
21987051,1389,87,0,3,22000510,1111,50,0,0
22077576,1286,26,0,0,22088392,1800,23,0,0
21978516,1006,77,0,1,22048926,1806,52,0,0
22090851,1482,26,0,4,22087145,1492,164,0,0
22016995,705,29,0,2,22046601,1115,40,0,0
22062012,437,75,0,0,22034112,969,30,0,0
22066664,1147,92,0,0,22067198,666,22,0,0
22030218,837,29,0,2,22042719,792,25,0,0
22029021,872,35,0,1,22035691,1967,59,0,0
22037496,931,49,0,0,21957978,2020,36,0,0
21956868,438,61,0,4,21993052,1175,52,0,0
22074741,1107,24,0,1,22090618,648,39,0,0
22090629,1635,42,0,0,22012932,1563,41,0,0
21965216,1887,37,0,2,22011801,1055,35,0,0
22037090,609,50,0,4,21988873,2002,41,0,0
22029054,622,51,0,2,22089635,1671,44,0,0
21987309,1649,51,0,2,22027498,1187,26,0,0
22055098,1344,62,0,3,21982677,2398,40,0,0
22056681,1386,72,0,3,22000246,387,63,0,0
21957042,1491,62,0,2,22020392,1265,24,0,0
21993361,997,25,0,1,22026398,2418,68,0,0
22013719,799,67,0,10,21993841,797,64,0,0
21994624,1846,51,0,1,22086143,975,61,0,0
22065112,650,28,0,0,22057259,2068,65,0,0
22028808,1117,44,0,0,22011424,2501,42,0,0
22056386,1273,38,0,5,22051485,1380,38,0,0
22036685,1854,61,0,3,22069571,1943,44,0,0
22009931,249,33,0,0,21980852,1066,31,0,0
21957416,403,76,0,3,22068064,782,17,0,0
22026707,1225,48,0,1,22068029,631,43,0,0
21996843,1808,26,0,0,22010781,2129,30,0,0
22074902,844,45,0,1,22051691,2046,48,0,0
21961566,1323,34,0,2,22002476,488,82,0,0
22047057,2542,85,0,2,22085678,1325,35,0,0
22082771,217,35,0,0,21971321,894,75,0,0
22073996,1922,53,0,1,22066288,597,50,0,0
22005254,1674,46,0,4,22063103,1283,74,0,0
22077838,671,49,0,2,22017223,1086,42,0,0
21991140,961,37,0,0,21996698,1616,36,0,0
21967023,2575,32,0,4,22073112,1161,24,0,0
22097892,2177,96,0,4,22063655,1797,26,0,0
22092316,596,64,0,4,22090585,592,44,0,0
21990059,973,17,0,4,22071004,1122,39,0,0
22060724,834,47,0,3,21995155,820,59,0,0
22058787,874,44,0,0,22062362,1186,32,0,0
22081216,123,62,0,1,22085756,1329,26,0,0
22033340,857,38,0,0,22017345,947,34,0,0
21970785,870,22,0,0,22053987,104,32,0,0
22030655,2272,68,0,0,22081728,1594,41,0,0
21964195,1312,43,0,1,22055294,1158,34,0,0
22037334,1200,52,0,0,22064273,604,43,0,0
22055621,1597,31,0,0,22031542,1976,66,0,0
22010151,937,33,0,0,22013992,1471,61,0,0
22014024,1857,85,0,8,22074970,1312,35,0,0
21962361,508,61,0,6,21962766,1106,22,0,0
22014146,758,38,0,3,22066578,1784,94,0,0
22050682,1984,48,0,3,22013878,1271,34,0,0
22041796,1013,30,0,4,22060644,1429,71,0,0
22048763,1007,43,0,0,22065154,2145,51,0,0
21988356,1687,42,0,0,21990856,988,42,0,0
22043233,632,140,0,9,21998633,424,30,0,0
22098734,940,89,0,1,22058849,1602,52,0,0
22054166,796,40,0,0,22052752,1218,61,0,0
22080053,1017,54,0,6,22064222,721,82,0,0
22065466,1122,64,0,0,22032713,443,41,0,0
22070365,636,59,0,0,22044609,211,112,0,0
22049002,1603,48,0,0,21975106,2412,40,0,0
22062424,1044,40,0,1,21961266,654,54,0,0
22064341,1898,42,0,3,22023796,853,47,0,0
22069750,835,78,0,3,21964502,1020,35,0,0
22056609,2150,82,0,2,21961681,893,60,0,0
22002376,1592,42,0,1,22050537,1730,31,0,0
22000074,1291,26,0,1,22034641,1996,34,0,0
22044977,1406,310,0,0,22089755,1684,68,0,0
21970023,687,45,0,11,22036316,2312,99,0,0
22027912,1183,59,0,0,21963045,1160,82,0,0
22057513,548,104,0,1,22047594,450,110,0,0
22042935,829,48,0,0,22060358,778,47,0,0
22071773,962,47,0,1,21973612,1847,80,0,0
21963777,1935,59,0,2,21962167,1819,59,0,0
21980647,1697,36,0,9,22060211,366,55,0,0
21984251,1487,60,0,1,22091385,874,60,0,0
21968193,1032,71,0,0,22095259,793,53,0,0
21967056,994,33,0,9,22010536,2059,26,0,0
22100636,1124,44,0,0,22021321,785,17,0,0
22075911,1524,36,0,3,21999299,2017,17,0,0
21990090,827,48,0,1,22067541,1811,42,0,0
22035447,769,25,0,1,21987530,510,52,0,0
22092528,2039,58,0,2,22008042,1347,38,0,0
22087865,1896,41,0,4,22102164,654,37,0,0
21988558,287,64,0,2,22054349,1950,42,0,0
21978828,1175,19,0,1,21981633,1373,58,0,0
22077400,1683,66,0,1,21982642,2088,48,0,0
22083243,2111,28,0,1,22043074,934,59,0,0
21990306,2324,51,0,0,22017634,1607,39,0,0
22018704,1524,44,0,3,22087539,1649,85,0,1
22060700,1468,23,0,3,21984929,666,41,0,0
22003161,315,31,0,0,22093891,366,92,0,0
22016989,541,52,0,5,22094198,2197,29,0,0
22080095,1017,85,0,1,22024938,1738,34,0,0
22079257,671,41,0,2,22071771,1057,53,0,1
21964018,408,42,0,6,22075665,812,20,0,0
22019451,1871,17,0,1,21962901,636,55,0,0
22102809,1050,41,0,4,22066095,2156,30,0,0
21968949,1403,36,0,7,21973974,670,36,0,0
22099347,508,30,0,0,22056994,554,33,0,0
22055413,1462,94,0,1,22076103,191,77,0,0
22089172,2151,35,0,0,21975104,868,45,0,0
22065286,1691,27,0,2,22031325,1190,79,0,0
22092766,925,36,0,0,21969820,1292,24,0,0
22058904,2409,59,0,4,21997553,1114,46,0,0
21987577,1777,38,0,3,22049141,903,44,0,0
22082825,961,30,0,6,22047803,831,80,0,0
22063893,1334,53,0,0,21979729,1265,44,0,0
22007564,607,30,0,0,22095139,776,28,0,0
22050583,1192,48,0,1,21966967,1362,20,0,0
22008588,1817,60,0,1,22063405,786,86,0,0
22012618,1596,45,0,0,22018105,658,32,0,0
22054090,1734,43,0,3,21966533,2172,53,0,0
22060005,1685,18,0,0,21962747,889,59,0,0
22016877,2395,72,0,0,22084467,735,99,0,0
22035114,1612,43,0,1,22044099,1999,45,0,0
22051125,1267,57,0,1,22045491,1212,38,0,0
22067322,1626,51,0,1,22103862,697,29,0,0
22030879,1209,36,0,1,22017560,1125,39,0,0
21969899,1179,35,0,5,22049693,1731,58,0,0
22025001,419,80,0,4,21997203,1695,68,0,0
22096132,1614,41,0,1,22064163,977,86,0,0
22000040,1108,16,0,0,21974129,1680,71,0,0
21966403,1462,61,0,2,22079340,1661,46,0,0
21986171,678,33,0,2,22022469,1494,32,0,0
22053032,1266,56,0,3,22047827,1666,52,0,0
22096615,434,44,0,2,21974191,553,64,0,0
22004095,714,51,0,3,22087017,2118,24,0,0
22041220,499,54,0,5,22091994,1224,27,0,0
21983125,2115,20,0,5,21985388,631,33,0,0
22010919,1339,31,0,1,21967668,1796,84,0,0
21999336,993,57,0,3,21985991,2061,66,0,0
22006337,2591,30,0,7,22009113,1018,45,0,0
21987130,1221,34,0,0,22058466,742,64,0,0
22100206,1016,33,0,3,22014832,1259,48,0,0
22019096,717,58,0,0,22057071,1285,83,0,0
22031339,1626,31,0,10,22065471,1626,76,0,0
22002474,2201,26,0,1,22087156,1282,47,0,0
22008023,1198,56,0,1,22057158,1569,57,0,0
22101252,911,18,0,0,22016996,1399,29,0,0
22098682,625,38,0,3,21984976,1212,65,0,0
21974230,2247,59,0,6,21986802,1757,47,0,0
21971338,954,50,0,11,22005894,782,45,0,0
22070349,2356,47,0,3,21981967,1529,50,0,0
22089783,1407,34,0,2,22002312,1933,37,0,0
21998336,774,58,0,15,21966817,709,78,0,0
22099861,728,37,0,1,21972779,552,40,0,0
21990990,920,36,0,0,22077428,1487,76,0,0
22105416,1185,97,0,3,22002989,603,79,0,0
21979723,1187,28,0,1,22072527,414,80,0,0
21988766,665,48,0,4,22056061,1259,106,0,0
22041113,1635,84,0,4,22069354,758,16,0,0
22077959,1050,231,0,1,21992028,1006,47,0,0
22049599,1814,26,0,5,22044921,926,34,0,0
22060631,1199,54,0,1,21989240,684,38,0,0
22099133,2260,42,0,4,22076197,1371,35,0,0
22013749,493,64,0,2,22105414,821,47,0,0
22002411,619,48,0,6,21985247,2125,26,0,0
21980117,2493,36,0,7,22090636,1751,31,0,0
21972961,1227,39,0,1,21972394,1608,76,0,0
22103308,2310,30,0,4,21986272,563,68,0,0
21969908,2027,34,0,5,21971747,1324,31,0,0
22007910,1123,33,0,1,22037652,1300,33,0,0
22055971,1730,43,0,2,22082693,742,47,0,0
21999137,1451,37,0,2,21994560,1576,24,0,0
21995150,1281,26,0,2,22095336,1660,44,0,0
22069108,2130,56,0,2,21966907,2078,17,0,0
22021399,1499,58,0,2,21971257,757,43,0,0
22103315,1481,55,0,2,22022247,229,60,0,0
22049518,1077,44,0,2,21995657,813,33,0,0
22096011,565,45,0,0,21991384,520,69,0,0
22095316,1162,52,0,0,22027994,1381,37,0,0
22074412,2555,22,0,3,22105353,692,69,0,0
22029594,738,104,0,1,22052788,814,57,0,0
21967889,2174,36,0,1,22098717,599,63,0,0
22094286,1470,39,0,9,22000526,1591,60,0,0
22077337,1533,44,0,0,22065604,872,54,0,0
22066507,1558,48,0,2,22065440,1453,17,0,0
22015243,2175,47,0,4,22002632,2231,37,0,0
22075924,1255,18,0,1,22008352,2030,72,0,0
22033248,2603,38,0,2,22017680,697,38,0,0
22049676,1268,20,0,2,21986600,475,38,0,0
22066676,1066,28,0,9,21996364,1516,38,0,0
22082625,696,50,0,0,22078385,1796,36,0,0
22022157,358,54,0,0,22055798,1300,32,0,0
22091701,1429,26,0,1,21998932,1697,36,0,0
22008080,808,35,0,3,22018564,1089,28,0,0
22095917,997,49,0,3,21969563,1632,27,0,0
22107277,676,47,0,0,22064469,2466,31,0,0
22000067,306,62,0,5,22057281,668,84,0,0
22055839,1759,49,0,0,21971498,1764,35,0,0
22038427,1657,47,0,4,22011723,2048,72,0,0
22054951,816,75,0,1,21999963,1260,84,0,0
21987510,784,42,0,3,21968752,1368,60,0,0
22098447,1718,48,0,0,22105563,1694,42,0,0
22089657,252,67,0,6,21970787,1541,37,0,0
22059331,1402,49,0,0,22014767,1831,31,0,0
21994686,1392,39,0,1,22042148,1443,98,0,0
21977201,946,25,0,4,22109149,803,32,0,0
22051532,966,31,0,0,22021920,1976,25,0,0
22108688,2399,26,0,1,22031610,1071,18,0,0
22080284,1270,34,0,2,22029509,732,149,0,0
22024289,1603,49,0,1,22079880,1502,92,0,0
22020133,367,256,0,3,21978140,707,30,0,0
21989720,446,91,0,1,22088873,1100,58,0,0
22031323,1333,53,0,5,22084206,992,58,0,0
22002758,759,46,0,1,22002174,739,50,0,0
22108941,1229,47,0,0,22048667,1117,94,0,0
22060908,1019,78,0,0,22017317,1920,72,0,0
22036723,1365,53,0,0,22092910,1490,48,0,0
22048638,895,57,0,3,22091272,962,77,0,0
22082327,1429,37,0,1,22026489,1661,31,0,0
22051869,1595,76,0,5,21984298,787,35,0,0
21971585,1522,28,0,3,22025250,766,29,0,0
22068263,2059,29,0,1,22057947,928,37,0,0
22084759,1066,101,0,1,22077867,1179,29,0,0
22063928,869,44,0,5,22077128,907,79,0,0
22093422,1385,64,0,5,22038130,1330,56,0,0
22068686,356,43,0,4,22044923,1993,48,0,0
22018764,677,47,0,7,22003387,1707,70,0,0
22041237,1429,64,0,6,22017268,2041,19,0,0
22088433,628,44,0,0,22046464,1021,118,0,0
22056905,1077,34,0,4,22046581,963,35,0,0
21997432,1793,49,0,0,22037216,672,53,0,0
22013063,1407,54,0,1,22048062,1070,50,0,0
22003571,469,97,0,6,22005552,162,64,0,0
22078482,123,26,0,2,22056385,2277,41,0,0
22103904,1666,87,0,0,22062935,829,71,0,0
21981092,753,46,0,1,22012671,1022,29,0,0
22102754,1491,32,0,1,22014184,951,64,0,0
22002669,1799,52,0,1,22037333,1673,24,0,0
22108090,203,29,0,1,22046428,339,108,0,0
22098744,1658,31,0,1,21996063,1111,36,0,0
22060473,553,34,0,0,22025760,269,69,0,0
22065412,812,48,0,10,22021391,776,71,0,0
22101145,1186,32,0,4,22055514,1042,64,0,0
21979993,2406,70,0,2,22007071,1951,50,0,0
22043564,1617,51,0,1,22106763,1053,40,0,0
22029240,334,60,0,0,22051957,1055,68,0,0
22050276,2259,37,0,4,22088000,717,24,0,0
22011269,579,44,0,0,22109797,1475,37,0,0
22045223,1274,19,0,9,21986856,1961,15,0,0
21993844,161,102,0,4,22082289,575,98,0,0
21981803,636,20,0,1,21990165,835,53,0,0
22052235,1068,67,0,1,22041753,699,48,0,0
22070389,164,82,0,2,22079830,1026,98,0,0
22056940,543,36,0,1,22033736,870,38,0,0
21981384,1158,66,0,4,22051681,931,59,0,0
22017219,1385,45,0,5,22059742,952,31,0,0
21974204,737,36,0,8,21986215,806,33,0,0
22096444,658,83,0,2,22012410,1186,36,0,0
21993535,868,49,0,1,22058128,1319,124,0,0
22076023,1885,27,0,1,22108771,1493,51,0,0
22050826,804,38,0,1,22087637,386,18,0,0
22028066,755,48,0,4,22064707,157,96,0,0
22019263,2484,62,0,3,22096474,830,59,0,0
22013257,320,41,0,1,22009281,1377,118,0,0
22090946,1729,44,0,0,21996156,1659,33,0,0
21983908,1043,36,0,0,22092296,817,42,0,0
21988809,560,52,0,0,21991387,1165,61,0,0
22098163,1109,53,0,0,22083926,567,49,0,0
21987361,1160,31,0,4,22075376,2165,25,0,0
22095300,2172,22,0,4,22059461,1331,69,0,0
22096715,2021,50,0,3,22006583,873,52,0,0
22034275,913,159,0,5,21993938,2485,53,0,0
22031781,829,28,0,2,22073092,1139,43,0,0
21998201,1304,50,0,3,22018882,722,44,0,0
22096542,912,73,0,3,22009656,2345,35,0,0
22111033,2529,76,0,3,22091742,1869,51,0,0
21977179,1373,55,0,2,22054525,1123,61,0,0
22003690,843,56,0,1,22017466,792,38,0,0
22084292,1829,40,0,0,22033077,562,74,0,0
21978874,1059,39,0,1,22002278,1665,22,0,0
22070522,1056,36,0,4,22095210,916,32,0,0
22083054,1632,23,0,1,21996524,2597,66,0,0
22105316,965,71,0,1,22044607,1145,47,0,0
22020443,1114,13,0,1,22075535,1399,26,0,0
22052626,825,30,0,1,22030887,1055,64,0,0
22027911,634,55,0,1,22011043,933,26,0,0
22000039,1784,56,0,4,21976804,510,49,0,0
21999303,1291,25,0,7,22113063,425,104,0,0
22087716,869,31,0,1,22015610,545,55,0,0
22050002,971,26,0,0,22046626,437,61,0,0
22026197,2492,29,0,1,21975071,2090,53,0,0
22072767,1092,66,0,1,22078154,1457,46,0,0
21982579,831,98,0,2,21976672,2105,36,0,0
22040123,856,37,0,0,22091831,1695,45,0,0
21991191,899,44,0,5,22026218,572,37,0,0
22099972,919,32,0,3,22047319,2219,43,0,0
22083123,851,17,0,6,21995351,1632,53,0,0
21976072,618,35,0,3,22083514,1388,36,0,0
22049635,922,220,0,2,22017473,1739,16,0,0
22032693,1202,35,0,1,22050204,1371,15,0,0
22046234,784,81,0,5,22074721,1673,86,0,0
22038517,1775,32,0,0,22090685,1071,68,0,0
22092906,402,31,0,1,22041213,1673,20,0,0
21975498,749,54,0,1,22099425,1473,63,0,0
22099040,1159,44,0,2,22049388,1560,37,0,0
22016822,2215,30,0,3,22100238,1684,30,0,0
21996472,1593,13,0,0,21996230,935,30,0,0
22017955,987,50,0,1,22017350,1399,64,0,0
21984688,450,36,0,7,22038650,1752,61,0,0
22110754,1598,39,0,0,21990260,2091,35,0,0
21998831,2143,47,0,2,22090302,776,71,0,0
22029810,1641,33,0,10,22032360,739,45,0,0
22107335,778,75,0,2,22097303,1140,42,0,0
22030973,615,29,0,0,22103557,1538,89,0,0
22049755,1861,41,0,0,21987803,556,49,0,0
22097815,802,44,0,1,22011985,1058,35,0,0
22079753,1043,102,0,3,22038589,1131,100,0,0
22101341,731,40,0,7,22085499,861,51,0,0
22066202,641,45,0,0,22116120,208,49,0,0
22039521,1488,67,0,1,22076165,614,33,0,0
22002033,308,68,0,4,22059512,451,49,0,0
22037640,938,56,0,1,22088698,2229,26,0,0
21988912,845,19,0,1,21999059,1560,80,0,0
22103855,1338,25,0,1,22079033,688,83,0,0
21997528,1490,63,0,1,22032988,1755,56,0,0
22058272,791,46,0,4,22021774,941,32,0,0
21993648,1081,122,0,1,22089017,804,44,0,0
22004735,1390,29,0,11,22004139,1470,45,0,0
22099732,1501,18,0,4,22098568,2167,50,0,0
21995419,954,38,0,2,21979847,666,31,0,0
22103825,1659,37,0,3,22076084,1618,35,0,0
22117155,188,54,0,2,22052133,1680,38,0,0
22051080,1420,43,0,7,22033058,1102,41,0,0
22028766,2188,21,0,1,22095693,1523,37,0,0
22063193,1663,48,0,0,21996268,1320,67,0,0
21982897,2354,69,0,4,22099677,1917,38,0,0
22039522,962,63,0,0,21992943,607,68,0,0
22100230,1296,85,0,0,22019332,1271,66,0,0
22026038,2370,44,0,0,21983581,1000,47,0,0
22081573,1436,21,0,2,22065303,1444,22,0,0
22025483,1456,35,0,0,22040792,630,43,0,0
22101599,499,56,0,3,21987726,1975,36,0,0
22105725,1158,44,0,3,22004980,1085,47,0,0
22060613,2026,69,0,0,22091372,769,61,0,0
22035934,691,59,0,0,21991946,1039,46,0,0
22088676,1648,41,0,2,22073147,456,49,0,0
22044432,516,92,0,1,22031749,2335,45,0,0
22115915,1369,52,0,2,22081827,806,49,0,0
22071147,841,64,0,0,22114799,897,73,0,0
22068145,1614,75,0,0,22053499,860,87,0,0
22115541,684,50,0,1,22066124,1286,31,0,0
22048209,953,38,0,0,22065268,960,40,0,0
21982228,1943,22,0,0,22077220,1133,34,0,0
22029780,1042,35,0,8,22097736,935,42,0,0
22039498,1091,40,0,2,22010076,216,27,0,0
22045552,819,25,0,3,22077348,685,45,0,0
22002575,1174,55,0,1,22016197,926,74,0,0
22006137,2250,89,0,1,22101309,1761,72,0,0
22056664,1481,21,0,0,22079303,1162,37,0,0
22072826,1340,42,0,4,21988950,1070,29,0,0
21983712,1232,48,0,1,22009760,677,57,0,0
22036284,2175,38,0,1,22037622,1615,46,0,0
22073749,2151,52,0,2,21986117,1472,76,0,0
22038896,1304,49,0,0,21990807,1857,43,0,0
22058181,815,35,0,0,22062469,990,43,0,0
22031352,710,25,0,3,22062370,1056,42,0,0
22053911,685,81,0,7,22010015,1312,43,0,0
22046535,1146,52,0,1,22014188,573,77,0,0
22014041,1495,57,0,7,22030289,1359,67,0,0
22003289,919,37,0,4,22110357,2182,25,0,0
22053744,930,68,0,0,22081967,738,32,0,0
22088972,2135,45,0,1,22033084,1670,34,0,0
22112235,940,27,0,1,22060487,1553,27,0,0
21993914,660,62,0,1,22009683,1038,59,0,0
22026281,647,46,0,1,22089239,1310,51,0,0
22012999,1671,26,0,3,22063257,932,29,0,0
21996618,756,28,0,8,22037558,574,48,0,0
22116752,1231,32,0,3,22005422,1747,29,0,0
22085563,1293,56,0,0,21996783,724,81,0,0
22104259,1291,25,0,0,22072126,225,43,0,0
22018093,723,33,0,2,22097727,855,45,0,1
22108828,1552,35,0,0,22048013,1283,21,0,0
22058956,1256,52,0,4,22003706,1421,42,0,0
22026168,873,56,0,1,21991876,1308,35,0,0
22005479,1228,61,0,2,22100725,930,75,0,0
22003804,1018,58,0,3,22059545,1986,44,0,0
22086855,2492,26,0,3,22033286,934,21,0,0
21999855,363,78,0,2,22088949,969,16,0,0
22089446,1406,47,0,0,22089926,1319,61,0,0
22035751,1907,69,0,9,22082394,958,116,0,0
22079295,1348,34,0,4,22108573,2189,20,0,0
22114102,1178,19,0,0,22090804,1309,19,0,0
22022418,664,43,0,9,22088815,1110,20,0,0
22076525,2347,50,0,3,22117305,1450,38,0,0
22038175,690,53,0,3,22069920,687,55,0,0
22121195,1060,72,0,2,22096789,1151,25,0,0
22048534,1825,40,0,4,22054113,1159,27,0,0
22028398,898,46,0,3,22120594,934,83,0,0
22057453,213,36,0,2,21991663,2085,36,0,0
22032957,1948,35,0,1,22062596,1380,54,0,0
22113135,2563,40,0,3,22064830,1841,25,0,0
22023267,517,43,0,1,22047565,998,52,0,0
22108250,391,55,0,1,22012647,1610,44,0,0
22078363,1687,46,0,0,22118657,972,68,0,0
22066896,490,41,0,2,22038556,997,39,0,0
22034341,1099,41,0,13,22017978,660,40,0,0
22119717,1672,60,0,1,22045519,1331,65,0,0
22045142,1130,38,0,2,22111540,532,21,0,0
21991463,1583,64,0,2,22122009,122,81,0,0
22020504,668,56,0,1,22050738,1952,40,0,0
22064103,894,100,0,1,22067565,2118,73,0,0
22027204,1428,71,0,1,22023272,2457,41,0,0
21987499,1174,31,0,0,22103127,1645,38,0,0
22027657,177,30,0,8,22104093,1117,42,0,0
22082444,263,146,0,2,22110850,1421,29,0,0
22020331,2155,17,0,4,22107782,974,65,0,0
22106829,1526,70,0,0,22032660,839,63,0,0
22115937,2318,59,0,3,22046333,428,33,0,0
21998329,1067,39,0,0,22122981,635,63,0,0
22052556,2583,73,0,7,22084538,1578,30,0,0
22053131,1387,74,0,0,22118339,1621,39,0,0
22079335,665,50,0,3,22121558,1168,73,0,0
22013483,1889,27,0,6,22082804,277,27,0,0
22123089,1770,54,0,3,22021825,305,81,0,0
22020632,2386,34,0,3,22105828,1114,181,0,0
22120745,941,29,0,1,22043458,770,36,0,0
22030103,1550,30,0,1,22044659,2117,29,0,0
22071528,1270,43,0,0,22116612,1715,91,0,0
22118940,936,81,0,1,21988292,1098,52,0,0
22018432,1804,19,0,0,22115997,2141,37,0,0
22021108,1340,47,0,2,22080819,1025,71,0,0
22012025,1815,32,0,2,22093115,1666,33,0,0
22023926,2353,25,0,4,22083794,794,25,0,0
22077280,1408,62,0,1,22053661,326,60,0,0
22021039,976,47,0,2,21989016,1678,30,0,0
22097490,1134,72,0,0,22091804,1208,38,0,0
21994220,648,85,0,3,22061057,938,45,0,0
22078331,1206,39,0,7,22081214,679,53,0,0
22044869,506,46,0,1,22105117,718,34,0,0
22000478,1103,51,0,1,22013621,1672,65,0,0
22076715,2110,58,0,3,21996107,1270,27,0,0
22080267,1110,21,0,3,22109491,1034,29,0,0
22079224,1166,49,0,2,22051974,2350,32,0,0
22043828,1534,92,0,1,22023924,1750,19,0,0
22023844,914,29,0,1,22018369,2138,36,0,0
22085465,2184,53,0,2,21999992,1344,21,0,0
22029110,641,47,0,1,22069908,1178,56,0,0
22119635,2027,41,0,0,21995582,884,15,0,0
22042450,980,60,0,3,22045767,1183,70,0,0
22020846,880,72,0,3,22097674,2205,60,0,0
22033779,1833,68,0,2,22106917,2000,57,0,0
22022191,1794,35,0,0,22087961,1519,49,0,0
22058071,916,15,0,1,22033212,710,40,0,0
22090605,1244,20,0,1,22037623,1730,23,0,0
22053506,340,95,0,3,22101092,2099,36,0,0
22062783,229,73,0,2,22089482,2064,38,0,0
22028471,1830,76,0,1,22005057,1852,33,0,0
22076620,1750,45,0,3,22084927,1128,30,0,0
22020179,926,51,0,10,22038386,1976,81,0,0
22088172,953,43,0,0,22097085,270,25,0,0
22085585,674,42,0,0,22120190,2052,89,0,0
22121521,945,50,0,0,22121737,1232,78,0,0
22096056,1591,65,0,0,22112619,1748,50,0,0
22062089,1483,18,0,1,22013775,1807,44,0,0
22108759,1176,59,0,10,22025134,551,24,0,4
22037317,1384,69,0,1,21987981,1661,29,0,0
22029469,1065,35,0,1,22085565,1996,52,0,0
22095213,579,27,0,0,22043613,1318,37,0,0
22053882,2585,49,0,2,22010531,1069,28,0,0
22027532,1173,35,0,3,22055728,708,66,0,0
22008186,751,36,0,0,22027811,1282,25,0,0
22029174,1221,23,0,2,22018670,1899,37,0,0
22038591,1670,66,0,4,22095389,1008,43,0,0
22103922,1738,31,0,2,22045248,1083,48,0,0
22028964,1635,52,0,2,22092846,932,27,0,0
22113648,1904,44,0,1,22096127,924,77,0,0
21997161,684,56,0,6,22113091,1435,30,0,0
22098281,1093,19,0,0,22103856,1047,40,0,0
22000532,421,22,0,1,22090232,723,69,0,0
22027988,1484,73,0,5,22016568,1060,28,0,0
22079656,692,34,0,5,22094829,2060,13,0,0
22090578,1263,91,0,2,22071584,998,52,0,0
22015788,829,68,0,2,22085071,1925,40,0,0
22077162,926,32,0,1,22030168,1612,37,0,0
22019445,2186,21,0,1,22019139,797,50,0,0
22102878,1094,68,0,5,22086371,1263,56,0,0
22075029,900,71,0,1,22112177,1645,44,0,0
22125495,2187,41,0,3,22040731,1304,55,0,0
22126365,1213,58,0,4,22080597,1476,27,0,0
22116887,1091,75,0,2,22027510,1119,29,0,0
22064158,1655,63,0,1,22082480,614,26,0,0
22106996,2309,47,0,1,22113663,1098,43,0,0
22047248,257,66,0,2,21993197,1562,31,0,0
22113841,1969,53,0,1,22064150,506,164,0,0
22116569,1764,39,0,9,22042879,1095,34,0,0
22028967,754,155,0,1,22126272,863,38,0,0
22032597,1063,46,0,1,22074480,1484,21,0,0
22096203,983,56,0,2,22060599,1594,36,0,0
22070040,659,19,0,3,22126543,1886,60,0,0
22058819,1741,55,0,7,22027855,1711,66,0,0
22079000,1240,71,0,6,22093343,650,80,0,0
22007319,1873,56,0,7,22084607,1280,56,0,0
22093848,430,54,0,0,22089504,1576,29,0,0
21990727,1665,51,0,2,22028354,1173,32,0,0
22115506,1117,335,0,3,22097108,926,37,0,0
22113165,689,63,0,2,22107476,2265,55,0,0
22010246,1076,39,0,0,22113466,443,64,0,0
22122763,412,201,0,1,22101648,2101,61,0,0
22102258,1244,19,0,4,22085439,1924,60,0,0
22096267,847,99,0,0,22089402,1678,58,0,0
22101675,923,32,0,2,21994498,686,29,0,0
22049849,1020,49,0,0,22114463,1541,69,0,0
22097018,1430,107,0,0,22099991,1197,27,0,0
22033013,923,46,0,3,22035764,1451,67,0,0
22038668,1260,27,0,3,22048495,2080,46,0,0
22033582,1211,62,0,0,22042440,838,51,0,0
22057629,1495,31,0,3,22060731,1618,42,0,0
22057912,2469,23,0,0,22102930,1352,45,0,0
22091118,1329,50,0,2,22036307,998,215,0,0
22068592,872,34,0,1,22036990,502,74,0,0
22012059,1555,84,0,1,22117836,1736,96,0,0
22046625,824,44,0,7,22035488,1358,48,0,0
22066096,1326,41,0,1,22011219,1687,42,0,0
22049226,870,53,0,0,21997001,1852,60,0,0
22025351,1222,44,0,3,22014562,1483,48,0,0
22083814,1528,71,0,3,22100598,1020,23,0,0
22016050,666,69,0,2,22080605,1127,81,0,0
22012920,1783,28,0,5,22068715,355,58,0,0
22038674,1358,28,0,2,22122381,629,37,0,0
22013741,893,46,0,2,21996266,917,27,0,0
22053741,453,99,0,5,22102474,929,36,0,0
22066984,127,22,0,0,22079860,1369,25,0,0
22005197,1923,67,0,0,22119546,869,55,0,0
22037911,1851,36,0,1,22085359,1277,30,0,0
22021326,622,85,0,0,22074694,1782,47,0,0
22001919,850,45,0,0,22090940,620,76,0,0
22025676,604,27,0,1,22116073,1456,45,0,0
22029924,1143,35,0,10,22091692,1499,41,0,0
22006863,2138,34,0,1,22055908,1570,59,0,0
22071763,1092,73,0,2,22024459,1181,39,0,0
22023354,986,48,0,1,22073075,1317,32,0,0
22053134,2299,33,0,1,22089012,1563,25,0,0
22018877,971,23,0,1,22105972,1615,81,0,0
22086029,960,25,0,3,22056985,1511,27,0,0
22056212,2124,49,0,3,22028330,637,63,0,0
22009309,1486,19,0,10,22106692,1461,57,0,0
22079180,2172,19,0,2,22104960,1168,61,0,0
22081852,899,55,0,3,22092677,201,72,0,0
22091767,1391,57,0,0,22098616,2160,31,0,0
22051266,1655,18,0,1,22060899,1680,68,0,0
22124474,2432,38,0,5,22099273,521,67,0,0
22050039,1350,35,0,2,22095537,1167,41,0,0
22084734,1242,50,0,1,22034364,280,54,0,0
22080075,1076,16,0,1,22127793,557,40,0,0
22043504,1457,41,0,1,22113297,1162,64,0,0
22007712,2163,25,0,5,22047905,1957,30,0,0
22098445,2120,43,0,0,22112894,984,139,0,0
22014729,1764,42,0,0,22021845,348,69,0,0
22061121,920,62,0,9,22087730,1092,69,0,0
22078400,1393,20,0,0,22064568,1507,35,0,0
22045488,1568,29,0,4,22094057,1134,36,0,0
22125832,1224,71,0,0,22019053,946,53,0,0
22112873,1333,31,0,3,22009823,219,40,0,0
22069945,1020,66,0,1,22018673,1457,53,0,0
22031007,1280,43,0,2,22068280,753,49,0,0
22093592,1536,124,0,0,22016300,1866,33,0,0
22016937,579,37,0,1,22007744,656,35,0,0
22036350,2445,39,0,2,22095287,1178,29,0,0
22099971,548,51,0,1,22016762,1657,64,0,0
22070401,1305,26,0,0,22127966,1407,67,0,0
22015109,638,54,0,5,22081559,1193,44,0,0
22018082,808,54,0,3,22038009,1143,24,0,0
22035369,1455,48,0,3,22043860,2424,28,0,0
22127892,160,43,0,1,22007675,740,36,0,0
22102337,1931,67,0,2,22071205,378,58,0,1
22108189,602,86,0,2,22007618,801,50,0,0
22113614,1309,33,0,2,22023262,1531,49,0,0
22036014,652,51,0,8,22085648,1106,30,0,0
21997378,1138,21,0,2,22063523,1774,31,0,0
22083258,1800,38,0,3,22096069,404,62,0,0
22088525,1621,43,0,0,22130589,2547,36,0,0
22090836,840,50,0,1,22113032,1629,63,0,0
22008024,1296,25,0,1,22110513,1191,54,0,0
22093670,960,42,0,1,22064861,1071,30,0,0
22124316,1654,26,0,7,22024787,448,41,0,0
22071052,1597,62,0,5,22007677,1774,33,0,0
22021211,1786,54,0,0,22112260,1568,30,0,0
22104691,1723,48,0,5,22128254,1369,75,0,0
22090701,1005,54,0,2,22058857,897,60,0,0
22031062,932,88,0,3,22051827,1299,54,0,0
22103636,1780,33,0,1,22028676,519,106,0,0
22058717,966,35,0,2,22098399,795,33,0,0
22022751,2540,31,0,0,22024041,939,72,0,0
22007317,930,74,0,3,22047731,1249,91,0,0
22122071,2115,56,0,0,22091327,749,35,0,0
22051611,233,70,0,0,22039546,1397,23,0,0
22010948,670,24,0,2,22047157,929,56,0,0
22033918,2148,27,0,1,22011337,2138,32,0,0
22114987,1257,54,0,6,22064009,1095,97,0,0
22112541,2318,28,0,8,22004011,481,85,0,0
22016824,177,94,0,1,22102960,667,50,0,0
22081328,2293,25,0,7,22121164,1060,44,0,0
22109586,1203,83,0,1,22129586,1443,45,0,0
22108304,282,61,0,8,22022488,293,119,0,0
21997418,854,78,0,8,22027598,859,31,0,0
22096745,1033,42,0,0,22079100,1768,62,0,0
22097700,1291,63,0,4,22006208,1449,31,0,0
22079943,704,67,0,11,22109158,1743,70,0,0
22003729,1607,46,0,3,22026328,381,35,0,0
22043711,1699,51,0,2,22098531,423,43,0,0
22120385,1110,31,0,7,22099123,823,39,0,0
22050141,2296,59,0,0,22041176,1196,28,0,0
22127225,2123,27,0,1,22084107,966,33,0,0
22034414,298,28,0,0,22127297,1650,48,0,0
22125391,978,26,0,1,22042005,823,44,0,0
22022972,1389,77,0,1,22102715,1009,62,0,0
22039507,1185,71,0,1,22116688,999,37,0,0
22092248,1899,91,0,1,22101396,907,25,0,0
22105946,814,14,0,1,22096354,1059,55,0,0
22039614,1246,38,0,3,22050758,708,44,0,0
22010859,935,131,0,9,22106454,451,108,0,0
22041499,1447,35,0,5,22006432,886,58,0,0
22062983,510,31,0,1,22006013,756,78,0,0
22050311,162,104,0,1,22133575,1150,34,0,0
22091640,2025,17,0,2,22126146,1046,57,0,0
22104801,1098,67,0,3,22012323,1168,81,0,0
22102334,1681,49,0,0,22057050,1338,44,0,0
22069602,1294,23,0,1,22038092,1320,29,0,0
22112689,927,29,0,6,22119344,722,51,0,0
22093152,1986,31,0,0,22110727,1567,68,0,0
22042012,1600,72,0,2,22068629,345,31,0,0
22029008,2186,17,0,2,22032269,994,71,0,0
22133201,2170,19,0,0,22001177,1230,29,0,0
22013098,1041,52,0,9,22109572,638,31,0,0
22000798,723,86,0,0,22133814,2220,33,0,0
22075768,2075,29,0,0,22012132,1396,44,0,0
22032214,1307,46,0,11,22030529,1690,24,0,0
22028865,703,69,0,0,22027072,1082,78,0,0
22090192,986,43,0,0,22049636,1812,39,0,0
22010776,932,49,0,0,22054019,1836,34,0,0
22042863,531,28,0,1,22023036,1130,40,0,0
22020022,706,57,0,1,22060139,683,53,0,0
22127705,853,56,0,3,22033548,1251,25,0,0
22070710,2311,31,0,4,22027143,690,23,0,0
22054950,928,29,0,1,22066603,1641,28,0,0
22054254,1192,54,0,1,22014249,1074,35,0,0
22108326,1676,57,0,9,22087212,2185,26,0,0
22094363,1645,38,0,8,22107584,369,76,0,0
22098101,2139,43,0,1,22018640,233,110,0,0
22065030,1381,66,0,0,22119919,2175,46,0,0
22008553,1375,78,0,1,22058442,2094,31,0,0
22124192,779,43,0,2,22002137,1630,28,0,0
22030494,226,41,0,2,22004074,2142,26,0,0
22128809,1251,62,0,2,22086385,1088,33,0,0
22122545,615,20,0,4,22101852,832,39,0,0
22103166,1226,35,0,4,22014077,1541,39,0,0
22111660,1744,24,0,2,22127532,123,52,0,0
22061644,608,56,0,1,22041951,1169,25,0,0
22116329,940,35,0,1,22078192,622,27,0,0
22073130,1399,48,0,9,22005166,1082,45,0,0
22126169,156,34,0,6,22095784,500,42,0,0
22129732,1135,95,0,0,22012127,1614,34,0,0
22096080,845,39,0,1,22111964,367,79,0,0
22021024,2206,35,0,0,22135205,175,39,0,0
22020983,1412,44,0,0,22064478,1265,36,0,0
22021721,981,74,0,2,22019524,1639,30,0,0
22075409,1057,44,0,3,22048387,1147,19,0,0
22094914,2071,82,0,0,22085614,597,22,0,0
22104231,867,43,0,0,22032285,1682,18,0,0
22003744,389,34,0,1,22030578,1527,65,0,0
22010278,958,36,0,2,22024546,1372,40,0,0
22090930,684,90,0,1,22055403,2018,49,0,0
22056510,1162,41,0,12,22067491,1311,69,0,0
22127567,195,49,0,3,22053998,1034,79,0,0
22054522,2490,28,0,1,22076735,411,39,0,0
22091872,1317,49,0,2,22133609,1361,54,0,0
22041171,1351,37,0,0,22074142,962,52,0,0
22088276,1488,30,0,7,22111198,1003,27,0,0
22080384,1121,29,0,7,22123315,1443,21,0,0
22085192,2378,28,0,6,22038025,1382,39,0,0
22043091,1367,46,0,0,22137647,560,43,0,0
22090057,786,140,0,2,22106006,2489,53,0,0
22103417,732,36,0,5,22128101,685,35,0,0
22108427,860,33,0,1,22026473,804,36,0,0
22056910,289,233,0,8,22106510,1646,72,0,0
22098442,556,47,0,0,22123998,1688,35,0,0
22013563,762,43,0,1,22031770,1402,99,0,0
22046677,1103,43,0,12,22112770,1555,31,0,0
22078286,1040,48,0,0,22112203,1186,20,0,0
22006207,1247,26,0,4,22124844,1138,29,0,0
22099827,1144,52,0,7,22042164,1023,21,0,0
22035716,905,55,0,7,22043536,634,57,0,0
22046575,1050,57,0,0,22064797,1342,50,0,0
22129819,1025,43,0,3,22023342,1367,51,0,0
22091726,927,27,0,1,22085255,1897,17,0,0
22072418,1453,22,0,9,22031342,726,60,0,0
22071624,1200,28,0,1,22048491,645,34,0,0
22040969,761,74,0,4,22050651,753,51,0,0
22126397,1647,38,0,3,22133714,628,46,0,0
22127066,842,47,0,2,22070766,805,54,0,0
22107132,1427,59,0,8,22039165,373,39,0,0
22059999,940,37,0,1,22042839,1702,33,0,0
22068698,837,41,0,3,22010506,354,55,0,0
22137270,510,33,0,16,22047256,1987,40,0,0
22059359,1325,28,0,1,22014768,770,42,0,0
22114008,725,140,0,0,22012843,729,63,0,0
22055553,2446,16,0,2,22102391,455,52,0,0
22005815,2118,63,0,1,22111785,652,62,0,0
22097188,1723,86,0,18,22087604,823,27,0,0
22070004,582,59,0,5,22057692,1206,56,0,0
22090600,2105,21,0,0,22131603,750,34,0,0
22091040,1234,34,0,0,22116368,2524,21,0,0
22082396,1395,36,0,0,22060614,1500,65,0,0
22135937,903,78,0,0,22019229,667,42,0,0
22075346,2318,35,0,0,22137129,679,31,0,0
22138952,888,70,0,0,22011843,640,28,0,0
22136933,1457,80,0,0,22112676,910,92,0,0
22092223,534,91,0,0,22018910,917,48,0,0
22116038,1859,57,0,0,22119084,2392,93,0,0
22129362,2149,40,0,0,22007594,1127,57,0,0
22026540,1634,45,0,0,22012201,2456,32,0,0
22026397,1311,29,0,0,22052056,816,65,0,0
22076588,2002,47,0,0,22035915,1226,56,0,0
22116883,784,48,0,0,22074899,1650,116,0,0
22065740,1132,40,0,0,22079322,1671,45,0,0
22011457,153,82,0,0,22111505,1929,22,0,0
22059581,1203,42,0,0,22124637,969,36,0,0
22043646,1477,43,0,0,22034016,1536,32,0,0
22054582,829,45,0,0,22009455,181,39,0,0
22070769,2502,83,0,0,22117182,1698,26,0,0
22022568,720,46,0,0,22055412,317,33,0,0
22076309,973,127,0,0,22073883,934,50,0,0
22097355,559,37,0,0,22079607,634,27,0,0
22111543,1136,41,0,1,22085054,827,41,0,0
22025867,1624,68,0,0,22134526,989,36,0,0
22066420,912,20,0,0,22115774,2036,31,0,0
22105905,807,53,0,0,22058660,2192,39,0,0
22100179,1201,29,0,0,22132568,2015,45,0,0
22112320,1070,42,0,0,22064293,813,40,0,0
22044184,2188,72,0,0,22135891,780,55,0,0
22127674,677,38,0,0,22016599,105,21,0,0
22126829,1139,27,0,12,22133996,636,75,0,0
22049105,1749,57,0,13,22062476,1252,45,0,0
22088335,2120,33,0,4,22015541,1327,14,0,0
22019522,1687,14,0,4,22138609,1072,65,0,0
22053813,919,49,0,0,22098749,1339,36,0,0
22120792,473,78,0,2,22100836,381,58,0,0
22029534,347,48,0,6,22108646,770,85,0,0
22034149,1106,44,0,0,22078030,1165,36,0,0
22044191,1519,84,0,0,22060419,1722,41,0,0
22058157,1378,38,0,1,22048445,1549,31,0,0
22025663,562,32,0,2,22083633,994,72,0,0
22017953,944,68,0,0,22093875,633,64,0,0
22136913,168,47,0,2,22070801,561,46,0,0
22129100,886,46,0,0,22123862,1456,44,0,0
22104306,541,18,0,0,22019069,1671,40,0,0
22023239,1133,44,0,0,22066006,684,25,0,0
22124490,1540,41,0,0,22034375,1461,37,0,0
22094779,581,93,0,0,22030425,130,47,0,0
22032814,1611,23,0,0,22107970,1431,26,0,0
22125025,1599,40,0,1,22023076,558,41,0,0
22079918,1371,71,0,0,22076018,1639,48,0,0
22095598,726,42,0,0,22130145,1241,67,0,0
22129886,728,56,0,3,22095435,875,65,0,0
22053265,1139,49,0,0,22083372,1751,39,0,0
22031446,1573,88,0,1,22012903,996,44,0,0
22051910,439,88,0,1,22048646,526,50,0,0
22111180,343,57,0,0,22031297,842,83,0,0
22020101,1277,41,0,5,22032020,617,49,0,0
22117623,1187,37,0,1,22018452,465,42,0,0
22118199,2480,30,0,1,22044845,1616,66,0,0
22038845,1997,29,0,5,22116027,1096,48,0,0
22051516,2168,49,0,0,22040155,864,123,0,0
22102879,642,45,0,2,22069167,1035,53,0,0
22138377,972,75,0,5,22080675,1127,112,0,0
22044249,1527,41,0,1,22033525,1449,47,0,0
22084998,2199,37,0,2,22047048,1127,56,0,0
22091162,1269,61,0,0,22055716,933,42,0,0
22038031,609,42,0,4,22031020,1181,43,0,0
22060484,284,54,0,3,22065338,2375,44,0,0
22081233,1666,60,0,1,22095355,873,60,0,0
22037488,567,209,0,6,22113631,1510,76,0,0
22104065,1509,59,0,3,22124566,1187,81,0,0
22059969,599,54,0,1,22123460,1213,24,0,0
22090261,528,37,0,13,22036638,1348,44,0,0
22143931,2018,46,0,2,22014505,1422,43,0,0
22113401,738,46,0,2,22061732,1156,89,0,0
22050436,1442,43,0,0,22102837,1161,31,0,0
22028773,2248,56,0,3,22068339,1516,23,0,0
22049064,964,63,0,3,22082578,1131,61,0,0
22050332,2375,25,0,0,22059122,833,39,0,0
22083949,643,22,0,0,22120057,784,30,0,0
22023532,1117,78,0,2,22119098,1317,60,0,0
22099306,1103,47,0,0,22032961,1607,51,0,0
22050744,793,90,0,0,22129439,679,65,0,0
22014799,2340,65,0,0,22075463,1168,33,0,0
22037055,417,28,0,0,22016247,1383,26,0,0
22111669,656,35,0,6,22143952,408,35,0,0
22127382,1687,39,0,0,22122637,859,28,0,0
22076305,660,45,0,7,22092614,1396,53,0,0
22137097,1417,25,0,0,22072686,880,64,0,0
22062005,1681,40,0,0,22109411,693,37,0,0
22026074,2273,40,0,4,22108054,897,35,0,0
22056695,1131,29,0,0,22036956,2006,51,0,0
22132214,1491,22,0,3,22055023,752,33,0,0
22113425,1991,71,0,0,22080114,760,221,0,0
22119951,1250,51,0,1,22099551,1516,84,0,0
22094757,2438,119,0,2,22047493,1746,91,0,0
22021138,781,54,0,0,22112697,1341,31,0,0
22098612,1943,41,0,1,22080014,1168,46,0,0
22047263,1133,16,0,7,22141898,1806,33,0,0
22111747,1837,68,0,1,22056487,1571,58,0,0
22049631,1666,27,0,4,22127412,561,33,0,0
22137679,1130,52,0,1,22025813,1397,97,0,0
22075481,449,110,0,0,22085360,716,24,0,0
22055177,1236,61,0,0,22097855,893,43,0,0
22030208,1682,55,0,2,22129063,1433,25,0,0
22142546,967,28,0,2,22018510,1147,33,0,0
22088702,907,36,0,1,22100028,230,310,0,0
22067998,1074,53,0,1,22042429,1187,22,0,0
22141651,410,69,0,1,22078488,754,21,0,0
22070149,807,43,0,1,22125767,326,67,0,0
22121334,1837,26,0,0,22034959,1156,65,0,0
22075002,737,74,0,3,22024900,1593,45,0,0
22125395,712,62,0,2,22088797,1893,79,0,0
22147714,1707,27,0,7,22058788,336,66,0,0
22024984,702,57,0,0,22055319,1193,58,0,0
22077694,1158,63,0,2,22018801,605,45,0,0
22050776,954,35,0,2,22111928,2098,60,0,1
22137110,819,70,0,1,22024460,296,60,0,0
22042510,2398,25,0,8,22143817,912,56,0,0
22045139,1857,71,0,1,22130716,746,35,0,0
22133107,489,61,0,8,22089263,854,59,0,0
22089027,789,16,0,1,22049795,1840,21,0,0
22052398,2212,35,0,0,22113340,655,19,0,0
22095481,1072,36,0,4,22100751,1018,37,0,0
22028327,1382,79,0,3,22036781,1182,38,0,0
22099361,2273,72,0,0,22056374,1372,46,0,0
22063422,921,49,0,8,22074041,1974,17,0,0
22051916,833,45,0,1,22123230,486,39,0,0
22125415,1124,40,0,4,22125290,325,80,0,0
22130292,177,58,0,0,22134080,2194,18,0,0
22033066,1615,42,0,0,22083193,1168,45,0,0
22060058,1106,35,0,6,22021598,948,66,0,0
22146868,454,61,0,0,22115184,838,19,0,0
22141609,1692,44,0,7,22146394,1552,66,0,0
22020340,1478,50,0,3,22127544,2264,40,0,0
22133229,2184,56,0,2,22049925,1502,41,0,0
22104487,1705,44,0,1,22118257,1630,18,0,0
22029476,600,27,0,1,22019425,669,90,0,0
22081292,1886,32,0,2,22146588,980,45,0,0
22135824,2049,46,0,7,22079536,1706,84,0,0
22089023,2508,66,0,2,22030004,2094,72,0,0
22139603,761,31,0,0,22055950,757,54,0,0
22064408,1689,83,0,0,22043422,1851,47,0,0
22058424,666,33,0,2,22137402,652,29,0,0
22052493,1553,37,0,1,22085016,1935,53,0,0
22136128,397,53,0,6,22059009,718,59,0,0
22126805,1623,58,0,1,22027191,827,32,0,0
22116474,2401,79,0,0,22089242,975,22,0,0
22140323,845,82,0,1,22092498,1661,93,0,0
22118562,1162,20,0,1,22029988,1024,32,0,0
22032435,1111,28,0,8,22036706,1083,28,0,0
22133128,1178,73,0,0,22125223,405,68,0,0
22041147,464,62,0,4,22069218,652,41,0,0
22045564,1361,40,0,1,22109846,1121,87,0,0
22126194,799,76,0,0,22074691,882,23,0,0
22072103,1810,35,0,1,22087524,681,46,0,0
22041144,1988,63,0,1,22098528,1541,23,0,0
22041202,1001,31,0,0,22090524,200,19,0,0
22094418,1051,52,0,1,22096730,874,65,0,0
22104993,844,20,0,2,22141393,988,69,0,0
22104107,1810,23,0,1,22112120,1598,21,0,0
22083494,1653,73,0,9,22141280,703,41,0,0
22049918,654,40,0,4,22028064,924,42,0,0
22089966,646,48,0,3,22066542,830,18,0,0
22126007,2281,47,0,5,22050819,682,29,0,0
22122789,940,33,0,0,22122328,1465,61,0,0
22134224,1073,47,0,4,22070082,2245,43,0,0
22128064,1905,12,0,1,22099517,1771,57,0,0
22124950,2180,30,0,6,22105938,474,131,0,0
22063545,1384,47,0,0,22048308,1389,33,0,0
22052679,288,136,0,5,22119504,1592,42,0,0
22132019,1127,39,0,2,22068057,713,34,0,0
22095536,1168,43,0,0,22108015,985,77,0,0
22116778,704,37,0,2,22108161,1289,68,0,0
22123550,1762,53,0,3,22132229,264,60,0,0
22024453,1299,45,0,2,22089849,520,46,0,0
22041295,877,52,0,1,22038873,945,64,0,0
22020207,1640,45,0,4,22021482,2355,48,0,0
22131945,1290,34,0,1,22039411,609,40,0,0
22076284,1532,40,0,2,22038322,1421,26,0,0
22137386,1349,38,0,2,22117032,1313,51,0,0
22084806,1518,67,0,1,22072086,1354,22,0,0
22048873,946,35,0,2,22092585,2271,42,0,0
22101735,1069,75,0,3,22023785,1605,41,0,0
22060037,1762,31,0,3,22042470,1600,28,0,0
22127574,955,44,0,0,22071317,531,49,0,0
22115153,1338,29,0,6,22082971,1639,31,0,0
22147258,773,41,0,0,22102957,1862,33,0,0
22052000,1330,51,0,0,22137132,485,19,0,0
22081526,1285,58,0,1,22106853,564,45,0,0
22100659,1137,41,0,1,22039425,432,26,0,0
22080907,947,34,0,0,22111684,2422,27,0,0
22105981,479,49,0,1,22117859,2105,24,0,0
22101867,941,48,0,1,22110783,1680,33,0,0
22100546,1083,31,0,1,22041767,1560,38,0,0
22082857,1611,56,0,1,22068780,2198,47,0,0
22070508,616,81,0,0,22061351,2186,43,0,0
22046782,842,43,0,4,22125262,1289,32,0,0
22110711,1199,35,0,1,22129349,1698,27,0,0
22024406,1180,32,0,1,22021305,1217,68,0,0
22130398,1963,70,0,0,22043017,390,95,0,0
22072032,1758,20,0,0,22039659,1466,48,0,0
22112196,1294,49,0,0,22085835,1613,79,0,0
22021902,486,32,0,0,22065791,581,70,0,0
22120664,1678,63,0,0,22097227,1584,30,0,0
22037164,858,42,0,3,22053391,978,55,0,0
22078547,1129,92,0,0,22071318,1706,29,0,0
22062413,892,78,0,0,22064771,607,37,0,0
22053870,1674,69,0,3,22146622,1087,44,0,0
22013633,305,27,0,1,22049146,1150,49,0,0
22021508,403,17,0,2,22130136,1481,65,0,0
22148453,1648,42,0,2,22024120,1568,26,0,0
22060188,1527,16,0,1,22108154,1558,69,0,0
22110667,980,39,0,6,22102933,2039,30,0,0
22103173,429,71,0,0,22094041,672,45,0,0
22143036,628,55,0,7,22141117,1105,41,0,0
22035852,741,18,0,6,22033213,1248,63,0,0
22074040,1399,46,0,3,22105408,1115,61,0,0
22044408,879,49,0,1,22051597,1560,28,0,0
22108288,1830,21,0,0,22092543,998,41,0,0
22052802,1148,46,0,4,22080444,474,56,0,0
22067260,710,57,0,5,22076324,661,73,0,0
22007406,635,63,0,0,22063343,1645,58,0,0
22125434,899,61,0,2,22130184,728,112,0,0
22123289,839,33,0,8,22025058,1042,43,0,0
22108173,1302,68,0,6,22093788,929,70,0,0
22043279,1133,54,0,12,22105772,335,64,0,0
22108733,1228,22,0,2,22106547,143,121,0,0
22108902,1951,29,0,0,22070966,2572,37,0,0
22041513,1028,36,0,0,22077513,1330,38,0,0
22133982,861,50,0,1,22040829,1417,20,0,0
22028775,1951,34,0,2,22051253,685,34,0,0
22124933,1682,48,0,3,22068363,1117,28,0,0
22060945,1250,52,0,0,22056843,814,43,0,0
22150551,1794,46,0,1,22133676,1147,27,0,0
22025531,2612,39,0,0,22125750,1639,35,0,0
22049333,1230,37,0,3,22120975,938,29,0,0
22121716,1072,31,0,0,22091367,1785,29,0,0
22089449,1319,87,0,1,22012141,1549,42,0,0
22039195,871,21,0,3,22053398,1945,45,0,0
22086600,840,30,0,0,22103377,932,103,0,0
22078146,2125,51,0,0,22084210,1037,44,0,0
22056384,1257,38,0,1,22078460,1012,42,0,0
22120370,1489,53,0,1,22093530,2268,23,0,0
22049867,1473,39,0,1,22114404,1083,83,0,0
22067308,1125,39,0,0,22011962,1302,89,0,0
22068112,1609,39,0,1,22124065,1415,70,0,0
22111400,1909,20,0,2,22126892,1039,26,0,0
22049537,1522,89,0,1,22101036,1633,63,0,0
22093307,1556,23,0,0,22072156,212,48,0,0
22079879,1436,48,0,1,22068289,2242,64,0,0
22096166,462,31,0,2,22103440,937,72,0,0
22124343,2345,47,0,3,22075834,1581,54,0,0
22136027,1029,111,0,1,22040897,1960,28,0,0
22069589,1484,82,0,1,22091734,1546,33,0,0
22129567,944,40,0,3,22082784,1528,20,0,0
22051420,970,33,0,0,22048560,982,158,0,0
22135582,2259,42,0,1,22150166,1603,54,0,0
22108235,706,44,0,1,22025872,1103,69,0,0
22105350,1175,116,0,4,22147463,1659,22,0,0
22053352,455,35,0,0,22053939,1319,34,0,0
22073900,1987,37,0,0,22093896,740,28,0,0
22035977,668,33,0,3,22099139,827,53,0,0
22012780,1150,47,0,0,22034551,2048,23,0,0
22067788,881,35,0,0,22081189,836,35,0,0
22060930,1429,53,0,0,22100718,752,26,0,0
22130592,1048,59,0,1,22050655,1460,34,0,0
22140213,1354,36,0,2,22057411,1328,55,0,0
22056264,1298,79,0,0,22116767,776,54,0,0
22082367,1319,89,0,1,22057431,1298,38,0,0
22039303,608,70,0,1,22143651,953,88,0,0
22111424,1190,56,0,1,22075306,822,28,0,0
22139472,896,28,0,2,22135598,1956,29,0,0
22127860,1833,118,0,1,22071912,2522,36,0,0
22015820,711,27,0,0,22026723,838,49,0,0
22019091,847,90,0,0,22100481,1124,47,0,0
22077882,1630,49,0,3,22033150,1360,20,0,0
22126505,1369,43,0,2,22082692,925,30,0,0
22038846,1056,62,0,2,22128102,1152,67,0,0
22081212,938,38,0,0,22067457,2026,31,0,0
22056000,697,67,0,0,22131133,1817,30,0,0
22047767,1130,46,0,0,22042294,735,50,0,0
22104577,1477,50,0,0,22096548,1188,56,0,0
22049707,700,21,0,2,22123010,1610,85,0,0
22048895,1531,54,0,2,22054163,637,43,0,0
22061713,612,70,0,1,22054047,1220,38,0,0
22030237,812,44,0,0,22076029,1755,23,0,0
22094577,1199,16,0,1,22072294,828,73,0,0
22037329,811,25,0,1,22056279,1532,44,0,0
22050941,1374,63,0,0,22149605,844,26,0,0
22080369,2075,57,0,0,22065984,603,51,0,0
22132422,1291,33,0,2,22137390,1108,45,0,0
22028264,1212,44,0,0,22072026,1009,61,0,0
22057172,1104,48,0,2,22093901,301,20,0,0
22035694,194,34,0,6,22027673,1334,55,0,0
22080864,532,48,0,1,22067926,2386,67,0,0
22143572,802,44,0,0,22081460,1245,43,0,0
22095115,1539,25,0,2,22042592,2502,33,0,0
22054843,702,56,0,1,22141964,898,65,0,0
22102171,1111,62,0,1,22114939,1172,25,0,0
22015316,2091,38,0,0,22044175,2553,29,0,0
22073175,882,281,0,0,22109232,1095,50,0,0
22154500,958,43,0,0,22120352,2154,50,0,0
22052507,732,57,0,0,22108403,1071,52,0,0
22016751,1211,43,0,1,22053492,760,28,0,0
22077444,341,60,0,4,22104987,446,52,0,0
22106201,829,42,0,0,22127555,1161,52,0,0
22104649,341,31,0,1,22070092,1479,49,0,0
22119262,1569,61,0,1,22046082,2391,29,0,0
22104096,558,19,0,0,22133348,1054,37,0,0
22136973,1145,44,0,0,22156264,1441,26,0,0
22079827,679,27,0,2,22134013,468,18,0,0
22122353,867,50,0,0,22078905,1768,64,0,0
22011095,1197,45,0,0,22075453,783,70,0,0
22116956,650,347,0,1,22072884,637,57,0,0
22139770,1681,40,0,0,22116898,1684,93,0,0
22141374,1301,48,0,1,22056252,1692,16,0,0
22087269,1899,57,0,1,22051018,2248,37,0,0
22139064,936,48,0,0,22147740,500,37,0,0
22153264,523,30,0,5,22063823,1215,56,0,0
22060809,969,30,0,0,22102443,1715,17,0,0
22058301,987,99,0,2,22126056,828,43,0,0
22096189,247,62,0,2,22055768,1864,50,0,0
22050316,795,43,0,1,22065208,1661,20,0,0
22052461,560,67,0,1,22035895,2101,69,0,0
22054489,429,53,0,1,22099275,1171,87,0,0
22078072,1532,51,0,1,22100730,1119,54,0,0
22132988,1631,34,0,2,22150778,1370,28,0,0
22134559,1474,46,0,0,22036335,1340,27,0,0
22126540,1827,50,0,2,22127507,279,72,0,0
22080681,978,39,0,2,22089114,1216,85,0,0
22159924,749,51,0,3,22109028,1032,41,0,0
22084333,1049,35,0,5,22078143,868,21,0,0
22108797,1649,36,0,1,22148806,936,32,0,0
22152301,772,65,0,7,22136387,1523,84,0,0
22049859,2050,49,0,3,22160608,1744,44,0,0
22128108,881,56,0,2,22157008,979,53,0,0
22132679,1942,56,0,2,22159152,1306,56,0,0
22047896,1522,35,0,0,22067982,1458,54,0,0
22053550,684,63,0,10,22089349,1067,50,0,0
22138516,2632,30,0,3,22089005,1222,48,0,0
22069517,392,32,0,4,22118619,1649,19,0,0
22069482,806,32,0,10,22064228,939,75,0,0
22099908,251,69,0,2,22095531,1081,46,0,0
22105785,1817,26,0,3,22137798,875,41,0,0
22097825,1162,58,0,1,22130657,1218,62,0,0
22080700,1514,29,0,1,22056424,1396,45,0,0
22033336,2135,33,0,7,22060849,1017,24,0,0
22141790,1875,28,0,0,22145750,692,27,0,0
22137783,138,44,0,0,22102538,741,50,0,0
22152862,1343,42,0,2,22143180,612,42,0,0
22032926,1433,53,0,5,22152773,1096,63,0,0
22077252,1002,67,0,0,22108204,599,42,0,0
22123884,1299,27,0,0,22134014,1098,40,0,0
22161080,2199,35,0,1,22128402,238,17,0,0
22098725,1286,37,0,0,22072743,1511,97,0,0
22134786,1491,46,0,4,22052637,902,30,0,0
22051108,1686,29,0,3,22080774,1447,27,0,0
22136935,1823,27,0,7,22050898,1169,14,0,0
22056857,1720,66,0,1,22142660,773,96,0,0
22103817,1606,24,0,0,22092938,1234,32,0,0
22033553,1735,58,0,5,22116378,1383,34,0,0
22120244,1455,86,0,1,22063179,1138,25,0,0
22138798,884,49,0,1,22153077,2584,46,0,0
22132242,1236,66,0,3,22123072,862,33,0,0
22137792,1688,56,0,1,22065560,438,14,0,0
22141531,2149,34,0,2,22131787,648,94,0,0
22100807,1297,27,0,6,22099507,608,47,0,0
22130616,1581,43,0,1,22032249,913,38,0,0
22041307,2295,55,0,2,22109605,770,47,0,0
22096991,992,37,0,1,22075998,2255,63,0,0
22096684,613,17,0,1,22092764,955,44,0,0
22092149,1233,66,0,0,22147522,1652,28,0,0
22075138,384,50,0,3,22156905,228,56,0,0
22043110,1558,87,0,2,22117177,1441,17,0,0
22036107,471,36,0,11,22149822,1539,24,0,0
22124501,1628,30,0,2,22140098,694,48,0,0
22130484,1980,34,0,1,22096850,1707,60,0,0
22136177,1171,23,0,0,22032087,546,123,0,0
22139802,1192,70,0,2,22099310,2405,23,0,0
22117293,1192,44,0,0,22154999,2484,35,0,0
22095066,602,46,0,3,22139118,2001,94,0,0
22076163,1385,78,0,4,22051932,1277,51,0,0
22162849,746,64,0,2,22068310,1032,31,0,0
22085502,2220,17,0,6,22061009,1052,63,0,0
22103586,800,38,0,3,22140789,1629,48,0,0
22101843,665,42,0,17,22066600,1972,35,0,0
22108787,1031,39,0,2,22158954,1125,66,0,0
22157626,1683,62,0,1,22030503,1175,102,0,0
22117860,1008,74,0,3,22150428,976,67,0,0
22132935,916,32,0,2,22060513,2045,30,0,0
22036069,2241,47,0,1,22081934,936,53,0,0
22092365,740,28,0,6,22107466,479,28,0,0
22098494,1741,33,0,2,22091145,1203,43,0,0
22056997,1177,64,0,4,22050973,232,95,0,0
22057999,922,27,0,1,22081551,557,39,0,0
22149171,2117,41,0,0,22083344,1474,66,0,0
22150244,1438,42,0,11,22120368,2260,60,0,0
22073703,1806,43,0,2,22036275,2027,41,0,0
22148095,1562,63,0,3,22063498,1132,33,0,0
22061318,1958,35,0,0,22152651,2190,66,0,0
22099781,588,23,0,0,22132914,1122,175,0,0
22083185,2101,29,0,3,22041617,1924,26,0,0
22068251,1381,8,0,1,22059544,2468,42,0,0
22127672,699,31,0,1,22035523,836,47,0,0
22040942,891,80,0,1,22094541,1108,46,0,0
22073541,766,52,0,0,22145077,1411,34,0,0
22062869,1176,55,0,3,22095907,2146,40,0,0
22105681,1523,26,0,6,22085485,771,113,0,0
22135128,586,57,0,4,22061956,868,46,0,0
22131635,1291,48,0,3,22151887,2508,33,0,0
22077843,249,52,0,11,22072824,905,99,0,0
22039467,2310,57,0,3,22141215,1372,126,0,0
22096377,307,63,0,6,22053748,1931,47,0,0
22141161,1127,30,0,1,22086134,1699,29,0,0
22098943,532,30,0,0,22068752,660,96,0,0
22072495,1084,56,0,0,22100923,2533,28,0,0
22125564,1349,40,0,0,22065876,1156,62,0,0
22151273,1244,27,0,0,22052760,289,66,0,0
22041756,763,33,0,1,22145512,2199,28,0,0
22052979,1830,63,0,2,22126180,1408,29,0,0
22086462,1132,55,0,4,22090657,1628,157,0,0
22120346,1410,60,0,2,22063639,624,57,0,0
22066287,1487,56,0,1,22126206,2184,40,0,0
22083699,648,166,0,2,22054849,1156,36,0,0
22072794,2228,73,0,3,22047321,204,73,0,0
22101522,1674,52,0,15,22036539,136,81,0,0
22129569,1063,46,0,4,22088141,1659,28,0,0
22072298,1205,31,0,0,22164311,778,94,0,0
22147138,1044,43,0,4,22035760,1718,20,0,0
22147799,737,68,0,3,22074948,1098,41,0,0
22119729,1595,62,0,0,22089182,115,51,0,0
22136030,1202,76,0,0,22126503,986,38,0,0
22084121,850,58,0,3,22057865,1181,41,0,0
22051835,923,39,0,1,22129754,1102,46,0,0
22160937,965,74,0,0,22045852,1249,45,0,0
22036849,1872,21,0,1,22117756,1125,103,0,0
22115741,1617,85,0,0,22035664,905,53,0,0
22096318,827,33,0,7,22073047,1093,27,0,0
22109335,2022,26,0,1,22072654,902,66,0,0
22051709,1634,42,0,3,22084888,433,95,0,0
22040342,1715,14,0,4,22164891,846,60,0,0
22144453,1188,37,0,5,22134878,1230,27,0,0
22100283,622,51,0,5,22149961,1782,38,0,0
22073479,1647,35,0,1,22157444,1015,50,0,0
22062841,1570,27,0,2,22117823,996,49,0,0
22136230,536,71,0,9,22158079,897,21,0,0
22143425,1717,26,0,5,22041199,844,50,0,0
22136298,1333,49,0,3,22041078,701,82,0,0
22066367,2323,54,0,1,22116727,854,27,0,0
22167134,860,60,0,4,22066474,1564,33,0,0
22079112,977,45,0,1,22064541,1712,36,0,0
22076231,1382,21,0,1,22119849,824,68,0,0
22048911,2189,41,0,2,22097405,1649,47,0,0
22037880,1069,60,0,7,22114155,1142,23,0,0
22054850,1194,35,0,7,22113557,877,21,0,0
22080672,1222,115,0,1,22158310,1168,63,0,0
22155314,2525,17,0,6,22093729,626,41,0,0
22065828,1369,52,0,1,22115931,1836,52,0,0
22141529,925,57,0,1,22142127,1185,79,0,0
22082389,1482,24,0,1,22052928,864,39,0,0
22168003,2168,38,0,0,22137549,766,40,0,0
22149766,2236,41,0,10,22073540,778,35,0,0
22035019,528,15,0,1,22141326,2104,48,0,0
22060987,1902,33,0,3,22092689,713,88,0,0
22070624,1398,57,0,3,22059733,1112,85,0,0
22099786,1458,81,0,2,22041735,894,36,0,0
22042882,456,39,0,7,22080231,1076,36,0,0
22050252,1166,254,0,2,22111911,1208,36,0,0
22093184,1862,27,0,1,22072068,2004,64,0,0
22056146,451,38,0,3,22162812,1968,36,0,0
22114890,1150,76,0,0,22158176,1846,69,0,0
22083518,868,28,0,0,22040949,869,53,0,0
22043837,1671,48,0,1,22059508,400,41,0,0
22117689,1176,90,0,1,22147808,1236,34,0,0
22045723,1822,39,0,0,22136389,899,48,0,0
22116579,541,73,0,0,22124057,521,20,0,0
22135540,2551,19,0,2,22150212,1002,21,0,0
22140433,1031,46,0,4,22101584,1028,91,0,0
22151788,665,56,0,0,22141190,1429,26,0,0
22162025,274,61,0,0,22113782,924,59,0,0
22130724,1188,83,0,1,22101034,1601,57,0,0
22101144,2212,32,0,10,22036039,1734,31,0,0
22120614,150,36,0,2,22050020,1175,32,0,0
22120711,662,90,0,1,22168526,625,29,0,0
22097030,488,37,0,1,22167574,920,40,0,0
22090454,1238,28,0,1,22075438,748,40,0,0
22043040,1602,27,0,0,22106224,1172,44,0,0
22056735,835,30,0,0,22103726,1239,32,0,0
22108181,907,47,0,1,22078503,783,33,0,0
22163289,2094,73,0,0,22083294,1512,22,0,0
22044251,1679,31,0,0,22084165,1003,71,0,0
22116242,921,85,0,2,22159911,1410,20,0,0
22073954,1426,40,0,5,22140625,962,35,0,0
22049998,705,34,0,3,22160406,222,75,0,0
22073354,767,61,0,6,22054994,1143,51,0,0
22059106,101,84,0,7,22075752,700,35,0,0
22092261,752,73,0,2,22111595,2398,28,0,0
22078811,1069,46,0,1,22082906,1456,33,0,0
22162302,1709,29,0,4,22137840,1148,29,0,0
22083613,2312,20,0,0,22155508,1004,59,0,0
22138194,1109,38,0,1,22125401,862,44,0,0
22117203,1544,55,0,5,22069286,2190,38,0,0
22078003,1973,35,0,3,22140185,1502,86,0,0
22081515,1616,46,0,1,22164172,1581,30,0,0
22041921,1608,60,0,5,22149805,805,39,0,0
22158688,1794,56,0,3,22065329,1465,30,0,0
22117189,356,24,0,0,22149551,1147,57,0,0
22097964,1993,33,0,4,22038495,1915,36,0,0
22083979,2287,30,0,0,22145293,1900,51,0,0
22084079,1876,32,0,5,22134682,2100,55,0,0
22150433,2066,17,0,0,22079839,2142,24,0,0
22167634,414,49,0,12,22117641,1000,46,0,0
22102670,914,51,0,0,22094624,816,47,0,0
22132753,1979,53,0,10,22046990,1951,73,0,0
22150380,1917,56,0,1,22127100,1660,45,0,0
22112738,764,65,0,5,22052892,1537,69,0,0
22052495,1399,61,0,2,22096560,1400,76,0,0
22075032,933,18,0,0,22109015,2358,71,0,0
22164745,1032,43,0,1,22127091,702,41,0,0
22082201,1369,44,0,3,22066649,348,53,0,0
22065371,1126,30,0,2,22134366,1124,34,0,0
22171832,843,58,0,3,22089163,2187,21,0,0
22131699,730,51,0,2,22135560,937,55,0,0
22089856,1771,27,0,12,22147783,663,26,0,0
22046786,2456,45,0,1,22099866,1006,45,0,0
22090411,1153,35,0,0,22113529,388,46,0,0
22042271,2146,51,0,1,22040144,1673,35,0,0
22100422,1811,44,0,0,22044242,1417,19,0,0
22071236,2156,30,0,1,22097307,1680,22,0,0
22064576,1363,41,0,2,22139329,1329,53,0,0
22158657,1951,73,0,1,22113385,960,33,0,0
22168534,1098,44,0,0,22160703,686,19,0,0
22097242,1101,64,0,1,22150534,985,24,0,0
22124646,1222,51,0,4,22155358,2169,56,0,0
22128272,885,75,0,3,22055421,850,49,0,0
22041808,911,58,0,0,22110922,1622,63,0,0
22166037,1138,61,0,3,22127632,1471,45,0,0
22171467,2180,56,0,4,22160434,863,53,0,0
22112055,733,78,0,6,22169681,104,29,0,0
22068845,2061,32,0,0,22080515,897,31,0,0
22080410,1757,77,0,3,22046139,1421,44,0,0
22138610,999,34,0,1,22091675,1468,48,0,0
22113641,1891,41,0,5,22125834,1141,48,0,0
22100894,1562,72,0,11,22144497,1069,35,0,0
22125872,655,51,0,0,22135552,476,23,0,0
22067814,569,35,0,0,22171584,1526,32,0,0
22152866,688,159,0,1,22058556,580,105,0,0
22072929,953,18,0,0,22160546,907,52,0,0
22067387,1598,46,0,11,22097218,946,69,0,0
22071989,865,27,0,4,22117575,233,44,0,0
22158250,1363,37,0,1,22103860,948,27,0,0
22069505,2554,84,0,1,22128860,2307,67,0,0
22093701,858,35,0,1,22125677,241,73,0,0
22046360,1004,56,0,2,22170496,678,67,0,0
22130581,1956,25,0,2,22099597,740,40,0,0
22152757,1135,34,0,5,22083943,945,53,0,0
22085952,1460,50,0,4,22124936,2349,44,0,0
22162883,1339,103,0,0,22077924,774,54,0,0
22125499,1298,24,0,1,22120847,264,95,0,0
22161692,1375,44,0,2,22159153,1102,74,0,0
22113077,931,55,0,7,22054347,1037,24,0,0
22134727,744,23,0,0,22116700,961,26,0,0
22169725,323,65,0,0,22047402,1657,81,0,0
22089834,539,54,0,1,22047982,447,44,0,0
22159995,921,57,0,1,22149804,443,36,0,0
22115295,614,47,0,11,22110480,815,61,0,0
22058046,1163,44,0,0,22056157,1997,29,0,0
22168181,2239,38,0,0,22044289,1317,24,0,0
22069972,1610,37,0,9,22051456,2603,29,0,0
22165927,838,81,0,0,22154718,743,38,0,0
22155228,870,43,0,3,22127141,1304,50,0,0
22104145,1938,38,0,5,22156136,480,40,0,0
22097502,1545,28,0,1,22070848,1732,22,0,0
22097279,263,63,0,1,22152053,1108,47,0,0
22102015,530,105,0,1,22151036,1008,61,0,0
22118359,827,60,0,4,22173130,466,39,0,0
22159738,565,66,0,5,22072414,943,47,0,0
22168156,1415,48,0,2,22132573,1917,55,0,0
22143432,631,27,0,3,22096832,1681,44,0,0
22101381,648,52,0,2,22103653,1125,34,0,0
22106194,1006,58,0,3,22094190,778,64,0,0
22078870,2291,49,0,5,22139500,1377,60,0,0
22082159,873,55,0,1,22103372,2570,25,0,0
22156006,384,23,0,0,22169829,1802,18,0,0
22164199,768,50,0,1,22048671,1137,46,0,0
22134411,873,48,0,1,22121349,1114,56,0,0
22047210,1174,56,0,1,22142389,1601,40,0,0
22123700,810,32,0,1,22046384,372,63,0,0
22087012,1256,116,0,5,22172861,706,52,0,0
22086074,1890,37,0,1,22173096,1431,46,0,0
22126485,1219,30,0,0,22172983,655,44,0,0
22160800,1752,39,0,0,22112239,2186,36,0,0
22073823,2132,41,0,0,22049218,1630,65,0,0
22085796,421,20,0,0,22120583,895,44,0,0
22045732,850,93,0,7,22104424,1823,37,0,0
22143074,1017,46,0,0,22094014,1623,32,0,0
22048874,895,82,0,4,22140741,529,46,0,0
22156922,1622,109,0,1,22168473,1147,57,0,0
22172789,1891,37,0,9,22164894,735,166,0,0
22077695,846,80,0,0,22082281,571,30,0,0
22145547,2077,66,0,3,22155983,1172,78,0,0
22053547,1052,47,0,1,22090037,775,36,0,0
22084840,1042,50,0,4,22155699,438,46,0,0
22161318,208,65,0,0,22100078,355,45,0,0
22134997,876,53,0,2,22138394,166,88,0,0
22096096,248,72,0,2,22056749,497,41,0,0
22129186,2361,48,0,3,22095129,359,59,0,0
22071656,1599,41,0,2,22093163,1666,27,0,0
22121979,1110,44,0,3,22114877,681,42,0,0
22109542,1965,34,0,2,22056812,1685,29,0,0
22147628,1670,30,0,0,22072587,2483,62,0,0
22052633,1900,43,0,0,22077728,901,28,0,0
22068811,2480,68,0,3,22076329,1242,71,0,0
22064817,1630,48,0,2,22093231,1097,26,0,0
22162569,768,31,0,0,22147759,1934,35,0,0
22169270,2094,68,0,1,22090228,1356,30,0,0
22122805,1786,88,0,0,22168785,555,35,0,0
22047935,1907,70,0,2,22134001,946,49,0,0
22090432,983,104,0,4,22133292,1408,28,0,0
22158356,653,92,0,2,22174205,1165,67,0,0
22166081,1643,39,0,0,22083635,244,33,0,0
22115669,1525,46,0,1,22116684,2476,24,0,0
22139782,1355,40,0,2,22137513,740,45,0,0
22116128,1762,56,0,0,22105530,989,56,0,0
22111901,1781,41,0,3,22072849,954,52,0,0
22103820,739,53,0,3,22129005,1648,27,0,0
22156332,1094,30,0,2,22126755,1400,69,0,0
22084241,1692,124,0,0,22102366,949,18,0,0
22104724,1831,44,0,5,22131842,2455,45,0,0
22105428,983,35,0,0,22155534,184,29,0,0
22081122,1008,37,0,3,22157141,1550,26,0,0
22070909,142,31,0,6,22125763,1647,36,0,0
22094542,358,43,0,1,22050448,1049,56,0,0
22168479,1288,64,0,0,22100390,205,66,0,0
22055546,1045,65,0,0,22091548,1385,42,0,0
22082715,853,45,0,0,22106710,1105,27,0,0
22059701,238,46,0,8,22107551,1491,38,0,0
22091441,2556,31,0,3,22158502,851,73,0,0
22088930,645,74,0,1,22101551,1036,69,0,0
22154517,695,26,0,0,22080725,278,45,0,0
22175230,1120,48,0,4,22076560,1236,100,0,0
22151606,479,56,0,4,22089540,1270,33,0,0
22123094,2208,82,0,3,22150508,983,28,0,0
22083310,1392,31,0,1,22175837,1302,43,0,0
22052197,1290,51,0,2,22156106,2383,44,0,0
22055669,1528,47,0,0,22166174,302,110,0,0
22153719,1818,19,0,0,22091164,1449,28,0,0
22103790,2492,37,0,3,22150568,357,55,0,0
22075971,1061,34,0,2,22158811,327,46,0,0
22107216,599,34,0,0,22130085,2191,30,0,0
22134370,553,67,0,1,22149812,1908,23,0,0
22169091,1403,66,0,2,22051873,833,38,0,0
22139296,899,49,0,2,22144159,1274,41,0,0
22067173,1147,48,0,0,22168783,2347,56,0,0
22158706,982,12,0,1,22166902,1416,63,0,1
22098190,783,42,0,0,22142209,2080,15,0,0
22080808,1233,70,0,1,22154455,2279,25,0,0
22175228,1016,16,0,1,22106845,627,42,0,0
22059313,1214,93,0,1,22057881,1706,45,0,0
22106287,854,65,0,0,22157830,1570,47,0,0
22076947,751,39,0,2,22101997,472,52,0,0
22098474,1146,56,0,8,22122620,167,59,0,0
22148285,1191,28,0,5,22085960,659,58,0,0
22122881,1057,55,0,1,22051931,1290,30,0,0
22135652,1751,27,0,1,22173558,409,68,0,0
22104634,1032,60,0,0,22120988,1188,178,0,0
22144102,1407,18,0,0,22052800,755,34,0,0
22067701,660,19,0,1,22072093,819,42,0,0
22175546,1654,44,0,0,22071271,1897,69,0,0
22178790,1732,25,0,4,22066665,1262,47,0,0
22148944,1104,27,0,6,22054105,493,414,0,0
22111591,880,46,0,0,22079151,1176,59,0,0
22166296,2039,35,0,0,22072153,699,60,0,0
22081970,692,99,0,9,22090298,1790,39,0,0
22123809,1303,51,0,3,22078791,1204,27,0,0
22092319,693,28,0,3,22064820,1638,29,0,0
22066166,824,31,0,5,22069458,2058,29,0,0
22127290,999,38,0,0,22077023,694,53,0,0
22168358,2270,34,0,2,22053186,613,51,0,0
22119145,487,50,0,4,22103089,1588,47,0,0
22147421,1428,36,0,1,22170603,1715,51,0,0
22149862,1981,48,0,1,22165235,545,19,0,0
22125772,1146,38,0,5,22089166,1616,58,0,0
22145912,739,23,0,0,22127416,1612,38,0,0
22069957,1013,33,0,2,22120003,656,32,0,0
22070420,1159,22,0,0,22147933,1623,46,0,0
22069700,734,33,0,11,22127901,1694,43,0,0
22106294,1841,25,0,0,22179749,1115,39,0,0
22134419,1706,30,0,4,22129723,475,19,0,0
22138790,1152,35,0,1,22057887,2240,47,0,0
22133778,2131,28,0,1,22176164,1697,79,0,0
22069319,852,60,0,1,22133721,1247,59,0,0
22089752,647,36,0,2,22155196,864,55,0,0
22082531,1520,74,0,5,22112910,498,62,0,0
22098578,1163,25,0,8,22052617,1317,39,0,0
22164533,1670,47,0,3,22140334,688,57,0,0
22110908,920,33,0,4,22156970,556,29,0,0
22122016,1220,175,0,5,22081693,379,19,0,0
22156017,700,78,0,1,22125366,1690,20,0,0
22050062,1186,71,0,0,22145334,925,20,0,0
22061678,1789,56,0,1,22170952,997,44,0,0
22051971,1729,57,0,3,22102074,1423,58,0,0
22166877,1031,69,0,1,22061178,1797,56,0,0
22071448,442,24,0,9,22065401,1975,47,0,0
22135479,2476,20,0,2,22086444,578,62,0,0
22057661,1620,44,0,1,22135818,1980,61,0,0
22052602,1502,20,0,2,22165034,839,48,0,0
22155426,2104,30,0,3,22070671,2181,41,0,0
22176747,2109,23,0,5,22163037,1399,34,0,0
22093081,1353,51,0,1,22113813,906,64,0,0
22140619,813,79,0,1,22115423,727,114,0,0
22070322,1419,22,0,0,22168647,2092,60,0,0
22063599,617,18,0,0,22131217,793,42,0,0
22057335,1584,86,0,2,22179932,1816,39,0,0
22169992,1008,37,0,3,22115594,827,61,0,0
22093695,1984,22,0,0,22120707,353,72,0,0
22141903,1176,225,0,1,22160596,1174,53,0,0
22181645,804,56,0,2,22074884,804,73,0,0
22168091,2113,78,0,2,22088768,2427,40,0,0
22056349,1960,52,0,3,22096145,1883,28,0,0
22139450,365,32,0,3,22079226,961,108,0,0
22127220,1063,101,0,4,22167684,1113,74,0,0
22168046,1854,20,0,2,22066386,1350,32,0,0
22063554,618,32,0,3,22150064,732,27,0,0
22080646,167,115,0,1,22057288,340,41,0,0
22137953,1361,19,0,1,22112640,322,33,0,0
22145651,526,26,0,4,22069826,1053,42,0,0
22123883,508,56,0,4,22072629,1871,51,0,0
22089360,226,72,0,3,22057769,1704,62,0,0
22132501,1313,46,0,6,22126942,1720,26,0,0
22173738,1150,46,0,3,22125457,1427,47,0,0
22144491,2554,58,0,2,22097449,654,71,0,0
22113339,891,25,0,1,22111603,607,18,0,0
22083752,2068,54,0,3,22138659,1115,55,0,0
22085836,364,59,0,4,22180390,2123,61,0,0
22065869,1232,41,0,0,22177507,958,51,0,0
22070128,1169,22,0,6,22093693,2081,46,0,0
22156309,1319,73,0,0,22183579,613,46,0,0
22065252,425,31,0,1,22159163,1047,39,0,0
22158991,680,61,0,3,22170309,451,21,0,0
22158516,1338,60,0,3,22179039,1570,70,0,0
22153621,1810,39,0,8,22059509,2136,31,0,0
22128135,723,23,0,1,22122508,1643,74,0,0
22129988,617,52,0,2,22078048,548,39,0,0
22171965,813,34,0,2,22101825,799,45,0,0
22083552,1172,29,0,1,22172939,1365,19,0,0
22158721,1184,68,0,0,22075982,1465,35,0,0
22135061,1087,61,0,2,22155855,1336,30,0,0
22053871,1060,58,0,0,22153252,1516,43,0,0
22119116,1389,122,0,2,22092891,275,36,0,0
22134420,1600,35,0,3,22080603,1173,81,0,0
22096054,478,29,0,1,22113879,294,44,0,0
22064028,872,76,0,0,22117309,1586,95,0,0
22053657,964,47,0,0,22111873,442,97,0,0
22117568,936,26,0,4,22128161,945,39,0,0
22073073,289,67,0,0,22119283,1307,89,0,0
22124875,761,44,0,5,22110930,768,22,0,0
22107241,249,78,0,2,22103996,2096,37,0,0
22137685,1062,32,0,1,22074642,832,73,0,0
22172616,1975,50,0,1,22107983,1928,68,0,0
22067038,2190,39,0,2,22141602,1684,29,0,0
22148008,791,62,0,1,22106377,1103,70,0,0
22058365,792,77,0,0,22079557,1156,58,0,0
22089513,1059,83,0,1,22162085,1137,45,0,0
22098532,1884,44,0,0,22120684,284,34,0,0
22111298,1094,40,0,12,22079333,1315,41,0,0
22100001,1336,77,0,3,22084360,1435,60,0,0
22081991,1646,36,0,1,22167167,671,50,0,0
22123634,1882,30,0,1,22071980,930,142,0,0
22167926,2159,58,0,1,22066123,1849,69,0,0
22113560,1893,28,0,2,22156606,1600,46,0,0
22086410,1182,67,0,5,22172037,529,24,0,0
22173217,1470,52,0,2,22178109,1261,28,0,0
22072648,1830,35,0,1,22076895,698,109,0,0
22089575,860,74,0,243,22070074,1609,46,0,0
22138087,1315,30,0,0,22159090,1757,37,0,0
22111386,1584,60,0,0,22152205,2466,27,0,0
22115016,886,18,0,0,22085747,1953,52,0,0
22071953,1662,57,0,0,22129966,1670,51,0,0
22088671,1501,50,0,0,22086853,2196,49,0,0
22089749,2276,38,0,0,22135093,1669,40,0,0
22143822,367,39,0,1,22113265,1993,18,0,0
22134626,1334,69,0,0,22124757,1496,76,0,0
22078887,1913,30,0,0,22177923,961,49,0,0
22147786,1401,51,0,0,22101808,1212,23,0,0
22094884,1340,30,0,0,22125917,1366,69,0,0
22072090,391,60,0,0,22129560,931,29,0,0
22105363,1003,39,0,0,22069045,1127,43,0,0
22141180,1656,41,0,1,22109413,749,50,0,0
22073187,917,42,0,0,22135801,409,38,0,0
22126033,1311,45,0,0,22075694,1143,62,0,0
22159314,823,54,0,0,22059799,137,36,0,0
22163602,1166,50,0,0,22107532,670,70,0,0
22065955,1147,52,0,0,22083647,1686,72,0,0
22106326,1020,61,0,0,22134632,925,25,0,0
22091371,1099,56,0,1,22111612,1353,30,0,0
22167918,891,93,0,0,22097752,1365,49,0,0
22168693,695,104,0,0,22106438,1031,41,0,0
22151385,1047,47,0,0,22182971,1415,30,0,0
22088347,1096,34,0,0,22072724,1527,44,0,0
22184897,2164,34,0,57,22113505,638,50,0,0
22089286,1659,65,0,3,22161204,1244,24,0,0
22168866,1532,55,0,0,22113189,680,41,0,0
22137810,746,58,0,1,22156286,1686,48,0,0
22065263,1627,36,0,0,22072736,839,21,0,0
22077650,1847,41,0,2,22184979,2116,51,0,0
22094943,867,74,0,0,22118511,441,47,0,0
22141990,1150,136,0,4,22140029,962,21,0,0
22165917,902,46,0,0,22112049,1414,33,0,0
22075989,1569,63,0,0,22106292,1070,47,0,0
22063637,722,37,0,1,22164893,1309,61,0,0
22107933,1620,23,0,0,22181462,2128,54,0,0
22059386,1295,40,0,0,22153210,1496,48,0,0
22086617,971,50,0,0,22175844,1065,49,0,0
22086881,2327,21,0,0,22138734,1195,59,0,0
22150481,565,56,0,0,22181474,1154,23,0,0
22060994,1625,37,0,7,22071506,444,128,0,0
22123278,866,29,0,0,22178082,2196,38,0,0
22107837,174,83,0,0,22097880,832,35,0,0
22167387,855,58,0,0,22137592,566,78,0,0
22063869,930,88,0,0,22074753,572,30,0,0
22121028,1187,73,0,0,22091641,1333,74,0,0
22150962,856,58,0,0,22092885,341,62,0,0
22109419,1367,84,0,0,22119518,1236,47,0,0
22062444,1516,43,0,0,22067085,1132,19,0,0
22086670,2025,33,0,0,22086266,901,53,0,0
22179781,2530,54,0,0,22189462,1102,28,0,0
22070280,2289,36,0,1,22155567,1732,21,0,0
22115079,1574,26,0,0,22137285,2104,53,0,0
22172977,1366,45,0,1,22117960,1432,62,0,0
22086271,1482,35,0,3,22115816,420,31,0,0
22087692,1195,40,0,0,22160642,1272,65,0,0
22130691,1133,62,0,1,22167678,909,67,0,0
22066906,730,57,0,1,22177607,879,75,0,0
22112755,819,38,0,2,22127831,1138,73,0,0
22144863,1272,49,0,4,22110203,216,21,0,0
22171413,2275,43,0,2,22091242,909,63,0,0
22087669,1230,41,0,1,22182404,1713,28,0,0
22181485,2020,45,0,0,22074163,1193,25,0,0
22097875,1417,53,0,6,22122624,787,65,0,0
22154190,204,41,0,11,22077760,1669,23,0,0
22151699,158,35,0,0,22173796,1692,57,0,0
22153218,810,55,0,1,22136306,1109,39,0,0
22173117,836,36,0,2,22131620,2172,37,0,0
22105996,1546,38,0,2,22085302,1095,58,0,0
22143461,1618,74,0,3,22076212,672,61,0,0
22172792,784,19,0,0,22107815,1189,38,0,0
22117708,906,34,0,2,22118184,1559,24,0,0
22160048,1494,25,0,1,22144424,1422,42,0,0
22142282,1798,24,0,2,22140526,551,37,0,0
22151621,1703,30,0,2,22175752,1039,81,0,0
22169534,1722,74,0,1,22140217,1068,62,0,0
22124661,458,79,0,0,22145787,1005,74,0,0
22122018,1966,46,0,0,22136362,2326,30,0,0
22062695,1740,69,0,8,22099083,631,30,0,0
22096760,818,24,0,2,22124938,835,38,0,0
22121901,1262,48,0,4,22078570,1750,16,0,1
22161343,1828,25,0,2,22095049,126,74,0,0
22106162,756,76,0,2,22080859,936,50,0,1
22088595,1335,62,0,0,22067622,721,44,0,0
22141654,328,35,0,11,22174326,527,55,0,0
22164478,1773,40,0,2,22188920,1750,43,0,0
22107879,2345,45,0,1,22094617,1394,34,0,0
22111188,1423,43,0,1,22161774,937,45,0,0
22110624,726,61,0,1,22075836,945,86,0,0
22155094,2229,27,0,2,22083021,301,23,0,0
22066443,1717,35,0,3,22151678,1994,46,0,0
22122105,926,57,0,4,22166917,829,104,0,0
22127934,738,90,0,5,22183801,2221,57,0,0
22089674,591,27,0,2,22109919,1652,25,0,0
22095830,867,73,0,2,22172495,434,41,0,0
22123751,1096,171,0,3,22101671,1518,36,0,0
22189867,711,35,0,1,22068964,418,41,0,0
22133927,1171,86,0,1,22099047,1187,50,0,0
22107913,1507,55,0,3,22187529,1562,44,0,0
22133362,1027,77,0,5,22119693,1638,77,0,0
22111905,1904,40,0,0,22155854,1830,41,0,0
22105278,427,90,0,7,22183597,1150,41,0,0
22115776,832,50,0,0,22151358,658,67,0,0
22113674,1882,95,0,5,22176191,2599,38,0,0
22149645,486,63,0,2,22097731,1188,23,0,0
22165286,1348,28,0,2,22191680,684,50,0,0
22159974,1102,29,0,8,22064662,234,111,0,0
22072823,1714,80,0,1,22093494,1315,57,0,0
22145580,574,50,0,0,22085501,675,51,0,0
22082299,1473,28,0,0,22167056,1309,80,0,0
22123515,955,57,0,6,22148042,1681,26,0,0
22090156,1900,33,0,3,22115895,1632,28,0,0
22170700,2179,45,0,4,22184438,897,46,0,0
22162760,1337,43,0,3,22171658,1404,31,0,0
22100742,772,49,0,18,22186714,1099,74,0,0
22079091,248,41,0,4,22114816,2068,39,0,0
22125386,780,17,0,1,22070076,1299,62,0,0
22135687,1459,22,0,1,22139570,2133,39,0,0
22096234,1323,35,0,3,22100183,1213,54,0,0
22189267,1613,79,0,0,22095928,1561,32,0,0
22107972,1723,25,0,3,22120441,2025,51,0,0
22112137,984,56,0,0,22138173,708,58,0,0
22145369,1879,29,0,5,22131950,1008,49,0,0
22157394,400,111,0,2,22092675,1930,120,0,0
22134301,317,44,0,2,22085879,1703,37,0,0
22179598,1494,36,0,2,22193865,570,38,0,0
22067684,956,46,0,0,22129894,743,62,0,0
22075320,2177,60,0,0,22137094,220,39,0,0
22167956,1918,40,0,4,22136450,2184,32,0,0
22133909,711,36,0,3,22134319,1921,41,0,0
22186190,1131,31,0,1,22193274,540,62,0,0
22116052,1206,27,0,2,22113180,2137,39,0,0
22192489,873,35,0,3,22158308,1044,66,0,0
22104874,2131,60,0,3,22164910,982,53,0,0
22156356,1491,17,0,10,22090698,1091,41,0,0
22124733,867,28,0,3,22146751,2304,24,0,0
22105764,480,14,0,10,22193235,1562,52,0,0
22167694,1898,39,0,1,22168578,1319,41,0,0
22085805,608,22,0,6,22081975,1852,45,0,0
22141314,1558,26,0,2,22124846,2176,22,0,0
22081144,1102,34,0,0,22191242,1108,40,0,0
22176252,1806,25,0,9,22073829,2127,42,0,0
22095785,788,29,0,0,22108860,1072,48,0,0
22165951,844,88,0,0,22154095,1281,65,0,0
22187451,1275,42,0,0,22097339,620,55,0,0
22187146,1625,40,0,0,22187827,1986,19,0,0
22091083,698,69,0,2,22170950,229,65,0,0
22182009,700,56,0,4,22074696,896,38,0,0
22126398,1511,41,0,3,22150230,2047,48,0,0
22072303,650,87,0,5,22146113,1633,34,0,0
22179672,1033,50,0,4,22176147,1653,34,0,0
22145018,1492,48,0,3,22080616,2334,51,0,0
22087025,1925,53,0,2,22079501,797,60,0,0
22117479,1183,26,0,1,22165909,1369,37,0,0
22187676,1627,32,0,2,22150480,148,27,0,0
22078394,1608,23,0,2,22195445,1650,51,0,0
22172187,1170,18,0,2,22166279,658,39,0,0
22087091,1110,27,0,6,22071610,1308,39,0,0
22116243,394,35,0,4,22116410,261,48,0,0
22186277,876,33,0,1,22156827,1656,43,0,0
22132119,2156,27,0,5,22105487,2023,34,0,0
22072063,371,29,0,1,22139541,2377,49,0,0
22160661,1693,49,0,4,22167070,466,61,0,0
22083369,2137,25,0,0,22113040,1116,43,0,0
22105040,934,76,0,0,22164072,2585,47,0,0
22113622,394,37,0,6,22082061,2488,41,0,0
22135525,1273,54,0,1,22096228,859,20,0,0
22150139,662,52,0,3,22107639,2252,61,0,0
22119500,807,164,0,1,22185856,551,59,0,0
22126147,655,60,0,4,22118482,721,15,0,0
22187693,1383,46,0,2,22096063,797,64,0,0
22080492,1874,71,0,1,22106418,578,62,0,0
22090580,763,67,0,0,22131067,506,54,0,0
22130913,872,31,0,4,22180321,2568,23,0,0
22122845,783,45,0,2,22162441,1150,23,0,0
22153721,306,88,0,2,22087065,1110,12,0,0
22179737,2197,62,0,0,22096673,2105,38,0,0
22128112,1856,63,0,1,22092930,1206,34,0,0
22171946,2261,39,0,3,22157322,168,43,0,0
22097900,986,25,0,6,22072535,1566,27,0,0
22151502,642,54,0,1,22082640,589,21,0,0
22075078,455,107,0,2,22174966,1772,27,0,0
22165193,1030,59,0,1,22163464,1450,58,0,0
22174709,1662,75,0,1,22196209,813,16,0,0
22071911,1958,41,0,0,22151241,565,65,0,0
22068819,230,37,0,0,22135051,1348,37,0,0
22192609,1592,21,0,10,22163468,1214,27,0,0
22173177,480,27,0,1,22130255,1827,26,0,0
22151061,1308,63,0,2,22172865,199,39,0,0
22084572,2657,23,0,2,22165829,1812,61,0,0
22184641,412,60,0,0,22145598,448,35,0,0
22169818,1259,58,0,0,22107330,2294,55,0,0
22178225,2271,39,0,2,22111362,1859,35,0,0
22082309,2016,64,0,1,22075476,904,40,0,0
22081742,483,41,0,0,22116346,1018,23,0,0
22091153,678,43,0,5,22120702,956,78,0,0
22065489,226,24,0,1,22150186,1134,58,0,0
22161156,978,53,0,3,22125443,2042,39,0,0
22093282,2350,40,0,6,22062552,886,42,0,0
22144168,1855,44,0,0,22123305,1339,28,0,0
22141337,1724,64,0,0,22139378,2322,45,0,0
22112840,1003,39,0,5,22097824,1145,60,0,0
22123221,1706,91,0,5,22089347,887,27,0,0
22115938,1420,56,0,2,22080164,1121,57,0,0
22129591,2455,38,0,8,22171895,1658,84,0,0
22176634,1394,60,0,0,22123565,911,40,0,0
22100994,1143,36,0,2,22172213,1549,36,0,0
22096811,1445,84,0,3,22116717,1129,49,0,0
22141699,1440,35,0,1,22085685,794,54,0,0
22083606,1842,47,0,0,22082758,1646,52,0,0
22062537,837,27,0,0,22130205,944,23,0,0
22174138,992,22,0,2,22187161,974,46,0,0
22185543,711,28,0,1,22155794,831,115,0,0
22130653,683,42,0,1,22123236,1138,49,0,0
22133490,789,37,0,4,22102476,338,42,0,0
22089814,407,44,0,1,22074253,995,38,0,0
22165672,721,37,0,6,22176277,1077,62,0,0
22175502,1648,30,0,5,22194256,2456,15,0,0
22143274,148,30,0,0,22097029,1361,38,0,0
22105907,1448,35,0,3,22096869,2071,72,0,0
22108919,758,42,0,0,22060831,1241,47,0,0
22058899,1865,52,0,1,22197290,992,38,0,0
22107422,2176,62,0,0,22057746,843,30,0,0
22187209,1375,67,0,1,22097413,1748,43,0,0
22094456,1266,38,0,1,22162426,636,28,0,0
22198881,471,74,0,1,22162844,1433,38,0,0
22110200,1115,20,0,4,22155708,809,63,0,0
22170650,2169,19,0,2,22190242,1250,18,0,0
22135141,267,45,0,1,22109966,614,32,0,0
22117779,1635,45,0,1,22058649,1004,39,0,0
22172244,1970,24,0,0,22163380,824,29,0,0
22132045,2120,79,0,3,22120011,1085,59,0,0
22101515,1224,24,0,1,22169627,1132,43,0,0
22169205,1341,59,0,3,22150779,1366,46,0,0
22084828,937,53,0,3,22155408,1039,38,0,0
22117937,657,69,0,0,22167087,1367,63,0,0
22175398,1067,46,0,0,22089638,735,41,0,0
22132481,835,41,0,0,22196300,630,48,0,0
22199237,1522,39,0,0,22192197,1115,20,0,0
22078821,843,49,0,3,22078223,1482,51,0,0
22095655,890,24,0,1,22079947,981,29,0,0
22169982,1047,41,0,0,22192399,1101,27,0,0
22186695,1358,68,0,0,22182030,1218,37,0,0
22096918,761,61,0,0,22140283,1513,42,0,0
22181160,1638,56,0,5,22149270,1304,20,0,0
22189525,1700,63,0,0,22080799,1461,19,0,0
22165889,584,111,0,3,22175415,1691,59,0,0
22150222,1275,17,0,0,22171672,185,62,0,0
22081572,1186,53,0,1,22149010,1086,44,0,0
22127456,624,23,0,0,22143626,568,24,0,0
22123604,1553,27,0,5,22089171,1662,37,0,0
22066085,1408,52,0,4,22148956,731,33,0,0
22127486,600,18,0,0,22065479,1959,55,0,0
22157326,1407,68,0,0,22065939,385,39,0,0
22191047,1151,57,0,1,22084872,1833,41,0,0
22152877,1169,68,0,0,22181186,1995,22,0,0
22150905,1612,29,0,0,22118439,578,77,0,0
22126893,1349,60,0,4,22149596,314,47,0,0
22135895,1228,65,0,2,22073721,1294,26,0,0
22082471,1897,49,0,0,22060649,162,14,0,0
22092419,706,64,0,2,22113593,524,76,0,0
22116139,1513,17,0,1,22151422,773,49,0,0
22112853,620,55,0,6,22161253,1299,35,0,0
22126653,1896,57,0,0,22146677,1213,49,0,0
22127432,913,36,0,1,22110145,253,48,0,0
22133242,581,54,0,2,22116722,1204,13,0,0
22110352,1290,60,0,0,22081274,1047,37,0,0
22187981,339,43,0,0,22112481,2189,44,0,0
22137036,947,60,0,0,22167941,1224,46,0,0
22118991,503,79,0,4,22130278,516,74,0,0
22129215,988,55,0,0,22172788,2528,20,0,0
22115032,1431,47,0,0,22165894,677,65,0,0
22156214,1278,27,0,0,22168393,816,72,0,0
22105179,1922,60,0,1,22176049,677,61,0,0
22089128,730,52,0,0,22059550,1410,54,0,0
22195212,899,56,0,0,22178481,387,44,0,0
22171328,689,28,0,0,22189316,731,36,0,0
22167432,445,93,0,2,22184111,1638,35,0,0
22097660,1982,56,0,4,22080338,1322,24,0,0
22143946,1776,40,0,1,22161146,1242,69,0,0
22089430,652,50,0,0,22142746,1170,66,0,0
22133174,537,39,0,2,22155721,978,26,0,0
22161283,356,43,0,1,22188583,781,62,0,0
22091632,906,49,0,2,22110661,2117,45,0,0
22132661,1125,20,0,0,22177453,1304,42,0,0
22188804,1069,66,0,2,22123518,423,877,0,0
22171879,1055,18,0,2,22099090,765,67,0,0
22086740,1223,50,0,0,22196600,1477,40,0,0
22087386,666,70,0,7,22185060,529,18,0,0
22082543,1676,38,0,1,22174635,1657,28,0,0
22143996,1072,97,0,2,22104413,1425,16,0,0
22158887,1303,33,0,2,22101871,1512,191,0,0
22107012,1029,59,0,1,22178489,2146,34,0,0
22137480,866,17,0,1,22117537,629,22,0,0
22125592,1239,24,0,2,22181086,841,26,0,0
22165004,1507,48,0,2,22174601,1172,30,0,0
22126241,1528,34,0,2,22080758,1564,50,0,0
22126285,628,57,0,1,22193096,1026,29,0,0
22114740,1481,102,0,2,22113756,1291,81,0,0
22107540,2114,65,0,1,22200395,941,42,0,0
22169941,1550,33,0,1,22117521,1266,63,0,0
22143606,863,21,0,1,22168562,1214,24,0,0
22100888,1273,28,0,2,22193461,1699,76,0,0
22198769,157,29,0,1,22140072,1189,92,0,0
22196934,1035,43,0,1,22096632,1253,27,0,0
22108459,1535,35,0,2,22203089,548,31,0,0
22133299,151,38,0,0,22139707,1223,73,0,0
22176970,1232,31,0,5,22118182,1687,93,0,0
22087427,867,23,0,3,22143216,727,37,0,0
22201787,1229,26,0,0,22110004,1637,38,0,0
22135845,1977,43,0,2,22180222,1721,47,0,0
22128407,1883,43,0,2,22154042,550,60,0,0
22197682,638,113,0,3,22143860,270,25,0,0
22201669,1408,20,0,0,22196096,1080,51,0,0
22105009,732,30,0,7,22188281,1361,22,0,0
22145536,1642,39,0,1,22134071,1097,33,0,0
22105340,560,32,0,1,22109806,1119,24,0,0
22154740,1020,41,0,0,22100259,2577,69,0,0
22154621,1357,35,0,0,22127740,337,31,0,0
22157975,1115,29,0,5,22078579,968,93,0,0
22083825,539,32,0,1,22171733,1207,70,0,0
22171595,1720,64,0,2,22125753,1555,65,0,0
22121691,2349,51,0,5,22088303,1287,59,0,0
22146185,647,31,0,3,22157070,1464,20,0,0
22173724,1093,38,0,3,22200673,1618,64,0,0
22126282,1614,36,0,2,22179107,902,22,0,0
22106196,134,16,0,4,22116111,1394,44,0,0
22174248,1279,21,0,2,22163002,1660,25,0,0
22091887,759,26,0,1,22079564,1213,63,0,0
22174744,1298,40,0,2,22181110,2162,43,0,0
22145497,2279,49,0,1,22113475,1432,72,0,0
22125786,667,71,0,1,22099360,900,37,0,0
22195256,1718,43,0,1,22155647,1126,60,0,0
22177292,902,38,0,4,22163776,1652,40,0,0
22154942,424,44,0,0,22126277,1610,29,0,0
22149697,2021,26,0,0,22100299,966,34,0,0
22130360,1843,29,0,1,22168254,608,15,0,0
22112739,1173,27,0,1,22200289,1389,80,0,0
22170862,2265,34,0,2,22197581,1389,44,0,0
22155498,1100,41,0,0,22159515,1125,76,0,0
22097039,1361,36,0,3,22187290,1189,83,0,0
22166364,1493,27,0,1,22102816,657,28,0,0
22173628,2177,46,0,0,22090673,1193,75,0,0
22115043,1350,77,0,2,22200960,919,44,0,0
22194442,1172,72,0,2,22138124,1809,17,0,0
22118658,545,26,0,1,22169731,548,72,0,0
22172567,1198,31,0,6,22171210,391,61,0,0
22169416,2032,66,0,0,22134974,1253,57,0,0
22184113,1148,19,0,5,22124259,680,64,0,0
22145718,2285,54,0,5,22187855,918,23,0,0
22153611,2031,28,0,1,22096531,852,43,0,0
22089038,915,36,0,0,22203332,908,51,0,0
22136685,598,69,0,2,22123043,1343,57,0,0
22127106,1271,64,0,0,22162485,1650,65,0,0
22098380,938,32,0,0,22139880,910,20,0,0
22131401,1635,39,0,3,22086402,1261,45,0,0
22085930,883,41,0,1,22174065,548,53,0,1
22194286,969,60,0,2,22164465,1308,48,0,0
22193629,1315,64,0,9,22126854,755,45,0,0
22127082,1781,18,0,5,22087684,1796,26,0,0
22172810,701,39,0,0,22116241,1571,34,0,0
22135482,2195,29,0,5,22180358,1314,37,0,0
22088716,663,35,0,5,22089307,1222,22,0,0
22125668,1346,29,0,0,22208179,1660,45,0,0
22191598,1932,31,0,2,22154958,211,45,0,0
22151127,1783,69,0,0,22152431,2104,39,0,0
22098298,604,48,0,1,22207780,1078,38,0,0
22123841,1112,72,0,3,22165910,1150,30,0,0
22124975,1187,57,0,6,22126202,1151,42,0,0
22168948,1319,34,0,0,22205950,795,58,0,0
22137664,1734,52,0,5,22178563,655,49,0,0
22138916,942,56,0,2,22202282,1117,45,0,0
22091528,935,88,0,0,22154494,2179,43,0,0
22080870,2046,56,0,2,22137409,1561,44,0,0
22171844,701,57,0,6,22172359,795,51,0,0
22084021,118,74,0,6,22125778,601,53,0,0
22203173,1562,46,0,1,22192384,220,53,0,0
22088612,1618,23,0,1,22172705,1296,91,0,0
22130443,187,64,0,0,22093365,540,61,0,0
22172426,208,60,0,1,22113211,1182,59,0,0
22145771,1106,22,0,2,22104387,1267,49,0,0
22180397,1206,54,0,1,22104313,794,37,0,0
22102686,2165,26,0,2,22122375,1096,81,0,0
22192774,679,41,0,2,22106060,1058,14,0,0
22115766,1098,89,0,2,22172140,1757,55,0,0
22142383,606,35,0,0,22164320,1595,29,0,0
22101987,1960,29,0,1,22095679,1440,69,0,0
22095777,1886,35,0,1,22137189,1160,60,0,0
22182882,659,55,0,1,22130862,1858,53,0,0
22198831,2043,92,0,2,22204310,855,44,0,0
22190316,2254,33,0,5,22116997,808,27,0,0
22201500,687,78,0,4,22101527,767,18,0,0
22091945,808,36,0,1,22096625,1757,53,0,0
22208323,851,29,0,3,22108110,1229,68,0,0
22189699,1472,48,0,0,22145739,2226,26,0,0
22132233,1926,31,0,0,22135228,146,33,0,0
22097161,302,19,0,2,22148864,887,29,0,0
22188725,398,81,0,9,22194987,1662,49,0,0
22191912,1376,59,0,3,22204408,1193,47,0,0
22209312,681,40,0,0,22123147,488,35,0,0
22173312,870,32,0,2,22164600,134,36,0,0
22172590,1022,53,0,1,22203534,1264,28,0,0
22201295,799,18,0,1,22160397,824,66,0,0
22110323,442,54,0,3,22123637,1695,20,0,0
22139870,931,22,0,3,22182167,2027,47,0,0
22145861,1648,41,0,1,22157985,548,50,0,0
22195512,1025,30,0,7,22083150,2059,95,0,0
22186004,2119,28,0,1,22167415,1241,40,0,0
22085473,986,36,0,3,22096314,2254,64,0,0
22090665,679,69,0,1,22112222,735,29,0,0
22176866,1433,80,0,2,22098383,231,56,0,0
22167014,866,61,0,3,22090084,377,70,0,0
22127057,853,48,0,1,22120491,931,97,0,0
22147710,647,50,0,3,22142371,838,42,0,0
22169845,907,76,0,0,22162047,998,62,0,0
22126916,1818,28,0,0,22142455,1171,27,0,0
22165604,1022,54,0,3,22178116,2195,17,0,0
22191963,2167,25,0,2,22164369,1026,35,0,0
22180205,950,45,0,5,22158067,309,37,0,0
22185233,209,53,0,1,22104985,397,45,0,0
22207972,1678,50,0,4,22161500,635,30,0,0
22132086,2184,76,0,1,22176762,2519,63,0,0
22100773,1124,41,0,2,22123878,1524,49,0,0
22097476,948,63,0,2,22096108,485,37,0,0
22157269,1089,90,0,0,22140215,1842,48,0,0
22200878,890,45,0,2,22196703,1118,73,0,0
22091536,1011,78,0,1,22140371,1245,25,0,0
22140864,612,75,0,1,22093716,1027,31,0,0
22137642,1781,43,0,2,22140774,1455,21,0,0
22210303,1310,45,0,2,22211265,1206,47,0,0
22181415,699,20,0,3,22125666,770,72,0,0
22167680,865,66,0,1,22096415,1222,78,0,0
22172504,1920,37,0,2,22178798,1084,38,0,0
22108889,1969,36,0,6,22195711,2064,48,0,0
22085781,937,53,0,1,22204463,1479,33,0,0
22146360,1122,26,0,0,22083830,1789,100,0,0
22133011,1315,58,0,1,22098625,1293,69,0,0
22137413,874,26,0,2,22145084,1609,38,0,0
22186335,689,52,0,0,22095278,1615,27,0,0
22176172,1454,71,0,1,22201326,1111,40,0,0
22134761,1353,37,0,5,22213675,2041,24,0,0
22162781,912,17,0,0,22105024,790,71,0,0
22200145,1693,41,0,3,22186522,907,25,0,0
22137943,2203,42,0,2,22083980,2284,34,0,0
22165802,900,66,0,1,22137707,2049,56,0,0
22189689,1887,58,0,6,22087753,957,79,0,0
22165556,1163,65,0,3,22189995,972,67,0,0
22116510,657,39,0,5,22083622,1284,104,0,0
22089179,172,32,0,2,22180025,1242,71,0,0
22105361,714,64,0,0,22145496,724,48,0,0
22198467,366,50,0,1,22091109,1048,71,0,0
22165827,751,63,0,2,22193270,1172,50,0,0
22110763,192,42,0,0,22169044,725,60,0,0
22106283,659,216,0,1,22164521,1505,30,0,0
22193087,886,72,0,1,22152912,989,56,0,0
22184661,1954,44,0,2,22091064,1795,41,0,0
22175010,984,55,0,1,22102302,652,43,0,0
22167830,515,22,0,3,22188222,1543,23,0,0
22182051,1967,51,0,5,22133764,1918,13,0,0
22152137,1177,102,0,0,22105561,1583,91,0,0
22093016,752,30,0,4,22145427,1424,70,0,0
22154661,924,38,0,3,22193984,1466,39,0,0
22136048,1109,37,0,0,22157531,449,36,0,0
22212246,1445,36,0,2,22205137,1202,48,0,0
22085911,1270,53,0,3,22111781,2191,56,0,0
22146604,253,150,0,2,22142844,1336,75,0,0
22118320,382,35,0,0,22162158,1263,16,0,0
22199326,973,33,0,0,22145958,1614,21,0,0
22086667,656,47,0,0,22109526,276,25,0,0
22171229,1002,17,0,2,22102200,1439,59,0,0
22094688,199,45,0,6,22145917,1424,33,0,0
22183412,903,42,0,3,22101180,1466,48,0,0
22212293,764,43,0,1,22198358,756,13,0,0
22207553,1608,37,0,1,22149392,2541,66,0,0
22199906,1229,29,0,2,22139295,1767,17,0,0
22153121,1325,81,0,3,22193932,572,70,0,0
22113787,848,51,0,6,22180403,790,57,0,0
22194722,1770,50,0,1,22162933,1784,34,0,0
22179275,1610,57,0,2,22086697,1002,39,0,0
22174607,1503,53,0,0,22169426,2401,78,0,0
22143850,301,40,0,1,22147741,832,27,0,0
22088314,1500,49,0,1,22115085,1136,33,0,0
22150268,1151,51,0,1,22135630,665,26,0,0
22097576,1213,91,0,1,22208485,1216,31,0,0
22087406,1966,39,0,6,22092678,496,43,0,0
22198176,1185,69,0,3,22141946,1662,32,0,0
22120453,849,57,0,12,22090947,2582,42,0,0
22192502,2163,50,0,1,22169163,1320,17,0,0
22089662,2110,19,0,1,22212207,1078,31,0,0
22097715,552,89,0,7,22111664,1225,59,0,0
22104180,1453,63,0,0,22146936,635,34,0,0
22157077,1612,47,0,5,22090725,748,87,0,0
22094956,1104,59,0,8,22150281,1457,38,0,0
22194177,1611,16,0,2,22173801,700,64,0,0
22200180,2497,58,0,4,22139564,1129,25,0,0
22172976,476,44,0,2,22099343,883,61,0,0
22120569,1294,26,0,0,22194084,827,21,0,0
22215018,563,70,0,1,22132147,463,174,0,0
22191440,1331,48,0,6,22104583,816,31,0,0
22181599,1024,57,0,0,22105216,1263,43,0,0
22118611,1371,26,0,3,22176435,1320,32,0,0
22195818,640,36,0,0,22146867,2142,63,0,0
22207867,1628,46,0,4,22212733,799,84,0,0
22133045,1357,22,0,1,22186861,1142,39,0,0
22188083,1181,60,0,2,22207192,799,34,0,0
22193215,1493,71,0,0,22095727,377,55,0,0
22143032,1304,62,0,0,22198898,2634,34,0,0
22138267,2470,29,0,6,22131176,774,91,0,0
22148121,841,50,0,6,22134250,102,93,0,0
22169808,2123,35,0,1,22117507,661,143,0,0
22101594,600,27,0,6,22118988,1483,49,0,0
22150005,928,19,0,0,22129218,1601,26,0,0
22192194,530,23,0,1,22101119,1651,30,0,0
22188198,1617,42,0,2,22135076,1081,26,0,0
22203727,711,51,0,2,22136615,1506,31,0,0
22217634,697,46,0,0,22162233,1482,51,0,0
22105495,960,18,0,0,22213923,818,47,0,0
22156088,986,46,0,0,22163828,1515,38,0,0
22209050,2412,37,0,0,22139572,1588,36,0,0
22113234,128,21,0,213,22131395,710,76,0,0
22206100,1127,28,0,0,22144439,784,76,0,0
22214233,1779,49,0,0,22101369,980,34,0,0
22106537,993,100,0,0,22162565,1541,30,0,0
22177712,1456,85,0,0,22207253,513,38,0,0
22103651,1433,39,0,0,22119270,1038,16,0,0
22198952,1630,41,0,0,22215840,1359,41,0,0
22159329,1502,120,0,0,22114191,1452,90,0,0
22176440,2062,38,0,0,22146193,1604,70,0,0
22172419,1923,27,0,0,22176498,1570,56,0,0
22170742,1759,31,0,0,22120337,907,68,0,0
22167811,1253,64,0,0,22108211,1605,17,0,0
22174463,1563,25,0,0,22131328,1253,51,0,0
22120046,1226,29,0,0,22113591,1222,80,0,0
22196855,130,68,0,0,22152290,1232,71,0,0
22111364,917,48,0,0,22116896,863,52,0,0
22209679,1664,47,0,0,22100314,1603,59,0,0
22097509,1156,23,0,0,22129043,1386,44,0,0
22150198,487,67,0,0,22191936,280,85,0,0
22167983,994,27,0,0,22091836,1078,54,0,0
22164186,1286,25,0,0,22180976,1444,39,0,0
22090886,1091,54,0,0,22148085,1293,43,0,0
22213394,580,34,0,1,22123479,1172,63,0,0
22131207,1038,33,0,0,22114406,1386,46,0,0
22132304,1061,30,0,0,22203442,1020,104,0,0
22115534,675,51,0,0,22122374,976,67,0,0
22212067,1371,55,0,8,22122686,1117,73,0,0
22129057,771,45,0,0,22191319,1913,44,0,0
22118723,1137,31,0,1,22217383,1333,41,0,0
22209767,1582,47,0,1,22216838,1182,72,0,0
22180371,888,33,0,1,22189447,834,22,0,0
22212407,539,47,0,0,22210237,1180,60,0,0
22183929,696,34,0,6,22091979,1871,56,0,0
22189457,159,48,0,0,22180256,1190,26,0,0
22160510,1654,45,0,1,22175188,1653,32,0,0
22113090,682,110,0,4,22196221,1476,35,0,0
22152838,1138,89,0,1,22094046,1584,37,0,0
22218957,774,42,0,7,22193688,1525,16,0,0
22153640,934,79,0,1,22183160,999,24,0,0
22207198,2571,28,0,1,22211502,2322,39,0,0
22091461,1550,35,0,2,22219089,2074,73,0,0
22209386,1297,28,0,7,22163682,617,46,0,0
22112392,459,34,0,5,22127415,721,26,0,0
22149420,1152,47,0,3,22161483,712,37,0,0
22124444,244,23,0,5,22124991,1998,65,0,0
22182080,995,52,0,0,22174480,1033,81,0,0
22201724,1166,45,0,3,22100227,1147,60,0,0
22213062,1471,32,0,0,22106244,2227,37,0,0
22156785,2162,40,0,7,22162772,615,48,0,0
22124016,365,165,0,0,22173160,1752,66,0,0
22112189,1474,39,0,4,22128225,1639,39,0,0
22166780,1263,77,0,4,22131909,2045,33,0,0
22207494,1146,48,0,0,22214813,960,30,0,0
22202632,1132,32,0,3,22117950,1523,64,0,0
22183080,1064,59,0,2,22188733,2115,65,0,0
22173633,1480,20,0,1,22136198,2249,43,0,0
22196856,1800,55,0,4,22190964,651,49,0,0
22170637,2089,21,0,3,22101041,693,50,0,0
22178555,679,22,0,2,22197946,849,21,0,0
22156767,1819,52,0,0,22159749,829,32,0,0
22104258,1436,52,0,3,22168488,509,52,0,0
22199997,2581,43,0,6,22217004,1612,33,0,0
22219610,633,50,0,1,22177921,1417,29,0,0
22137885,1525,30,0,1,22195301,559,62,0,0
22132230,1148,65,0,1,22127681,1588,27,0,0
22122316,1115,29,0,1,22153589,722,69,0,0
22133615,1136,32,0,1,22170781,748,26,0,0
22201350,1149,25,0,5,22177207,840,70,0,0
22101289,1189,22,0,7,22166606,1156,30,0,0
22184309,1054,28,0,9,22129542,2553,60,0,0
22099234,668,21,0,1,22205866,1721,23,0,0
22162803,970,62,0,8,22123899,1204,30,0,0
22147095,1943,47,0,0,22149864,922,15,0,0
22138879,1542,25,0,2,22169272,965,96,0,0
22162092,1452,66,0,1,22106995,1114,54,0,0
22203174,1888,39,0,2,22103014,1233,43,0,0
22167034,1054,55,0,2,22212565,1065,67,0,0
22112231,947,44,0,7,22096667,659,15,0,0
22179308,1370,55,0,3,22220444,1657,50,0,0
22190511,1522,19,0,0,22123519,1362,24,0,0
22170272,1087,42,0,8,22198273,1277,23,0,0
22171159,909,33,0,2,22214833,2246,40,0,0
22109705,1457,22,0,2,22164784,1322,73,0,0
22215967,559,61,0,2,22096070,467,38,0,0
22179954,1167,40,0,1,22219175,1429,65,0,0
22171748,1199,33,0,2,22202781,356,28,0,0
22121572,1708,46,0,5,22106922,948,30,0,0
22177560,1167,101,0,2,22117073,639,53,0,0
22118758,708,18,0,1,22099859,1888,27,0,0
22163972,276,115,0,3,22177591,1234,87,0,0
22193455,1684,43,0,2,22097068,651,29,0,0
22114691,2012,54,0,3,22139562,1013,87,0,0
22111049,1280,76,0,5,22188114,1143,59,0,0
22202742,2511,41,0,0,22095757,2167,74,0,0
22117916,210,75,0,1,22112440,2127,24,0,0
22188326,763,24,0,2,22222037,1594,59,0,0
22184532,2094,29,0,1,22189659,1194,44,0,0
22195584,171,46,0,4,22178952,1145,44,0,0
22162403,1189,38,0,2,22119712,1657,46,0,0
22126097,1046,28,0,1,22190366,919,28,0,0
22164445,720,60,0,4,22153101,1190,29,0,0
22178239,772,22,0,1,22201612,625,63,0,0
22171285,941,68,0,0,22148112,532,24,0,0
22102905,1631,34,0,4,22160385,1045,53,0,0
22197937,1025,58,0,7,22108488,1304,71,0,0
22170845,204,22,0,1,22132095,922,41,0,0
22189634,1362,47,0,1,22153051,648,50,0,0
22186116,1725,41,0,0,22157930,1494,70,0,0
22120653,891,17,0,1,22198842,736,69,0,0
22129291,2136,17,0,3,22135035,520,91,0,0
22177755,714,41,0,1,22204480,177,293,0,0
22161456,1350,25,0,1,22196694,2192,29,0,0
22114821,952,77,0,1,22097939,1171,46,0,0
22199138,975,33,0,6,22097053,821,31,0,0
22201450,924,266,0,17,22191162,1520,48,0,0
22120964,1240,175,0,1,22138754,637,69,0,0
22158684,334,38,0,0,22132013,898,60,0,0
22121407,1035,49,0,1,22173749,693,78,0,0
22117565,848,52,0,1,22104605,2119,37,0,0
22107155,1913,31,0,3,22129067,1029,50,0,0
22134054,2232,18,0,1,22193599,1272,25,0,0
22129803,1937,54,0,2,22163521,1641,37,0,0
22187481,1326,51,0,0,22167187,2169,28,0,0
22222175,954,49,0,2,22106427,1891,72,0,0
22120776,782,90,0,1,22142531,893,83,0,0
22147444,953,40,0,0,22123551,794,21,0,0
22150860,1286,30,0,2,22131180,920,30,0,0
22192510,1323,56,0,0,22208871,1127,50,0,0
22097935,1822,48,0,2,22178578,1276,45,0,0
22217071,1599,33,0,1,22098548,1211,23,0,0
22138855,1700,31,0,1,22178921,1276,34,0,0
22208651,1138,59,0,1,22174853,1023,49,0,0
22178740,2553,27,0,1,22178656,680,101,0,0
22150269,1781,68,0,1,22099639,1656,38,0,0
22227451,1491,40,0,1,22133203,1631,61,0,0
22178401,831,19,0,4,22157843,2275,30,0,0
22141628,2443,33,0,1,22208931,1023,168,0,0
22224363,1721,61,0,8,22145156,1527,33,0,0
22102724,740,43,0,2,22113182,1387,39,0,0
22135889,1394,65,0,1,22156627,261,31,0,0
22104707,1276,64,0,2,22154126,2546,63,0,0
22192704,1140,48,0,1,22170295,2509,24,0,0
22202368,822,56,0,4,22178246,204,75,0,0
22189561,1460,56,0,3,22117557,1085,82,0,0
22211161,2466,57,0,5,22113885,710,60,0,0
22144447,923,119,0,1,22105601,1982,42,0,0
22211017,1653,30,0,4,22183473,1695,44,0,0
22180902,532,35,0,11,22189668,1004,24,0,0
22172492,1425,21,0,0,22140093,2107,83,0,0
22150739,274,55,0,7,22129924,1373,35,0,0
22182413,1498,54,0,3,22175543,707,67,0,0
22123543,1924,32,0,2,22148315,662,67,0,0
22178375,638,130,0,7,22109193,2067,38,0,0
22138760,749,46,0,0,22214847,1699,45,0,0
22202161,742,32,0,1,22215698,1480,20,0,0
22127189,801,82,0,1,22108341,646,36,0,0
22133436,1378,23,0,5,22147870,1006,26,0,0
22125686,1624,55,0,0,22224098,1517,116,0,0
22147344,725,63,0,9,22200312,1159,271,0,0
22182142,1684,46,0,6,22199757,1486,50,0,0
22178744,909,65,0,0,22118819,658,53,0,0
22130554,998,47,0,4,22132678,720,63,0,0
22214295,1458,38,0,1,22123715,500,39,0,0
22224196,353,61,0,1,22160560,789,39,0,0
22120228,2137,49,0,5,22203792,1195,38,0,0
22225937,2196,56,0,1,22150895,1390,23,0,0
22102440,1538,26,0,3,22191062,1169,41,0,0
22199052,2010,42,0,3,22147861,1213,34,0,0
22100753,2004,65,0,3,22118698,1200,19,0,0
22156271,883,27,0,2,22117912,1029,47,0,0
22169226,1177,28,0,0,22183323,481,132,0,0
22211792,1346,46,0,1,22151171,2196,37,0,0
22122500,2170,34,0,0,22103929,1184,35,0,0
22147409,210,47,0,1,22178488,788,53,0,0
22135449,573,62,0,3,22191437,1785,51,0,0
22153038,1969,30,0,1,22226693,911,25,0,0
22155771,669,62,0,0,22158106,1306,25,0,0
22211878,1020,41,0,4,22149264,616,36,0,0
22227438,1448,69,0,2,22186112,1225,38,0,0
22199249,1243,20,0,5,22197908,1108,86,0,0
22208828,1113,13,0,2,22179874,1146,43,0,0
22145421,2544,44,0,2,22206491,1369,41,0,0
22184020,732,51,0,1,22154964,1912,50,0,0
22146974,755,37,0,0,22114556,1186,19,0,0
22196862,2318,23,0,3,22109832,989,37,0,0
22230328,1375,47,0,3,22179566,723,20,0,0
22155460,2150,39,0,3,22224140,1080,31,0,0
22162349,341,34,0,1,22171316,2349,36,0,0
22211127,2259,41,0,1,22141887,642,157,0,0
22156429,919,74,0,0,22169425,1289,23,0,0
22153827,1273,41,0,2,22192172,1080,89,0,0
22143435,283,50,0,4,22138036,835,56,0,0
22180399,2001,17,0,2,22146574,2010,51,0,0
22186469,912,55,0,4,22116693,439,28,0,0
22185521,1107,29,0,9,22111122,803,44,0,0
22215875,332,33,0,0,22141834,400,35,0,0
22203610,1751,52,0,2,22228890,1907,45,0,0
22154225,1539,33,0,1,22226114,1342,23,0,0
22200294,753,66,0,3,22224975,2373,28,0,0
22161875,1602,47,0,1,22155965,974,49,0,0
22199786,1682,42,0,5,22140903,847,60,0,0
22218678,1868,34,0,3,22207339,1520,16,0,0
22200915,2175,23,0,0,22133945,1410,17,0,0
22137607,697,80,0,2,22222743,1956,24,0,0
22163884,703,52,0,0,22175478,575,42,0,0
22230557,1064,58,0,4,22141491,474,56,0,0
22118469,1150,41,0,1,22174879,1584,29,0,0
22221464,791,41,0,1,22216724,496,75,0,0
22227505,1251,27,0,0,22178204,2107,29,0,0
22162168,652,52,0,1,22198437,782,28,0,0
22199279,1493,37,0,1,22109394,1670,66,0,0
22137942,1134,17,0,6,22150506,647,42,0,0
22148858,1599,42,0,0,22216970,2575,42,0,0
22106480,797,54,0,0,22157705,2570,51,0,0
22184384,491,50,0,6,22212761,868,40,0,0
22109655,1339,43,0,5,22146714,1715,59,0,0
22194311,1055,52,0,4,22125643,2118,53,0,0
22150264,1645,20,0,2,22178438,1053,23,0,0
22170794,2171,44,0,2,22132547,830,36,0,0
22188753,584,23,0,0,22190281,2144,44,0,0
22174005,1171,73,0,1,22202315,903,20,0,0
22152334,1697,33,0,0,22126229,1660,32,0,0
22228212,2081,37,0,0,22160477,1549,46,0,0
22194734,1297,58,0,0,22185471,819,55,0,0
22095178,2441,39,0,0,22140941,1845,57,0,0
22166164,903,38,0,6,22182948,1180,69,0,0
22140227,182,72,0,0,22165819,1181,42,0,0
22162142,761,27,0,0,22196003,724,62,0,0
22137078,1646,44,0,5,22161646,1026,25,0,0
22190515,282,31,0,0,22116755,864,28,0,0
22221801,1760,24,0,5,22137494,314,54,0,0
22126215,701,192,0,5,22127830,1433,40,0,0
22097197,1526,42,0,0,22155963,1531,45,0,0
22203568,704,68,0,3,22158593,510,36,0,0
22210193,681,75,0,1,22148231,631,62,0,0
22199549,840,48,0,1,22213666,1379,39,0,0
22194871,1391,52,0,0,22122561,510,75,0,0
22210292,759,53,0,0,22173652,1029,51,0,0
22112893,1535,75,0,2,22125990,1756,51,0,0
22106494,2044,47,0,0,22218662,1165,38,0,0
22177339,1302,40,0,0,22216603,292,214,0,0
22112362,1751,41,0,0,22114273,1885,26,0,0
22127249,2248,36,0,2,22158728,1899,55,0,0
22201586,875,52,0,2,22119735,619,35,0,0
22094377,1872,39,0,3,22135186,127,108,0,0
22107300,1787,43,0,5,22195433,1269,41,0,0
22175293,386,84,0,0,22105173,1209,53,0,0
22194690,1825,64,0,0,22221528,1726,33,0,0
22195810,2021,37,0,0,22189984,1186,32,0,0
22136929,1640,85,0,0,22145368,1143,88,0,0
22194039,2442,40,0,0,22165722,535,75,0,0
22230037,1477,25,0,3,22197162,514,55,0,0
22111863,1718,38,0,0,22189992,935,49,0,0
22197612,1106,33,0,0,22154430,1650,52,0,0
22216395,1499,55,0,0,22189266,1725,41,0,0
22215410,1393,19,0,1,22206397,726,32,0,0
22167161,1416,71,0,2,22198553,1784,45,0,0
22142360,2151,45,0,0,22147151,1170,71,0,0
22119303,1549,49,0,3,22214015,2289,64,0,0
22111302,902,54,0,1,22187785,320,48,0,0
22147979,1279,81,0,6,22124123,828,124,0,0
22174571,612,35,0,3,22097834,2096,27,0,0
22100697,1237,56,0,0,22206625,735,99,0,0
22158436,1116,70,0,1,22204623,1616,29,0,0
22216236,1378,40,0,1,22128655,1933,31,0,0
22129287,337,43,0,1,22130439,1052,32,0,0
22127281,365,39,0,1,22231398,1154,67,0,0
22227054,1639,47,0,3,22123283,1396,29,0,0
22221334,918,27,0,1,22212552,1984,113,0,0
22216635,242,70,0,5,22197258,828,46,0,0
22196810,471,51,0,4,22124565,371,38,0,0
22213626,2610,39,0,3,22141647,1849,65,0,0
22120461,2301,43,0,1,22225655,914,32,0,0
22223514,2249,29,0,1,22224590,1665,41,0,0
22166712,1455,55,0,2,22234281,2222,29,0,0
22132660,1139,27,0,0,22222490,1349,47,0,0
22202917,622,41,0,2,22124940,2384,21,0,0
22167316,898,34,0,0,22123200,1798,28,0,0
22142315,733,23,0,6,22206200,1407,41,0,0
22155581,2120,40,0,2,22160795,892,24,0,0
22140328,1012,23,0,1,22224145,1983,22,0,0
22215953,2165,35,0,2,22165671,1035,36,0,0
22222899,1412,20,0,4,22150838,1836,35,0,0
22205119,949,65,0,1,22226415,626,42,0,0
22237512,586,55,0,1,22161494,602,162,0,0
22159556,1564,29,0,0,22177282,1165,24,0,0
22225849,1976,18,0,0,22115986,423,226,0,0
22141497,1674,46,0,4,22205847,1346,37,0,0
22231625,791,28,0,1,22143894,1122,54,0,0
22165880,1279,22,0,1,22129438,704,44,0,0
22146073,1592,36,0,1,22161501,257,60,0,0
22123145,2250,37,0,4,22192931,522,61,0,0
22197221,978,49,0,1,22123364,1430,43,0,0
22224794,2563,32,0,2,22180875,806,41,0,0
22198202,1823,75,0,3,22188593,855,55,0,0
22172412,2160,21,0,0,22168271,535,149,0,0
22213745,2235,39,0,2,22131672,1802,70,0,0
22159524,1380,52,0,2,22209731,885,21,0,0
22183052,1228,35,0,2,22155119,1246,49,0,0
22147030,1205,30,0,3,22198990,1183,54,0,0
22138841,1820,35,0,0,22214645,1336,29,0,0
22161566,1147,43,0,1,22173828,1472,29,0,0
22228892,1839,20,0,1,22107806,2275,57,0,0
22173850,1764,55,0,2,22146766,1660,58,0,0
22180077,1642,40,0,0,22156689,1349,45,0,0
22203474,582,76,0,0,22184762,1235,69,0,0
22213481,1951,68,0,0,22181341,1132,63,0,0
22199402,1843,37,0,1,22217570,1022,43,0,0
22169015,1099,69,0,0,22234619,716,39,0,0
22118686,1288,44,0,1,22174948,1140,46,0,0
22233964,885,37,0,1,22167853,850,45,0,0
22117832,1793,24,0,3,22229711,2376,32,0,0
22235116,924,51,0,0,22190322,1192,58,0,0
22108991,839,33,0,2,22230567,1048,67,0,0
22205944,916,19,0,0,22203055,826,32,0,0
22133461,1104,45,0,9,22219408,1765,42,0,0
22179356,1232,69,0,0,22157924,1254,16,0,0
22220748,1300,53,0,5,22183557,1564,61,0,0
22222802,1590,91,0,2,22116540,1484,49,0,0
22200423,814,35,0,1,22124349,928,63,0,0
22187421,928,32,0,1,22211009,1440,29,0,0
22130531,705,34,0,0,22221776,1512,50,0,0
22237799,1096,30,0,3,22120986,846,215,0,0
22109241,658,42,0,6,22198713,756,20,0,0
22203178,1347,59,0,3,22199049,1928,84,0,0
22118187,962,67,0,3,22237375,1001,113,0,0
22166962,1017,63,0,3,22138034,226,46,0,0
22158795,1699,53,0,0,22198547,563,54,0,0
22188355,1520,11,0,2,22223661,969,75,0,0
22128888,1151,143,0,0,22212479,814,57,0,0
22163420,1166,52,0,0,22126100,1393,29,0,0
22108575,1355,61,0,5,22148118,1560,23,0,0
22109859,1321,53,0,1,22150514,664,62,0,0
22139049,487,152,0,0,22229743,1679,47,0,0
22147856,1731,52,0,0,22115735,301,285,0,0
22144217,435,56,0,2,22215394,923,43,0,0
22219800,2536,35,0,1,22183928,885,19,0,0
22222952,1533,34,0,5,22234441,1038,19,0,0
22136608,833,35,0,2,22189283,820,31,0,0
22239643,1481,43,0,0,22164228,855,99,0,0
22189264,1719,61,0,1,22176987,1326,27,0,0
22160468,1425,41,0,1,22109746,2343,19,0,0
22127987,2479,56,0,2,22140070,1247,15,0,0
22169422,1185,36,0,1,22130074,1156,76,0,1
22133654,1135,67,0,1,22200011,2498,43,0,0
22232719,1265,22,0,1,22127514,723,47,0,0
22161518,966,39,0,2,22179794,677,53,0,0
22137425,1905,32,0,6,22200201,601,31,0,0
22172653,186,69,0,1,22123603,756,57,0,0
22224108,1794,26,0,2,22154047,2553,21,0,0
22177425,1212,32,0,4,22171928,1626,28,0,0
22157561,701,57,0,0,22165005,1411,43,0,0
22226343,1154,57,0,10,22173102,1108,49,0,0
22167086,598,40,0,1,22234498,2021,57,0,0
22156719,813,110,0,0,22230921,217,67,0,0
22136578,1608,65,0,0,22199957,212,56,0,0
22112665,1066,22,0,3,22195637,610,52,0,0
22213612,2227,36,0,1,22172535,426,56,0,0
22216965,603,36,0,1,22116581,462,20,0,0
22137633,745,60,0,0,22183014,1510,38,0,0
22217225,1104,21,0,0,22129989,1328,47,0,0
22124504,1715,36,0,1,22195070,806,35,0,0
22196529,274,50,0,1,22147512,1354,27,0,0
22179272,1272,108,0,3,22188288,764,28,0,0
22238512,1078,33,0,0,22194036,1382,73,0,0
22207083,1925,29,0,5,22114138,803,42,0,0
22212166,1300,89,0,5,22153903,348,50,0,0
22209623,1175,27,0,1,22166478,1164,62,0,1
22237247,209,49,0,0,22134896,1016,45,0,0
22185355,930,75,0,0,22198528,978,78,0,0
22225956,1254,113,0,0,22236631,719,63,0,0
22234856,1644,48,0,0,22232173,768,63,0,0
22194718,1937,38,0,0,22190841,1341,47,0,0
22122992,916,34,0,1,22123819,1358,27,0,0
22148748,705,105,0,1,22174320,841,9,0,0
22221596,1035,165,0,3,22236816,672,49,0,0
22178852,2169,31,0,4,22206881,1407,26,0,0
22139520,1620,40,0,9,22166430,1056,51,0,0
22236883,402,78,0,5,22197259,831,44,0,0
22195976,1531,55,0,0,22233291,1100,42,0,0
22167875,1515,49,0,0,22216719,1674,68,0,0
22117528,1309,59,0,2,22116814,784,42,0,0
22138461,1688,49,0,1,22181320,981,46,0,0
22237571,1794,19,0,0,22149840,1561,42,0,0
22211303,1195,58,0,3,22123201,829,175,0,0
22175072,930,69,0,1,22227341,1176,126,0,0
22218016,1604,51,0,4,22138907,1551,22,0,0
22233885,1470,64,0,3,22130112,1671,22,0,0
22188023,839,55,0,4,22200557,1496,23,0,0
22157724,1196,27,0,2,22223571,607,113,0,0
22151668,116,126,0,7,22229637,2059,60,0,0
22145590,2149,22,0,3,22193938,384,61,0,0
22176490,1594,47,0,0,22128075,1372,39,0,0
22135561,1156,76,0,6,22225746,970,39,0,0
22223560,1064,40,0,1,22231119,791,44,0,0
22189201,1803,22,0,1,22156089,1569,34,0,0
22202480,1058,19,0,0,22124415,2523,54,0,0
22156700,1855,29,0,0,22119595,1595,61,0,0
22171230,1143,100,0,1,22152345,997,31,0,0
22197700,1759,28,0,8,22151682,1195,74,0,0
22193175,1577,40,0,2,22177718,438,48,0,0
22193004,704,50,0,2,22218767,1253,72,0,0
22166390,1621,32,0,1,22217214,2168,30,0,0
22237787,1641,39,0,4,22215139,1630,40,0,0
22189696,885,73,0,0,22143492,1740,64,0,0
22213388,1343,183,0,0,22149987,1940,43,0,0
22122543,1314,36,0,1,22230204,1985,30,0,0
22149340,1605,34,0,1,22155801,603,34,0,0
22124247,1875,27,0,0,22220253,520,29,0,0
22187456,1382,98,0,0,22132831,1989,71,0,0
22169312,816,78,0,3,22171824,650,26,0,0
22134304,2539,48,0,1,22118631,1157,59,0,0
22171608,1189,37,0,2,22211578,858,60,0,0
22242213,839,52,0,3,22137154,1489,50,0,0
22147537,836,85,0,5,22122551,1332,40,0,0
22127062,796,38,0,0,22216846,978,60,0,0
22135828,633,13,0,1,22169102,666,85,0,0
22175155,1218,29,0,1,22133770,1305,33,0,0
22133826,1687,32,0,1,22234075,2095,87,0,0
22190527,1052,70,0,4,22176801,672,20,0,0
22123341,623,39,0,0,22124949,863,50,0,0
22142349,1124,90,0,4,22155501,1271,39,0,0
22178512,405,43,0,1,22166548,1074,36,0,0
22115929,1559,45,0,1,22206071,2097,40,0,0
22211283,1641,39,0,1,22223596,756,196,0,0
22114996,762,73,0,5,22135544,993,45,0,0
22230404,1612,33,0,2,22137969,1399,37,0,0
22192487,626,37,0,9,22117027,626,85,0,0
22159332,257,28,0,6,22124615,1180,66,0,0
22160957,1407,47,0,2,22223241,1311,25,0,0
22219613,1384,46,0,2,22232228,1534,36,0,0
22215945,1114,44,0,0,22216764,1627,20,0,0
22192779,1894,69,0,3,22224345,1571,29,0,0
22204887,1703,51,0,3,22138062,2062,53,0,0
22223189,1670,49,0,0,22222101,2545,46,0,0
22178370,941,58,0,5,22241450,1532,26,0,0
22220576,1635,61,0,5,22163616,942,62,0,0
22131758,1304,41,0,3,22115650,2432,48,0,0
22222284,1757,19,0,1,22133917,475,89,0,0
22185351,274,96,0,1,22187130,2240,28,0,0
22198425,663,69,0,3,22195147,2595,65,0,0
22204856,1540,54,0,1,22182634,691,28,0,0
22241795,1394,48,0,9,22226592,814,56,0,0
22213281,934,25,0,4,22201491,1510,23,0,0
22218186,785,24,0,5,22237840,355,84,0,0
22193567,564,49,0,2,22127312,2023,48,0,0
22206043,2578,21,0,1,22212061,327,83,0,0
22232728,1337,27,0,3,22234319,929,17,0,0
22152232,1627,34,0,4,22205886,649,48,0,0
22203249,1419,127,0,0,22134691,910,27,0,0
22179515,149,32,0,0,22135679,1662,69,0,0
22148890,1335,28,0,2,22219054,2118,30,0,0
22189820,2197,30,0,0,22187634,1078,31,0,0
22144981,1870,27,0,2,22208979,740,17,0,0
22130830,724,108,0,5,22203903,1004,34,0,0
22170568,1603,85,0,2,22147980,1161,53,0,0
22245324,1170,67,0,7,22134818,1629,67,0,1
22191206,1262,37,0,2,22234248,1706,50,0,0
22198649,1181,47,0,0,22179303,1264,48,0,0
22232925,1881,41,0,2,22123085,258,51,0,0
22139720,943,34,0,9,22233898,1112,37,0,0
22160986,1103,60,0,0,22247501,1371,30,0,0
22157533,1715,27,0,2,22132064,1718,64,0,0
22136203,740,36,0,3,22156049,2180,77,0,0
22157957,527,50,0,1,22152721,1860,47,0,0
22223115,828,88,0,0,22126456,1738,33,0,0
22196955,1058,65,0,0,22125577,409,43,0,0
22156338,1378,39,0,2,22127076,1879,30,0,0
22202968,2283,60,0,5,22140370,1293,59,0,0
22206546,1403,51,0,1,22229051,1646,38,0,0
22178309,1694,46,0,0,22120432,1756,39,0,0
22227523,737,18,0,2,22239455,1503,73,0,0
22147982,1895,67,0,1,22240899,756,23,0,0
22170930,2075,30,0,1,22229526,537,36,0,0
22134697,1300,21,0,2,22157006,1038,31,0,0
22173178,641,63,0,1,22167182,1368,48,0,0
22170017,869,73,0,1,22162147,1117,37,0,0
22170387,1842,41,0,2,22215055,2469,19,0,0
22170094,1395,21,0,1,22196308,254,20,0,0
22149151,238,26,0,0,22205025,968,43,0,0
22145444,1499,36,0,1,22189252,303,67,0,0
22214764,288,237,0,8,22133360,626,38,0,0
22148196,1726,24,0,4,22133961,528,22,0,0
22207533,1882,22,0,4,22132961,1647,60,0,0
22221407,2172,46,0,2,22247764,729,55,0,0
22179211,1245,51,0,3,22247722,1004,58,0,0
22151727,1225,29,0,3,22182574,1133,42,0,0
22153586,1654,53,0,1,22144788,657,63,0,0
22166181,1143,41,0,1,22140396,686,64,0,0
22122999,966,43,0,1,22203522,973,24,0,0
22212234,108,25,0,7,22206532,1955,45,0,0
22225934,314,36,0,3,22162959,641,48,0,0
22212329,897,78,0,0,22177304,1084,60,0,0
22194184,1072,50,0,5,22181293,1288,73,0,0
22201420,1516,52,0,4,22247358,1653,42,0,0
22153582,806,27,0,3,22163930,172,60,0,0
22181257,1411,19,0,2,22249963,957,20,0,0
22138859,836,38,0,1,22213160,1771,43,0,0
22171814,211,203,0,0,22217263,702,27,0,0
22132075,741,68,0,2,22138360,1081,35,0,0
22135591,1741,101,0,1,22155389,1558,26,0,0
22200555,964,36,0,1,22248282,2513,83,0,0
22235705,452,46,0,1,22126447,406,63,0,0
22135793,2231,38,0,4,22225584,1845,61,0,0
22190627,1334,39,0,1,22217651,900,48,0,0
22147667,823,45,0,0,22239027,1567,46,0,0
22237188,746,29,0,1,22232846,971,42,0,0
22141540,1520,46,0,0,22176989,826,43,0,0
22184387,1299,66,0,2,22216875,1150,31,0,0
22123277,878,46,0,5,22239606,1865,48,0,0
22249285,2024,29,0,1,22214640,845,83,0,0
22237443,649,34,0,1,22250932,768,17,0,0
22191653,1187,22,0,1,22186873,158,96,0,0
22248227,1117,97,0,2,22192500,819,60,0,0
22155112,1373,55,0,3,22220872,814,35,0,0
22156581,2247,45,0,3,22240321,2131,26,0,0
22128796,1232,65,0,1,22227738,848,19,0,0
22234835,1971,39,0,1,22234116,1031,46,0,0
22166834,2540,39,0,1,22149382,297,42,0,0
22156628,892,54,0,3,22174917,567,35,0,0
22154117,834,43,0,1,22141386,1363,51,0,0
22221466,902,33,0,0,22172598,806,88,0,0
22119817,410,30,0,2,22135518,1143,27,0,0
22205091,1248,31,0,0,22200716,1136,47,0,0
22199150,432,37,0,2,22226205,1392,82,0,0
22164412,1861,81,0,3,22237858,433,47,0,0
22201447,331,39,0,2,22242158,1193,47,0,0
22212281,1698,36,0,0,22156734,1385,40,0,0
22193679,1801,26,0,5,22186987,1301,59,0,0
22122792,856,41,0,4,22120683,706,37,0,0
22205603,371,71,0,3,22132124,1875,53,0,0
22230034,1035,57,0,4,22157065,1133,37,0,0
22243135,1038,57,0,1,22127284,1551,53,0,0
22238252,1350,42,0,0,22246754,1960,28,0,0
22206241,1380,47,0,3,22245778,1492,34,0,0
22157803,1630,49,0,12,22158264,911,54,0,0
22178654,762,102,0,2,22186186,709,19,0,0
22187431,1877,33,0,3,22181998,1026,26,0,0
22125909,1114,110,0,2,22164941,2039,38,0,0
22133688,1239,98,0,2,22170884,2107,53,0,0
22144263,1529,45,0,2,22128253,564,46,0,0
22171167,505,25,0,2,22178148,2019,31,0,0
22152538,1281,83,0,1,22121828,1570,40,0,0
22203053,832,41,0,1,22156511,452,46,0,0
22192272,1090,64,0,0,22242678,1727,45,0,0
22188169,629,32,0,6,22191728,519,39,0,0
22141764,865,44,0,1,22198695,1019,41,0,0
22203628,991,42,0,0,22202894,1389,84,0,0
22207288,590,46,0,1,22153197,1410,34,0,0
22180943,1833,71,0,5,22160069,728,39,0,0
22240752,426,28,0,1,22143843,793,41,0,0
22215737,1153,37,0,4,22218009,869,60,0,0
22241084,1293,49,0,3,22192334,2554,38,0,0
22181511,1622,25,0,2,22133084,517,36,0,0
22248024,882,37,0,0,22203181,2181,44,0,0
22189338,467,40,0,5,22230910,1272,40,0,0
22231078,747,17,0,0,22253794,1197,34,0,0
22148400,815,23,0,0,22144083,1036,68,0,0
22126423,1737,41,0,1,22249376,896,25,0,0
22234192,1956,50,0,0,22184200,966,17,0,0
22235308,1984,67,0,5,22189722,203,59,0,0
22182943,2022,71,0,17,22216168,2425,39,0,0
22239383,857,35,0,5,22136323,718,38,0,0
22193443,1620,50,0,0,22174956,748,56,0,0
22215213,1611,282,0,2,22138060,564,75,0,0
22243594,1760,56,0,5,22176128,300,25,0,0
22193900,627,23,0,8,22210604,1660,60,0,0
22165562,605,67,0,2,22205132,434,104,0,0
22163764,979,21,0,2,22192973,1263,29,0,0
22204958,675,23,0,2,22150008,1543,39,0,0
22170566,607,72,0,3,22234860,819,63,0,0
22252021,598,35,0,1,22201433,913,69,0,0
22210192,879,23,0,2,22182140,1180,48,0,0
22210985,2195,43,0,0,22229768,923,33,0,0
22177308,1929,50,0,0,22162711,1687,84,0,0
22194314,2599,29,0,1,22151696,177,146,0,0
22177906,1163,39,0,6,22166232,2145,20,0,0
22155853,883,49,0,1,22195526,1761,61,0,0
22171122,1012,39,0,4,22232006,699,38,0,0
22252134,820,82,0,3,22249160,1767,72,0,0
22247278,2081,38,0,1,22205619,1927,21,0,0
22179222,2109,21,0,0,22231561,481,50,0,0
22232352,1393,53,0,1,22175905,667,32,0,0
22217919,1824,40,0,4,22228245,969,69,0,0
22255518,551,20,0,4,22177094,669,31,0,0
22173384,1673,36,0,3,22207263,1133,49,0,0
22208117,1922,30,0,2,22239285,970,56,0,0
22215662,1165,24,0,1,22247997,2117,40,0,0
22228713,696,31,0,3,22157733,1488,81,0,0
22231378,2154,71,0,1,22206144,674,56,0,0
22123587,533,34,0,1,22130188,790,50,0,0
22207380,2046,40,0,5,22153935,1080,135,0,0
22200066,1960,47,0,1,22148814,520,41,0,0
22230043,2008,40,0,3,22176848,995,40,0,0
22230932,275,82,0,2,22221434,1024,93,0,0
22254012,965,31,0,2,22237827,1105,65,0,0
22231781,801,46,0,2,22243498,638,65,0,0
22246156,1361,77,0,3,22174625,492,30,0,0
22144698,1244,48,0,4,22156771,761,31,0,0
22215061,717,26,0,2,22251499,604,37,0,0
22135879,954,40,0,1,22187386,1637,22,0,0
22159770,320,93,0,3,22165093,504,66,0,0
22216357,1192,33,0,10,22171550,1347,24,0,0
22150861,809,90,0,4,22200313,1029,51,0,0
22190959,1459,42,0,5,22145010,1650,28,0,0
22184763,1707,41,0,1,22249915,1087,55,0,0
22126237,1666,32,0,5,22230381,992,40,0,0
22180934,1741,79,0,2,22237792,1182,46,0,0
22165914,1635,36,0,6,22197850,932,78,0,0
22226534,1173,35,0,0,22128614,1187,58,0,0
22139104,1096,50,0,0,22234450,934,36,0,0
22234345,2077,30,0,2,22187569,1703,22,0,0
22216902,1225,38,0,1,22148692,1399,56,0,0
22179533,1259,48,0,1,22156548,1608,47,0,0
22187837,1816,42,0,2,22159612,473,38,0,0
22197172,1829,68,0,2,22248046,575,69,0,0
22230810,1159,41,0,0,22165789,1964,44,0,0
22251601,1927,41,0,3,22194691,1114,33,0,0
22174208,1000,54,0,1,22249695,1269,36,0,0
22219224,811,63,0,1,22143552,246,67,0,0
22246700,1774,16,0,7,22127436,1332,71,0,0
22226370,652,59,0,0,22231695,1793,52,0,0
22160395,1111,37,0,1,22242175,1356,37,0,0
22126595,1175,40,0,2,22173208,807,41,0,0
22131632,432,58,0,1,22176042,291,155,0,0
22248555,1729,23,0,0,22253267,905,23,0,0
22159313,1114,35,0,2,22154893,1828,67,0,0
22222521,1166,27,0,0,22166535,1395,66,0,0
22185431,2133,61,0,0,22141390,1609,28,0,0
22251082,1312,57,0,4,22217108,1305,78,0,0
22217418,1217,34,0,2,22253969,894,32,0,0
22159215,791,45,0,0,22136865,989,34,0,0
22192224,1034,31,0,2,22149304,1962,43,0,0
22204506,1036,34,0,0,22146698,677,26,0,0
22134899,1461,39,0,5,22239247,756,27,0,0
22201925,2102,40,0,3,22204560,1596,29,0,0
22127882,2310,37,0,1,22182261,1088,23,0,0
22172406,731,34,0,4,22225600,1105,70,0,0
22145043,1109,98,0,2,22204137,1018,80,0,0
22243335,1163,58,0,0,22150783,156,37,0,0
22232258,541,22,0,2,22199031,2203,33,0,0
22189726,1442,39,0,1,22182652,1068,69,0,0
22170481,1026,33,0,3,22164344,2115,47,0,0
22213059,2349,50,0,0,22127063,1447,72,0,0
22129278,891,46,0,0,22190450,651,17,0,0
22192116,1300,27,0,3,22227566,889,35,0,0
22227252,808,58,0,0,22143055,1000,55,0,0
22231530,1407,42,0,1,22192080,1187,60,0,1
22164890,770,64,0,2,22193391,983,78,0,0
22182198,1143,62,0,1,22243866,859,50,0,0
22235614,1135,63,0,6,22152963,2230,79,0,0
22135576,600,40,0,8,22172063,1325,77,0,0
22149807,631,31,0,1,22154077,415,47,0,0
22201542,1328,196,0,0,22130646,2117,42,0,0
22208060,712,170,0,0,22139873,1091,32,0,0
22254485,804,56,0,4,22192365,1262,43,0,0
22160287,1021,49,0,0,22175055,1134,60,0,0
22189037,1706,33,0,1,22129160,1229,30,0,0
22179347,1380,46,0,2,22197867,1108,47,0,0
22135819,1184,66,0,3,22129095,1923,55,0,0
22155152,840,97,0,2,22188711,2568,38,0,0
22132603,1179,37,0,3,22235271,876,31,0,0
22196764,724,50,0,0,22140706,782,107,0,0
22164279,1787,59,0,5,22165405,1150,44,0,0
22176826,1214,44,0,0,22181335,877,49,0,0
22147666,845,51,0,5,22184499,1166,54,0,0
22133405,1460,69,0,6,22179869,1323,30,0,0
22160393,1315,18,0,4,22178214,1799,19,0,0
22209891,1210,32,0,1,22198512,917,36,0,0
22215246,1474,31,0,4,22157177,975,25,0,0
22133272,2338,18,0,8,22163614,2226,30,0,0
22131239,1715,63,0,4,22168544,1230,36,0,0
22162824,874,101,0,0,22198721,2332,82,0,0
22139458,2203,65,0,3,22169315,2569,46,0,0
22188686,1199,24,0,1,22250461,1119,30,0,0
22218795,1951,46,0,2,22172577,1877,34,0,0
22134973,2284,38,0,3,22160154,1009,20,0,0
22223499,1968,16,0,2,22198440,2252,201,0,0
22164153,798,37,0,3,22136522,1403,24,0,0
22159900,250,97,0,1,22180717,2545,19,0,0
22229341,1237,33,0,2,22129524,1083,49,0,0
22163069,528,42,0,2,22168417,2418,47,0,0
22214342,849,82,0,0,22167211,524,49,0,0
22138160,1245,25,0,2,22193663,1139,45,0,0
22173064,1272,37,0,5,22201359,925,51,0,0
22195099,1025,119,0,3,22200842,819,22,0,0
22166852,1415,41,0,5,22217746,834,52,0,0
22191791,777,84,0,0,22252044,624,356,0,0
22223947,614,44,0,1,22130510,1377,53,0,0
22183586,1650,27,0,7,22164019,852,35,0,0
22204544,600,83,0,1,22132878,553,77,0,0
22259310,475,59,0,8,22258931,2171,59,0,0
22182771,1084,46,0,1,22216914,560,21,0,0
22208078,594,27,0,7,22139583,1278,36,0,0
22230422,504,151,0,11,22178800,2138,20,0,0
22212951,580,49,0,2,22135107,982,43,0,0
22165128,1391,43,0,3,22188486,1174,41,0,0
22153927,1014,41,0,1,22230306,1118,51,0,0
22201927,778,31,0,1,22150251,2419,48,0,0
22234158,1996,48,0,3,22151408,2245,59,0,0
22259590,781,54,0,9,22152199,1580,31,0,0
22171769,685,46,0,2,22166934,1128,59,0,0
22220832,777,73,0,1,22260870,972,49,0,0
22177534,810,65,0,5,22214939,1310,32,0,0
22178353,989,78,0,0,22169739,1723,21,0,0
22173471,1394,42,0,1,22185487,414,50,0,0
22211536,1605,43,0,0,22144118,762,72,0,0
22213277,1856,50,0,1,22235549,664,77,0,0
22139166,1150,23,0,4,22227078,839,45,0,0
22212306,1734,58,0,0,22228078,1040,171,0,0
22207419,1646,20,0,5,22162457,2058,100,0,0
22252818,380,63,0,1,22204088,1413,55,0,0
22168943,644,38,0,3,22258753,2181,47,0,0
22152236,2163,63,0,1,22168381,1317,29,0,0
22238977,2185,44,0,2,22176292,1826,26,0,0
22153410,1113,31,0,2,22170184,846,73,0,0
22250595,603,51,0,7,22170911,1669,25,0,0
22175035,966,30,0,1,22249205,1052,37,0,0
22258539,901,63,0,2,22154105,1187,27,0,0
22159510,895,46,0,3,22224751,1415,23,0,0
22178298,1481,44,0,5,22194804,1370,53,0,0
22175744,630,77,0,4,22255589,1468,26,0,0
22163087,951,53,0,6,22186339,1859,49,0,0
22215196,2187,35,0,8,22194579,630,18,0,0
22245936,1571,36,0,0,22189143,811,96,0,0
22245295,903,59,0,5,22131641,488,288,0,0
22230099,1674,48,0,1,22164819,688,74,0,0
22177696,124,53,0,1,22229032,1316,57,0,0
22161025,1817,69,0,0,22138665,1133,52,0,0
22182975,1241,61,0,1,22134529,1797,25,0,0
22240260,1075,40,0,0,22204844,1108,30,0,0
22152558,1660,74,0,5,22135220,555,38,0,0
22192859,939,55,0,0,22158379,1812,31,0,0
22258591,2148,70,0,7,22219328,1529,37,0,0
22263335,892,62,0,6,22247075,1616,47,0,0
22204407,651,27,0,1,22171327,1995,38,0,0
22135306,953,29,0,5,22167521,470,41,0,0
22192564,1563,65,0,1,22214476,1347,60,0,0
22138668,313,51,0,0,22135343,707,36,0,0
22194983,770,23,0,2,22157606,1342,67,0,0
22231038,2098,116,0,2,22144730,1616,38,0,0
22203459,1267,42,0,8,22142205,1055,67,0,0
22227977,1458,37,0,6,22249001,1749,28,0,0
22134385,2322,43,0,3,22237390,1013,60,0,0
22255463,412,45,0,1,22172054,1530,43,0,0
22162993,1663,18,0,4,22218883,1349,35,0,1
22218925,1833,43,0,2,22259605,2123,37,0,0
22241473,949,41,0,4,22261126,2268,21,0,0
22148467,775,16,0,0,22191915,435,41,0,0
22194008,1568,33,0,2,22167891,928,49,0,0
22162967,1804,78,0,0,22152306,1100,51,0,0
22172281,1165,75,0,1,22180084,660,68,0,0
22139984,953,78,0,4,22197136,1121,46,0,0
22190046,1579,32,0,2,22246209,1373,75,0,0
22183079,738,27,0,6,22184622,1474,48,0,0
22227755,381,22,0,0,22172901,1669,56,0,0
22194187,1081,41,0,1,22244827,175,307,0,0
22171214,952,15,0,2,22179992,700,36,0,0
22250045,867,82,0,4,22148280,1740,26,0,0
22140426,489,63,0,1,22173969,1724,57,0,0
22226429,1136,61,0,2,22170310,830,15,0,0
22153826,1429,70,0,3,22191805,1095,46,0,0
22199827,847,90,0,5,22139315,1673,22,0,0
22221811,1404,39,0,3,22167298,627,60,0,0
22203289,2218,92,0,6,22135805,1733,39,0,0
22195424,1114,69,0,3,22226117,1502,63,0,0
22227429,1007,227,0,1,22194573,1622,56,0,0
22176729,1030,40,0,6,22158596,845,59,0,0
22174331,2518,77,0,2,22171557,1916,20,0,0
22193529,1609,23,0,12,22155144,1767,96,0,0
22221909,1352,27,0,0,22216518,1311,27,0,0
22253345,832,37,0,2,22253630,368,44,0,0
22138869,1164,19,0,1,22182400,115,43,0,0
22248827,1162,50,0,0,22215565,898,95,0,0
22151137,1363,87,0,2,22171215,2155,71,0,0
22176521,565,75,0,0,22177409,1673,23,0,0
22149770,983,46,0,7,22187072,1121,72,0,0
22188520,1781,40,0,1,22250650,1175,108,0,0
22170034,1711,32,0,1,22233177,1124,38,0,0
22138904,2105,48,0,4,22253135,619,26,0,0
22138971,1171,43,0,7,22180758,1042,23,0,0
22254136,1067,49,0,12,22149998,1585,16,0,0
22242237,2034,84,0,3,22221365,1134,44,0,0
22232708,1058,24,0,3,22251453,1640,73,0,0
22262141,1682,24,0,1,22198766,639,22,0,0
22245074,626,66,0,0,22148012,1289,52,0,0
22210408,832,25,0,1,22168885,1354,88,0,1
22191430,600,47,0,0,22241032,349,86,0,0
22211589,843,56,0,0,22253119,1616,72,0,0
22186777,889,31,0,3,22223464,1601,94,0,0
22223068,2110,74,0,3,22227631,2071,46,0,0
22213928,1117,65,0,7,22207588,720,46,0,0
22222874,958,66,0,0,22135326,669,39,0,0
22246561,1231,21,0,2,22209068,1189,50,0,0
22170157,1664,48,0,0,22163785,1471,36,0,0
22167896,984,34,0,4,22236379,1254,42,0,0
22252952,1522,36,0,4,22203426,1294,23,0,0
22219039,997,48,0,1,22137827,2348,75,0,0
22187218,1633,71,0,2,22191321,1010,40,0,0
22190555,2133,53,0,1,22144762,196,35,0,0
22136709,2160,40,0,0,22204348,2358,24,0,0
22230504,2350,22,0,2,22256499,1491,28,0,0
22137889,1584,34,0,2,22247958,1559,31,0,0
22209268,664,43,0,5,22137767,1491,49,0,0
22226745,961,58,0,2,22217954,1101,98,0,0
22150085,2098,62,0,1,22163176,963,52,0,0
22244847,917,26,0,1,22261478,980,48,0,0
22268260,1017,42,0,3,22146237,453,50,0,0
22222922,1991,40,0,1,22157628,1164,26,0,0
22205480,1785,55,0,2,22172049,678,33,0,0
22174932,1074,41,0,0,22150076,2489,50,0,0
22199562,886,65,0,0,22199543,744,38,0,0
22258159,2232,26,0,4,22263197,1641,36,0,0
22201012,931,43,0,3,22209298,1337,16,0,0
22227094,1040,77,0,2,22155710,1689,27,0,0
22191970,987,27,0,2,22233580,591,36,0,0
22140559,1595,42,0,4,22170666,1292,44,0,0
22191000,556,25,0,7,22229847,497,71,0,0
22260553,1684,34,0,1,22233426,543,51,0,0
22197137,144,89,0,0,22206366,1673,60,0,0
22255058,427,45,0,4,22268486,986,56,0,0
22192082,915,47,0,2,22248464,487,48,0,0
22165530,1630,52,0,1,22139812,923,72,0,0
22213822,903,62,0,0,22159955,1299,19,0,0
22153972,562,48,0,1,22216078,1008,55,0,0
22250402,355,49,0,5,22234273,1107,22,0,0
22207578,233,41,0,2,22224981,1862,33,0,0
22142811,1651,20,0,3,22186964,873,92,0,0
22152410,306,58,0,1,22223539,895,61,0,0
22238436,801,69,0,0,22188714,773,21,0,0
22254550,202,169,0,4,22177401,1244,117,0,0
22149144,1936,33,0,2,22206250,1025,32,0,0
22229171,428,71,0,1,22174077,1247,84,0,0
22269566,1172,39,0,7,22156646,1241,19,0,0
22246941,676,50,0,2,22198053,922,42,0,0
22193453,1963,60,0,0,22244468,1631,44,0,0
22257659,1866,104,0,0,22184086,697,48,0,0
22270023,1259,43,0,8,22198142,1214,37,0,0
22253177,1865,58,0,0,22207810,807,80,0,0
22210457,848,59,0,0,22235523,1775,34,0,0
22225052,2191,79,0,4,22198753,805,82,0,0
22171235,1312,67,0,1,22223925,1864,23,0,0
22230696,1322,30,0,2,22212181,163,45,0,0
22248812,1163,72,0,15,22223024,2308,47,0,0
22239166,809,49,0,1,22144365,1561,24,0,0
22223170,1352,83,0,0,22178812,2158,30,0,0
22250085,722,21,0,1,22221224,1113,58,0,0
22264473,1773,56,0,2,22194318,1662,38,0,0
22260334,890,84,0,1,22250604,1433,75,0,0
22223526,2103,54,0,0,22176771,829,46,0,0
22238110,484,81,0,0,22259847,1254,40,0,0
22242821,506,44,0,6,22138637,544,24,0,0
22179459,2321,56,0,1,22165353,1180,32,0,0
22149115,726,125,0,1,22192879,1060,47,0,0
22161461,580,53,0,1,22172938,324,26,0,0
22197574,2543,50,0,1,22155531,2008,23,0,0
22146037,1881,32,0,2,22196140,624,68,0,0
22238784,1156,25,0,7,22270110,920,41,0,0
22193151,1107,32,0,1,22210662,618,27,0,0
22211962,633,69,0,3,22199809,1710,47,0,0
22182087,1528,19,0,0,22239056,1585,19,0,0
22224319,1262,54,0,0,22238251,1041,40,0,0
22235605,2089,66,0,1,22195832,702,32,0,0
22233086,899,53,0,3,22241817,892,36,0,0
22239469,665,38,0,0,22161654,2096,46,0,0
22198077,1880,86,0,3,22216760,742,19,0,0
22255059,1745,29,0,4,22265516,1634,68,0,0
22179471,1734,29,0,2,22138894,1372,44,0,0
22147812,1380,72,0,3,22211957,2327,49,0,0
22251110,884,50,0,1,22145622,1799,26,0,0
22151099,1839,25,0,5,22218966,1416,14,0,0
22238609,2105,26,0,4,22180318,1385,59,0,0
22194182,1267,36,0,2,22193778,1299,32,0,0
22267825,1597,40,0,0,22169082,1767,31,0,0
22213783,1692,60,0,1,22161288,1532,20,0,0
22180280,2490,31,0,9,22138997,928,82,0,0
22187581,2103,35,0,4,22234233,564,17,0,0
22209003,1200,22,0,3,22231635,1661,33,0,0
22214411,890,98,0,1,22246244,878,14,0,0
22215752,849,21,0,8,22260421,1642,41,0,0
22237147,150,39,0,5,22188825,1328,27,0,0
22186670,1177,46,0,1,22183209,1306,16,0,0
22215066,718,59,0,1,22266610,2453,69,0,0
22238694,1541,93,0,2,22199531,1592,69,0,0
22183822,1086,50,0,0,22254471,1318,35,0,0
22192314,2162,45,0,3,22201912,1179,49,0,0
22190017,637,91,0,0,22175695,1635,48,0,0
22186080,1283,67,0,0,22180616,717,66,0,0
22268979,1139,51,0,0,22265604,841,228,0,0
22143490,556,67,0,3,22254476,1244,66,0,0
22236148,1968,36,0,2,22260939,1285,35,0,0
22169798,1412,27,0,2,22169773,1176,47,0,0
22254069,1175,25,0,1,22197309,627,80,0,0
22145188,1217,96,0,1,22193794,1142,92,0,0
22224198,1317,36,0,1,22182433,837,181,0,0
22216798,1215,38,0,7,22262835,950,45,0,0
22210588,1695,54,0,1,22217322,1310,34,0,0
22204566,2006,62,0,5,22258914,1510,20,0,0
22168020,608,39,0,0,22145526,692,26,0,0
22145775,2185,37,0,1,22274405,1453,68,0,0
22226795,1379,33,0,2,22171577,724,51,0,0
22202814,1472,47,0,3,22261866,1653,54,0,0
22218704,1390,25,0,2,22241217,501,43,0,0
22141507,684,315,0,0,22232567,536,34,0,0
22145962,691,38,0,0,22210141,1597,43,0,0
22153310,1127,34,0,2,22273970,1545,54,0,0
22147217,2256,79,0,2,22213792,1233,21,0,0
22224615,1145,54,0,0,22205366,877,76,0,0
22157019,753,48,0,2,22219795,1009,62,0,0
22192357,1340,25,0,1,22148920,1037,36,0,0
22191646,2186,31,0,4,22256357,1678,25,0,0
22262234,1663,17,0,3,22243949,1077,63,0,0
22200686,403,35,0,6,22210895,1736,29,0,0
22273107,356,25,0,1,22198792,1479,22,0,0
22259306,1323,75,0,1,22147959,1735,96,0,0
22213590,2259,86,0,0,22140271,1199,62,0,0
22174213,330,60,0,3,22140673,661,306,0,0
22223953,1006,47,0,1,22259646,1307,18,0,0
22252000,1705,71,0,3,22228581,1474,46,0,0
22243939,1789,61,0,0,22259441,808,81,0,0
22148064,1118,52,0,3,22144421,2360,56,0,0
22200840,1467,39,0,0,22246214,1893,39,0,0
22203747,2154,31,0,1,22259327,965,56,0,0
22195237,959,26,0,3,22217340,1184,36,0,0
22175828,960,29,0,0,22198681,2047,53,0,0
22240597,1318,54,0,4,22267664,1565,56,0,0
22242343,132,43,0,0,22252641,629,23,0,0
22168171,150,99,0,0,22140198,2563,53,0,0
22275259,279,24,0,1,22165138,628,46,0,0
22159056,133,33,0,1,22257198,1677,126,0,0
22209885,989,25,0,2,22148084,2092,18,0,0
22145871,1791,40,0,4,22229859,877,74,0,0
22254519,1511,21,0,0,22239626,1063,40,0,0
22142981,658,90,0,2,22275145,943,74,0,0
22160408,2190,37,0,2,22178059,2029,33,0,0
22217983,606,55,0,1,22223404,1495,24,0,0
22140508,1489,20,0,3,22240903,1813,46,0,0
22267949,1697,33,0,2,22174443,2497,78,0,0
22148524,1198,32,0,2,22151853,566,43,0,0
22177742,1997,22,0,5,22204796,1716,41,0,0
22265434,1832,95,0,1,22230383,1155,32,0,0
22148700,754,60,0,2,22152883,321,87,0,0
22213819,2187,31,0,1,22197052,2041,40,0,0
22189490,1876,41,0,1,22268659,384,80,0,0
22146690,1145,62,0,1,22155850,687,88,0,0
22168068,1002,29,0,0,22227887,1070,44,0,0
22246291,1828,22,0,2,22224886,1141,70,0,0
22255617,712,24,0,4,22240692,902,54,0,0
22238071,1306,29,0,2,22181227,2169,37,0,0
22268324,476,32,0,5,22236104,1879,26,0,0
22214842,1298,46,0,2,22206675,644,39,0,0
22233205,1672,53,0,2,22235420,1877,50,0,0
22217608,1074,105,0,1,22192919,1263,26,0,0
22167545,1494,100,0,0,22231342,903,87,0,0
22164514,1800,92,0,0,22180583,2024,61,0,0
22151792,1996,59,0,0,22205872,825,37,0,0
22188856,1285,40,0,0,22238810,1374,55,0,0
22151386,1237,45,0,0,22149169,1667,49,0,0
22182060,919,106,0,0,22206518,1679,68,0,0
22147009,415,60,0,0,22184458,855,44,0,0
22208314,216,56,0,0,22171772,242,32,0,0
22267034,1259,45,0,0,22256790,1100,32,0,0
22248709,1049,75,0,2,22186175,854,52,0,0
22154686,1737,44,0,0,22252167,1052,25,0,0
22158399,964,75,0,0,22187905,980,50,0,0
22185199,1705,38,0,2,22143987,870,47,0,0
22248975,1458,33,0,0,22227037,258,120,0,0
22142489,492,46,0,0,22210597,318,42,0,0
22277796,1574,30,0,0,22179560,1793,32,0,0
22153151,821,32,0,0,22250161,238,30,0,0
22165289,929,39,0,0,22251007,1968,35,0,0
22163842,952,191,0,0,22211690,791,98,0,0
22273742,1452,29,0,9,22269327,1646,43,0,0
22258522,1823,44,0,1,22165338,568,112,0,0
22156297,1385,138,0,2,22219356,1690,17,0,0
22257143,1778,32,0,3,22216931,777,28,0,0
22161095,243,143,0,2,22143089,1820,41,0,0
22278236,1125,24,0,1,22238677,108,108,0,0
22159587,1410,36,0,0,22192809,773,32,0,0
22146503,820,44,0,2,22225569,652,42,0,0
22215480,1530,150,0,5,22242033,742,35,0,0
22172200,807,29,0,0,22142620,1724,31,0,0
22254300,704,35,0,1,22198123,751,85,0,0
22196879,1131,58,0,1,22275908,953,60,0,0
22147305,820,89,0,0,22255981,282,44,0,0
22208032,242,62,0,0,22268328,1442,64,0,0
22194418,981,78,0,1,22161115,1291,35,0,0
22262791,1243,46,0,0,22172464,1370,33,0,0
22267910,1046,34,0,3,22228941,1604,46,0,0
22255004,1067,44,0,1,22233694,476,44,0,0
22173187,2219,28,0,6,22267438,2124,39,0,0
22232448,1103,44,0,7,22245155,958,62,0,0
22145995,896,39,0,2,22151120,290,23,0,0
22183305,1038,17,0,1,22233118,1451,72,0,0
22262138,546,130,0,3,22222884,1777,37,0,0
22160856,1636,38,0,0,22224188,719,31,0,0
22169482,845,80,0,1,22172125,1206,81,0,0
22152771,705,52,0,1,22172330,561,13,0,0
22156766,1329,63,0,2,22193202,2095,28,0,0
22193145,763,67,0,3,22221886,706,57,0,0
22260340,1271,27,0,3,22207777,2153,66,0,0
22173813,1639,59,0,5,22229327,1390,46,0,0
22262564,1228,28,0,1,22229142,1756,35,0,0
22253874,1010,45,0,0,22168594,501,21,0,0
22151334,1103,23,0,2,22163167,1365,49,0,0
22270702,854,49,0,3,22242107,775,48,0,0
22176249,741,37,0,1,22212045,1378,72,0,0
22248265,1295,20,0,5,22204754,1080,47,0,0
22163630,1623,55,0,0,22208468,697,39,0,0
22166313,698,50,0,0,22262282,1474,41,0,0
22180173,1590,56,0,3,22161506,1536,38,0,0
22242051,1419,45,0,4,22268760,1229,37,0,0
22264091,2190,40,0,4,22148832,833,38,0,0
22210652,811,48,0,1,22184051,1041,63,0,0
22157802,1373,69,0,0,22253697,944,133,0,0
22271803,2177,32,0,3,22277039,1423,16,0,0
22235960,923,47,0,1,22275322,788,42,0,0
22201437,1570,28,0,2,22256544,207,39,0,0
22238616,1073,48,0,2,22231619,1737,81,0,0
22258149,505,51,0,0,22199235,1743,16,0,0
22166675,1821,24,0,1,22149061,1193,44,0,0
22265888,721,48,0,2,22225894,1607,32,0,0
22175741,1269,67,0,4,22274332,2591,47,0,0
22264953,1030,49,0,2,22201345,2286,50,0,0
22200523,1765,16,0,4,22150629,1680,30,0,0
22180118,970,27,0,0,22231033,1732,49,0,0
22214759,1150,60,0,1,22226062,2351,45,0,0
22244882,1211,48,0,1,22213657,1773,40,0,0
22233798,476,61,0,3,22262984,1406,72,0,0
22217319,748,46,0,0,22223900,1295,24,0,0
22260327,1174,46,0,2,22171677,1827,65,0,0
22217598,938,23,0,2,22234526,1587,58,0,0
22274046,2515,41,0,7,22170520,571,20,0,0
22258514,2383,29,0,8,22253575,2291,37,0,0
22225362,936,16,0,1,22165395,585,225,0,0
22209887,1060,29,0,1,22257135,1206,63,0,0
22178605,2584,127,0,4,22248879,1017,73,0,0
22194315,1207,71,0,1,22162524,2384,66,0,0
22262468,1947,34,0,0,22240776,802,27,0,0
22266146,1258,32,0,2,22215906,959,43,0,0
22168352,1667,43,0,10,22276855,884,64,0,0
22261869,829,19,0,4,22228530,496,35,0,0
22149589,531,28,0,1,22200586,551,75,0,0
22223785,1748,56,0,1,22243712,1268,92,0,0
22222044,1304,39,0,1,22231158,1140,54,0,0
22251496,1177,38,0,3,22265514,1659,50,0,0
22193915,1619,34,0,4,22222777,640,85,0,0
22154884,1193,42,0,2,22190292,1310,40,0,0
22155633,1324,20,0,2,22251132,1104,59,0,0
22215188,775,79,0,1,22237018,2325,61,0,0
22222402,273,45,0,2,22266672,1366,59,0,0
22226245,1443,63,0,1,22154948,2309,88,0,0
22193053,1142,62,0,0,22272145,635,34,0,0
22203052,1317,46,0,1,22257420,971,72,0,0
22168822,1134,31,0,2,22164490,1319,34,0,0
22152056,1389,75,0,6,22269559,569,39,0,0
22213552,1182,41,0,1,22170604,939,35,0,0
22154353,597,37,0,4,22201962,1342,30,0,0
22199987,637,37,0,0,22150699,654,46,0,0
22282962,714,67,0,4,22272395,735,30,0,0
22157608,2053,86,0,7,22258163,795,88,0,0
22259108,1884,49,0,1,22197667,582,25,0,0
22161600,1482,62,0,2,22160235,1006,47,0,0
22273363,1183,58,0,2,22174027,812,56,0,0
22191173,1300,33,0,0,22283846,1175,61,0,0
22241931,2157,35,0,2,22273712,1633,28,0,0
22156923,859,53,0,6,22231717,886,40,0,0
22165475,1601,35,0,0,22160441,1420,72,0,0
22228243,989,57,0,2,22173302,473,101,0,0
22285399,1878,26,0,5,22277384,1482,57,0,0
22205717,2028,20,0,4,22169101,1070,45,0,0
22163103,1538,48,0,3,22257926,1633,107,0,0
22256800,1057,75,0,3,22259269,2258,59,0,0
22237824,902,23,0,1,22238689,1207,62,0,1
22215529,1006,28,0,3,22265823,1205,45,0,0
22203532,1155,42,0,3,22174734,482,140,0,0
22166126,1103,41,0,1,22281411,1282,54,0,0
22233847,241,27,0,1,22205308,628,106,0,0
22264276,2474,36,0,4,22278775,1374,30,0,0
22171810,1249,74,0,0,22275073,1003,74,0,0
22170415,1995,42,0,1,22167374,1190,29,0,0
22212139,186,52,0,5,22236636,629,50,0,0
22174074,1529,33,0,1,22185982,316,52,0,0
22239165,741,28,0,0,22267637,1121,23,0,0
22204432,602,55,0,1,22277708,1406,34,0,0
22210297,1476,30,0,2,22218710,600,52,0,0
22173230,1006,72,0,4,22256590,691,103,0,0
22154765,2121,34,0,1,22199960,1683,45,0,0
22166933,1681,48,0,2,22160671,1221,70,0,0
22191692,2388,33,0,2,22182487,945,34,0,0
22192550,1538,47,0,1,22248193,2025,26,0,0
22234442,718,16,0,3,22184847,1648,52,0,0
22230690,1554,24,0,3,22194055,1092,60,0,0
22199269,1802,59,0,1,22285607,1062,48,0,0
22282749,1105,35,0,1,22266562,809,38,0,0
22230002,1992,41,0,0,22166705,1086,56,0,0
22172549,625,51,0,2,22215843,998,37,0,0
22240401,2294,38,0,6,22272275,1172,67,0,0
22238626,950,39,0,5,22175818,1360,43,0,0
22274788,660,40,0,6,22229200,1199,52,0,0
22199892,632,90,0,0,22183720,1453,32,0,0
22179385,1164,23,0,2,22244067,1788,39,0,0
22185658,1175,58,0,1,22189752,717,26,0,0
22256890,2120,64,0,0,22252379,1461,65,0,0
22246699,2092,45,0,1,22218509,1507,65,0,0
22233970,648,30,0,2,22159390,1019,25,0,0
22274887,972,182,0,3,22251036,1788,33,0,0
22199744,669,60,0,3,22161634,1384,50,0,0
22183682,1216,53,0,1,22280181,1392,55,0,0
22237946,1296,81,0,0,22263625,820,48,0,0
22220460,1630,52,0,4,22269232,944,61,0,0
22251800,786,53,0,1,22153472,1956,41,0,0
22213955,1888,50,0,1,22202732,1317,57,0,0
22262192,1412,83,0,1,22219850,388,61,0,0
22269293,326,61,0,1,22259666,1090,99,0,0
22191108,1534,42,0,0,22161756,1457,34,0,0
22272975,1640,58,0,3,22226675,1013,26,0,0
22286259,551,62,0,3,22183431,431,29,0,0
22248182,958,64,0,1,22275247,1155,68,0,0
22273976,839,32,0,1,22175124,1049,68,0,0
22252451,748,29,0,6,22283721,809,28,0,0
22239131,1050,25,0,0,22207480,1383,22,0,0
22200687,1437,36,0,2,22261554,803,40,0,0
22219264,1195,57,0,4,22242233,2146,59,0,0
22271018,1455,37,0,2,22194506,1536,59,0,0
22220023,2485,40,0,3,22184443,1243,86,0,0
22248136,500,49,0,2,22245128,1209,34,0,0
22249421,1157,85,0,4,22213562,1786,82,0,0
22267338,759,38,0,0,22216698,801,22,0,0
22197945,1909,50,0,4,22196263,597,49,0,0
22253805,754,58,0,2,22226741,1573,26,0,0
22264447,1709,48,0,2,22184697,1711,31,0,0
22198724,2131,38,0,1,22279182,1119,83,0,0
22189439,1326,38,0,0,22263232,1486,30,0,0
22168583,2116,82,0,3,22259242,1275,29,0,0
22189730,2280,31,0,0,22167681,386,53,0,0
22276722,702,25,0,5,22220429,718,17,0,0
22257604,2192,48,0,1,22255155,607,47,0,0
22258187,1868,26,0,1,22252546,1231,68,0,0
22210480,1193,13,0,4,22167515,1725,32,0,0
22206826,2541,37,0,0,22158696,873,44,0,0
22226948,1849,52,0,4,22257928,1798,48,0,0
22222286,1078,26,0,8,22173712,2523,39,0,0
22270529,2055,45,0,12,22188298,872,56,0,0
22262523,1073,25,0,2,22277790,1023,70,0,0
22266068,2126,34,0,2,22215265,871,30,0,0
22188514,1953,50,0,1,22179437,471,58,0,0
22170398,1456,48,0,3,22235115,1216,17,0,0
22289726,288,60,0,0,22224940,1102,53,0,0
22207872,1361,46,0,0,22229790,608,45,0,0
22237697,2154,77,0,1,22285052,1245,29,0,0
22166653,1276,38,0,7,22249320,2138,87,0,0
22258152,730,66,0,2,22198111,1125,21,0,0
22173598,2112,51,0,6,22199014,1380,17,0,0
22220147,1299,45,0,1,22267435,1986,57,0,0
22240380,1196,43,0,4,22188252,836,39,0,0
22222189,1949,33,0,0,22278302,2594,54,0,0
22242922,1100,55,0,2,22269025,309,75,0,0
22222196,1161,36,0,1,22259412,2370,36,0,0
22211747,1391,48,0,3,22222576,1262,50,0,0
22190541,1086,103,0,0,22157376,691,80,0,0
22169356,893,28,0,2,22261159,1815,72,0,0
22248641,1691,25,0,2,22212266,1244,80,0,0
22210601,1001,22,0,2,22198083,1611,48,0,0
22269447,1284,71,0,2,22214477,881,68,0,0
22249998,1923,53,0,4,22285911,2120,55,0,0
22169660,1114,48,0,7,22246520,740,23,0,0
22286242,1361,59,0,2,22290073,1120,76,0,0
22232977,1536,74,0,2,22276414,960,53,0,0
22189324,1774,27,0,0,22238485,527,40,0,0
22232031,615,36,0,0,22268485,1187,68,0,0
22236566,762,29,0,0,22183023,2589,50,0,0
22178322,1615,40,0,1,22244373,1602,42,0,0
22194785,1004,54,0,5,22270293,295,56,0,0
22178547,1014,39,0,0,22272115,926,38,0,0
22194501,1538,61,0,1,22243427,667,41,0,0
22245101,2518,65,0,0,22197325,781,46,0,0
22229113,1745,25,0,4,22286558,952,84,0,0
22166399,1157,38,0,7,22283638,543,58,0,0
22159439,1142,21,0,2,22276603,1819,17,0,0
22262796,313,63,0,0,22202045,865,34,0,0
22176013,1278,37,0,2,22243820,624,52,0,0
22182718,1160,50,0,1,22226267,177,61,0,0
22220217,779,40,0,3,22250350,1543,51,0,0
22216123,1829,52,0,1,22223467,1548,30,0,0
22268573,2541,64,0,3,22176745,459,22,0,0
22287059,672,27,0,4,22279088,628,33,0,0
22276006,1160,36,0,3,22224885,905,29,0,0
22292169,1392,65,0,5,22196142,851,65,0,0
22268419,1941,44,0,3,22289922,2512,27,0,0
22174090,880,42,0,1,22173682,1739,55,0,0
22250976,464,28,0,8,22189106,1178,37,0,0
22184578,809,56,0,6,22278235,1629,28,0,0
22265199,1869,63,0,0,22169204,1996,55,0,0
22185971,1605,62,0,2,22185560,999,37,0,1
22266619,570,28,0,2,22232101,179,65,0,0
22249076,974,46,0,8,22184886,1311,26,0,0
22244090,459,60,0,1,22179848,1199,35,0,0
22238391,1106,34,0,1,22174327,313,49,0,0
22195107,466,25,0,2,22161612,428,75,0,0
22173254,453,25,0,0,22278277,1874,44,0,0
22258501,1015,28,0,1,22216080,1148,48,0,0
22256472,266,47,0,2,22286746,939,48,0,0
22215436,299,40,0,7,22186034,1322,34,0,0
22271932,1437,62,0,1,22289823,757,64,0,0
22272375,867,98,0,3,22274818,692,51,0,0
22197163,192,76,0,0,22281763,1626,30,0,0
22174644,1447,91,0,1,22277265,2523,68,0,0
22193528,2107,61,0,2,22199281,933,32,0,0
22187982,790,35,0,1,22283305,1294,29,0,0
22188374,2206,47,0,1,22234186,999,60,0,0
22192872,1595,59,0,2,22197261,1674,33,0,0
22209381,1082,61,0,1,22201040,1445,45,0,0
22251555,815,30,0,3,22271357,1010,94,0,0
22176997,281,48,0,3,22222797,2307,44,0,0
22180001,724,35,0,2,22250898,706,53,0,0
22193024,1153,36,0,0,22176761,1239,72,0,0
22252631,1620,48,0,4,22201440,845,54,0,0
22217708,1230,30,0,1,22287635,2220,45,0,0
22209510,679,17,0,2,22163396,1460,71,0,0
22244102,966,58,0,1,22168326,1057,34,0,0
22288953,704,46,0,1,22202491,1044,67,0,0
22252180,640,69,0,6,22237766,562,29,0,0
22290808,1105,39,0,3,22189758,1958,28,0,0
22162932,1107,44,0,2,22204872,2081,41,0,0
22278085,1114,124,0,0,22258588,510,208,0,0
22232667,1219,26,0,4,22192330,1754,35,0,0
22240986,1610,31,0,1,22264314,716,47,0,0
22212896,1232,47,0,5,22186582,614,61,0,0
22244566,894,17,0,1,22190925,1971,24,0,0
22191686,684,66,0,1,22249018,658,44,0,0
22275168,1126,57,0,3,22282273,1169,59,0,0
22173009,1862,25,0,2,22172320,1168,74,0,0
22180307,894,75,0,0,22255665,985,48,0,0
22185056,1751,69,0,3,22173108,1427,25,0,0
22281275,1109,37,0,2,22268240,125,51,0,0
22213523,1518,17,0,1,22171565,1736,41,0,0
22192449,1199,44,0,0,22296685,879,68,0,0
22231797,1673,23,0,0,22169276,1232,45,0,0
22259602,1037,69,0,1,22279007,885,68,0,0
22286236,326,38,0,1,22236050,1567,23,0,0
22245174,568,56,0,4,22210961,940,52,0,0
22181811,1742,38,0,1,22217351,1555,107,0,0
22180608,1269,56,0,2,22169293,711,32,0,0
22259223,675,51,0,0,22163920,1299,42,0,0
22250570,2148,44,0,4,22271861,626,77,0,0
22217766,1269,54,0,0,22293821,918,26,0,0
22206382,2153,46,0,0,22283310,907,55,0,0
22196075,862,84,0,0,22191857,871,32,0,0
22178637,1489,23,0,4,22248246,813,16,0,0
22170244,358,76,0,1,22286339,2185,25,0,0
22192528,1261,39,0,1,22200887,924,30,0,0
22197614,498,65,0,13,22295108,1573,60,0,0
22252985,850,188,0,4,22278178,342,270,0,0
22215528,2174,57,0,2,22273271,1055,38,0,0
22193133,405,41,0,1,22201486,760,60,0,0
22235009,1686,30,0,0,22204363,1342,28,0,0
22222160,2450,31,0,6,22268570,1189,22,0,0
22204847,1614,40,0,2,22264340,2435,37,0,0
22250185,1493,57,0,0,22283817,619,55,0,0
22273884,1141,65,0,1,22217251,1667,82,0,0
22240482,1673,58,0,7,22240152,1016,64,0,0
22238979,863,40,0,0,22264577,1332,32,0,0
22240135,631,36,0,3,22227076,1567,30,0,0
22183778,2012,34,0,0,22185063,1846,49,0,0
22236358,1086,98,0,5,22177151,1409,87,0,0
22255188,1372,80,0,2,22260997,2504,49,0,0
22227733,1163,34,0,1,22196291,1786,58,0,0
22293857,958,25,0,4,22174193,1836,69,0,0
22267827,2135,47,0,0,22292791,1273,58,0,0
22193017,786,23,0,0,22263437,1703,41,0,0
22168013,791,27,0,3,22280962,1622,94,0,0
22289556,1884,40,0,1,22280009,787,19,0,0
22261650,1384,58,0,0,22266287,1244,53,0,0
22199889,1594,30,0,1,22225464,501,39,0,0
22178157,1211,25,0,2,22284507,799,145,0,0
22244339,1776,40,0,0,22186458,1727,31,0,0
22266372,1980,32,0,2,22219669,1123,44,0,0
22196260,1177,86,0,1,22188334,1368,48,0,0
22237070,1683,67,0,1,22230591,1149,35,0,0
22197389,2207,36,0,9,22224399,1257,72,0,0
22283491,570,46,0,0,22179273,1527,62,0,0
22173612,1454,74,0,0,22266086,1810,64,0,0
22267346,1073,16,0,0,22261146,1285,46,0,0
22200952,1776,61,0,1,22266153,1239,32,0,0
22239756,1059,43,0,5,22235998,1151,43,0,0
22221385,780,37,0,1,22279528,885,37,0,0
22174699,1709,51,0,4,22254279,481,76,0,0
22175327,1776,64,0,3,22291607,1355,19,0,0
22258420,1748,23,0,1,22255533,1624,61,0,0
22250456,708,35,0,3,22166510,1663,44,0,0
22274019,2148,23,0,6,22226389,183,243,0,0
22186755,1297,59,0,1,22255063,1779,44,0,0
22197902,1404,78,0,6,22189079,1423,45,0,0
22240901,602,38,0,3,22246810,1139,33,0,0
22259369,615,67,0,3,22221552,779,113,0,0
22199114,1109,37,0,2,22192691,179,25,0,0
22261246,1299,39,0,5,22257800,606,52,0,0
22203529,746,68,0,0,22288479,1575,20,0,0
22247887,462,37,0,6,22187936,146,62,0,0
22261951,1429,19,0,5,22239603,799,28,0,0
22298901,562,31,0,3,22246902,1372,39,0,0
22280939,2110,55,0,1,22264200,1241,43,0,0
22211239,841,24,0,1,22192255,1602,63,0,0
22205256,754,44,0,4,22291385,1128,35,0,0
22190327,856,81,0,4,22211011,1332,34,0,0
22211130,2365,77,0,1,22251661,1312,31,0,0
22226660,2333,15,0,3,22225241,802,72,0,0
22203452,1496,27,0,2,22272568,1650,34,0,0
22168557,1115,42,0,2,22171599,1667,108,0,0
22199537,409,64,0,1,22300647,2341,73,0,0
22178916,1059,42,0,3,22283131,718,38,0,0
22293087,1196,31,0,2,22234237,1123,43,0,0
22258399,1445,38,0,6,22285796,851,52,0,0
22262924,1573,45,0,0,22170729,890,63,0,0
22219383,1167,62,0,2,22201982,1651,72,0,0
22206834,889,118,0,3,22210057,1674,50,0,0
22181296,933,54,0,0,22189883,1987,95,0,0
22269860,2396,46,0,0,22175117,574,59,0,0
22263519,1855,29,0,1,22217097,1233,26,0,0
22191113,2270,37,0,1,22247509,1622,43,0,0
22243103,1252,32,0,0,22189450,291,52,0,0
22273816,1837,45,0,2,22192927,679,79,0,0
22200332,1311,25,0,0,22223787,748,43,0,0
22288022,1408,46,0,3,22208148,884,51,0,0
22236726,298,47,0,0,22218091,1154,30,0,0
22218803,897,26,0,2,22186674,1356,21,0,0
22234538,752,83,0,2,22248133,2455,38,0,0
22171753,954,40,0,1,22299663,1664,67,0,0
22184311,515,26,0,1,22214046,1257,40,0,0
22282894,817,22,0,1,22216955,381,57,0,0
22254085,859,62,0,0,22245643,1474,21,0,0
22194817,703,197,0,4,22227141,1051,51,0,0
22186735,1330,45,0,8,22291053,805,19,0,0
22291778,2549,56,0,3,22220546,1253,80,0,0
22266922,1321,55,0,0,22249315,1963,92,0,0
22243588,1710,35,0,2,22244747,444,24,0,0
22223249,2278,74,0,7,22234892,1486,22,0,0
22259653,1032,18,0,0,22301650,1779,88,0,0
22208864,560,26,0,1,22198410,923,41,0,0
22278367,2163,40,0,6,22290213,1867,65,0,0
22184860,1173,76,0,4,22279220,624,36,0,0
22275910,916,24,0,4,22191751,781,72,0,0
22195847,1125,41,0,2,22291574,1110,33,0,0
22231272,1273,40,0,2,22197243,1099,38,0,0
22276494,1320,25,0,2,22184013,1665,20,0,0
22235498,1366,27,0,0,22259161,1491,23,0,0
22240239,622,109,0,3,22210868,807,46,0,0
22288087,1673,59,0,0,22213438,1497,40,0,0
22286902,1179,57,0,3,22301481,1727,59,0,0
22297714,960,19,0,2,22252649,751,44,0,0
22213198,1172,23,0,2,22251802,1682,47,0,0
22229275,302,29,0,4,22182446,1009,51,0,0
22282484,1666,45,0,3,22300933,1564,45,0,0
22223960,1733,48,0,3,22267065,1756,34,0,0
22273983,1762,39,0,0,22227163,1472,33,0,0
22221010,794,56,0,2,22300144,1187,56,0,0
22282316,850,40,0,3,22225226,1335,58,0,0
22278609,1361,45,0,1,22280078,948,28,0,0
22186949,549,21,0,3,22237723,1482,64,0,0
22250593,1177,55,0,2,22289906,876,64,0,0
22238905,909,41,0,5,22177523,2043,42,0,0
22186258,1743,68,0,3,22268136,760,63,0,0
22208662,1813,28,0,2,22188888,267,103,0,0
22190879,1282,63,0,0,22232400,1040,18,0,0
22195574,1573,39,0,6,22301026,1660,33,0,0
22261001,1068,50,0,1,22264138,1633,23,0,0
22275134,953,34,0,0,22172522,1400,30,0,0
22300674,932,44,0,2,22297593,1360,33,0,0
22287335,826,44,0,3,22218361,724,63,0,0
22294966,1788,13,0,4,22240677,1972,46,0,0
22177298,813,50,0,0,22268808,561,56,0,0
22241350,184,110,0,5,22263285,1123,42,0,0
22207926,948,32,0,0,22280274,792,115,0,0
22193251,783,64,0,2,22197193,503,72,0,0
22282096,1450,44,0,4,22189822,351,51,0,0
22291072,1952,21,0,1,22253924,408,78,0,0
22200993,654,75,0,3,22183178,864,18,0,0
22186297,242,246,0,4,22302297,974,18,0,0
22191485,868,41,0,1,22221614,2176,51,0,0
22250697,259,52,0,1,22193289,826,84,0,0
22179143,1375,46,0,1,22285672,1050,18,0,0
22304433,2017,18,0,1,22290351,690,70,0,0
22197871,2375,33,0,3,22295240,1218,101,0,0
22248653,1829,25,0,0,22258464,300,30,0,0
22240130,903,23,0,1,22215775,741,50,0,0
22171671,1713,14,0,0,22303575,2394,25,0,0
22275691,1752,37,0,6,22230161,1684,63,0,0
22193557,1351,56,0,3,22252688,449,40,0,0
22183519,1063,53,0,3,22288320,1478,84,0,0
22283954,978,79,0,7,22291150,607,24,0,0
22198024,916,47,0,4,22264742,1324,62,0,0
22178557,833,65,0,4,22217293,802,54,0,0
22228471,550,57,0,0,22202933,174,64,0,0
22236012,1776,23,0,4,22266222,794,94,0,0
22211652,495,61,0,3,22193532,1680,42,0,0
22199353,1724,75,0,2,22274223,1571,50,0,0
22257195,905,70,0,2,22276171,1056,41,0,0
22244590,1894,17,0,1,22231772,1743,34,0,0
22249271,1062,30,0,4,22186782,1616,53,0,0
22299495,982,78,0,4,22305370,284,28,0,0
22183553,1339,27,0,0,22265456,2019,25,0,0
22199638,1094,45,0,3,22262031,2530,24,0,0
22238580,616,42,0,4,22232476,876,50,0,0
22220425,919,52,0,1,22251519,1139,31,0,0
22220122,1524,46,0,4,22178848,2049,46,0,0
22251895,692,54,0,2,22299039,1570,65,0,0
22213019,2191,26,0,2,22212275,2178,28,0,0
22302641,1282,73,0,1,22234750,127,62,0,0
22220671,1708,41,0,5,22190160,2522,54,0,0
22301926,876,51,0,1,22259123,1118,36,0,0
22189412,1553,23,0,2,22227875,1001,46,0,0
22239867,2004,45,0,7,22228956,607,64,0,0
22199789,1342,24,0,0,22256970,708,47,0,0
22250274,1504,57,0,2,22264770,892,102,0,0
22302446,1898,40,0,4,22186548,1150,68,0,0
22223072,1162,52,0,0,22194892,1624,34,0,0
22217170,1190,29,0,1,22257567,860,45,0,0
22246057,1362,51,0,3,22238156,1409,81,0,0
22176330,2328,34,0,2,22247607,1389,61,0,0
22273004,1366,30,0,10,22300157,1025,67,0,0
22306783,372,67,0,4,22262637,618,24,0,0
22237731,1021,58,0,2,22237023,1659,49,0,0
22262550,1073,52,0,1,22272846,415,66,0,0
22216947,952,51,0,1,22187186,1324,27,0,0
22287547,1314,72,0,2,22238514,1264,38,0,0
22272215,542,41,0,1,22183971,2362,40,0,0
22256871,1453,41,0,0,22300206,124,40,0,0
22285063,1621,22,0,3,22290404,913,20,0,0
22274622,1208,39,0,4,22195675,899,34,0,0
22285574,2594,39,0,1,22223566,2563,35,0,0
22185485,690,58,0,1,22192240,1094,54,0,0
22239480,1600,41,0,3,22227698,1692,60,0,0
22224992,1091,35,0,2,22249775,1434,47,0,0
22241268,1518,59,0,0,22232241,2532,33,0,0
22299253,1576,81,0,1,22235281,1409,42,0,0
22286222,1376,70,0,2,22285049,1819,34,0,0
22285934,483,77,0,1,22276726,1343,34,0,1
22177624,1244,47,0,5,22206085,1146,33,0,0
22235569,1415,38,0,1,22237944,547,73,0,0
22256190,1365,49,0,2,22256653,722,46,0,0
22270336,1503,41,0,4,22188053,2542,24,0,0
22282904,949,36,0,4,22241747,697,50,0,0
22259028,206,50,0,1,22201354,931,50,0,0
22239718,961,28,0,1,22255285,1461,51,0,0
22190470,1619,32,0,0,22285400,404,54,0,0
22255360,1305,32,0,1,22201623,810,19,0,0
22187073,1743,47,0,0,22251759,573,39,0,0
22299155,898,74,0,5,22178917,1600,94,0,0
22254081,1301,56,0,1,22247733,801,70,0,0
22236842,1341,28,0,0,22182264,1430,40,0,0
22278548,236,230,0,0,22258276,773,48,0,0
22187662,1566,53,0,0,22263606,800,26,0,0
22192893,1468,52,0,2,22278288,1377,77,0,0
22264978,1716,32,0,4,22251691,812,46,0,0
22228915,1474,55,0,3,22308600,1798,32,0,0
22250698,625,87,0,0,22293734,1480,95,0,0
22295294,2293,40,0,1,22256973,594,70,0,0
22300291,2116,47,0,1,22268001,700,63,0,0
22176580,1708,33,0,3,22242083,1162,30,0,0
22291678,1843,47,0,2,22279390,655,59,0,0
22208442,964,55,0,5,22288277,843,51,0,0
22227927,168,58,0,2,22191877,1601,47,0,0
22200295,1228,90,0,1,22177762,1106,36,0,0
22258485,884,29,0,5,22279415,2230,43,0,0
22192495,341,109,0,3,22210433,1104,17,0,0
22174946,1026,42,0,1,22201280,1445,224,0,0
22219882,261,86,0,7,22218135,1953,18,0,0
22194090,1077,29,0,3,22236309,1062,43,0,0
22197848,1805,42,0,5,22209584,880,30,0,0
22178599,1974,47,0,3,22308659,1349,119,0,0
22186483,1736,19,0,2,22272376,690,38,0,0
22303952,904,15,0,1,22243366,1602,51,0,0
22246875,462,52,0,1,22208582,792,39,0,0
22278865,847,26,0,0,22205280,1464,16,0,0
22236977,2097,27,0,2,22200157,314,51,0,0
22211456,807,76,0,6,22245692,568,31,0,0
22278447,262,81,0,1,22202934,1284,38,0,0
22181446,1642,44,0,0,22299960,2534,27,0,0
22185009,1231,36,0,3,22200712,956,51,0,0
22233645,1138,64,0,9,22206478,1727,52,0,0
22253946,1092,13,0,2,22191223,952,42,0,0
22252867,661,71,0,9,22208444,1150,50,0,0
22188130,1699,50,0,7,22205472,1142,104,0,0
22212006,1476,72,0,1,22186364,1810,34,0,0
22195820,1133,62,0,10,22281561,1145,39,0,0
22220482,497,68,0,5,22251585,753,19,0,0
22273373,1386,28,0,0,22176638,830,27,0,0
22184401,182,85,0,2,22282787,977,64,0,0
22301507,1430,42,0,2,22300361,1869,39,0,0
22213984,1875,38,0,1,22302488,812,45,0,0
22177671,1104,49,0,0,22245517,1771,38,0,0
22305387,1162,62,0,0,22300906,1328,22,0,0
22288984,1211,57,0,2,22201966,1329,45,0,0
22305741,725,24,0,0,22291534,1601,51,0,0
22248801,1679,45,0,2,22308689,984,42,0,0
22194612,921,79,0,5,22310632,1120,76,0,0
22264503,889,52,0,2,22228473,518,72,0,0
22261768,1857,35,0,2,22273858,1416,38,0,0
22267672,728,54,0,1,22210509,1737,78,0,0
22197903,371,107,0,3,22208707,566,53,0,0
22216474,1392,50,0,3,22247391,968,14,0,0
22307971,1146,101,0,1,22215497,1073,105,0,0
22302592,904,37,0,1,22226909,129,43,0,0
22185104,1666,37,0,1,22208811,574,56,0,0
22205678,943,36,0,0,22237282,753,40,0,0
22245007,1146,61,0,8,22213362,871,41,0,0
22179934,1167,43,0,1,22256398,1387,39,0,0
22233669,1395,41,0,0,22218316,938,54,0,0
22270268,151,101,0,0,22202712,489,24,0,0
22249613,2243,46,0,0,22267732,1036,40,0,0
22185185,1452,16,0,3,22243426,1063,27,0,0
22277518,2154,26,0,0,22231961,1678,65,0,0
22226238,1118,35,0,1,22290718,2160,80,0,0
22237679,419,52,0,3,22302353,1740,74,0,0
22272755,1413,24,0,11,22306654,1900,73,0,0
22240136,2139,27,0,1,22249826,1468,56,0,0
22297971,1659,31,0,0,22264329,1236,24,0,0
22237283,1746,35,0,1,22266266,1644,35,0,0
22252246,773,64,0,1,22197134,899,51,0,0
22243917,449,69,0,7,22277629,813,30,0,0
22235717,2184,49,0,6,22188321,1831,43,0,0
22214158,1841,18,0,0,22226617,1476,41,0,0
22199820,1142,25,0,5,22311276,1280,21,0,0
22244731,1274,63,0,2,22221969,1071,32,0,0
22183256,1156,65,0,6,22268216,848,45,0,0
22266704,1182,54,0,5,22181782,2223,42,0,0
22302605,967,20,0,5,22201458,1420,22,0,0
22209669,1804,31,0,1,22181442,921,90,0,0
22277178,1332,55,0,1,22192063,1964,72,0,1
22250176,1684,32,0,5,22266126,1229,185,0,0
22249465,1822,29,0,3,22267428,1601,28,0,0
22187557,1104,33,0,1,22290921,1869,46,0,0
22256630,1115,22,0,2,22277758,1422,49,0,0
22256779,1455,97,0,1,22253520,1323,34,0,0
22310666,1092,39,0,1,22277774,1746,45,0,0
22199577,1304,46,0,0,22249251,1265,36,0,0
22266680,1379,87,0,1,22303515,1610,31,0,0
22294394,743,26,0,3,22275638,1304,184,0,0
22192461,555,48,0,7,22204009,663,204,0,0
22252936,1636,65,0,2,22203660,866,70,0,0
22201892,634,34,0,2,22220941,1303,38,0,0
22278226,1474,64,0,0,22198699,398,54,0,0
22248113,1261,36,0,3,22268649,1888,51,0,0
22295927,775,39,0,4,22240777,553,23,0,0
22212304,1236,97,0,1,22239399,2594,20,0,0
22307484,684,34,0,3,22269333,228,30,0,0
22220419,789,68,0,3,22260960,1155,63,0,0
22285156,1116,40,0,1,22232423,2175,40,0,0
22310275,2088,38,0,2,22303064,1722,55,0,0
22210679,322,20,0,1,22180661,1161,64,0,0
22184563,1952,53,0,2,22250472,1065,44,0,0
22203361,653,57,0,7,22193543,1401,58,0,0
22215409,1286,25,0,7,22241960,1159,47,0,0
22302395,2242,35,0,5,22275988,837,86,0,0
22256165,1429,91,0,3,22271012,882,44,0,0
22309753,1112,25,0,2,22284539,1742,35,0,0
22188548,758,118,0,0,22313449,1575,36,0,0
22196223,1184,33,0,1,22183742,681,136,0,0
22284566,963,55,0,7,22197454,889,53,0,0
22305685,1133,54,0,0,22263291,2126,30,0,0
22214971,1112,36,0,0,22282493,2155,51,0,0
22295001,529,57,0,2,22255644,192,50,0,0
22187839,876,48,0,5,22307722,946,42,0,0
22181529,1864,47,0,1,22282083,1645,28,0,0
22301219,695,38,0,1,22215000,1997,25,0,0
22314961,2275,60,0,0,22293263,1769,72,0,0
22206525,746,41,0,3,22255228,2540,42,0,0
22235629,297,33,0,0,22313501,1969,28,0,0
22294809,1646,36,0,0,22191534,743,28,0,0
22196893,1653,31,0,0,22239313,1131,66,0,0
22229168,1318,65,0,3,22285003,1267,66,0,0
22308323,1472,39,0,15,22202949,668,27,0,0
22230218,1533,24,0,0,22296585,182,20,0,0
22241020,1361,75,0,1,22197041,1714,50,0,0
22240633,702,44,0,3,22185026,1627,52,0,0
22292041,1681,27,0,1,22298749,1667,55,0,0
22249109,1262,33,0,6,22207851,238,33,0,0
22275343,1101,33,0,2,22232283,1446,16,0,0
22212360,1632,58,0,0,22236017,911,36,0,0
22195729,715,60,0,0,22251888,963,23,0,0
22251219,1800,20,0,2,22281570,667,23,0,0
22184271,2277,61,0,3,22192571,1063,33,0,0
22289138,735,42,0,0,22191266,514,39,0,0
22248896,1558,79,0,5,22274336,200,72,0,0
22224516,862,85,0,0,22211777,1063,16,0,0
22214138,1763,45,0,1,22236606,1389,47,0,0
22237814,1552,60,0,5,22233015,509,20,0,0
22296395,941,52,0,1,22248824,2329,15,0,0
22210925,1326,61,0,2,22243173,511,41,0,0
22316096,1186,103,0,0,22214436,940,41,0,0
22225532,1960,36,0,2,22223049,1522,55,0,0
22225198,933,20,0,1,22262346,2060,33,0,0
22214740,1197,25,0,3,22266435,521,121,0,0
22267475,1751,43,0,2,22222497,882,29,0,0
22296763,1754,63,0,0,22302289,2173,71,0,0
22184440,1976,46,0,6,22293435,157,61,0,0
22307997,867,28,0,0,22241927,1494,22,0,0
22218984,860,57,0,4,22238236,2048,28,0,0
22231439,1514,48,0,2,22201863,469,60,0,0
22284064,694,61,0,0,22213454,1961,56,0,0
22296624,993,23,0,1,22231787,1515,21,0,0
22226013,1095,40,0,2,22219122,614,32,0,0
22221188,1227,57,0,1,22253091,726,74,0,0
22312401,747,43,0,1,22237352,1373,87,0,0
22282586,1678,20,0,10,22190179,2166,23,0,0
22236393,787,82,0,1,22225694,1662,75,0,0
22190738,1498,30,0,1,22281775,393,55,0,0
22231688,1028,48,0,1,22250501,1189,28,0,0
22197779,1028,35,0,2,22290933,1008,73,0,0
22215156,1378,48,0,2,22184728,1944,46,0,0
22267687,1364,50,0,1,22273807,860,76,0,0
22224023,1535,34,0,1,22277320,970,57,0,0
22207411,1067,34,0,0,22288504,885,50,0,0
22299261,1161,35,0,0,22194398,2195,127,0,0
22189871,1102,55,0,0,22210705,1517,31,0,0
22302692,903,62,0,0,22195015,1760,47,0,0
22251172,1856,51,0,1,22212197,619,67,0,0
22283148,1924,62,0,1,22254319,2202,45,0,0
22274921,1017,78,0,3,22195559,2020,53,0,0
22255520,647,16,0,0,22312317,1625,39,0,0
22246084,942,46,0,6,22195775,662,60,0,0
22190026,1337,53,0,2,22270988,626,32,0,0
22206242,1547,48,0,7,22186128,556,38,0,0
22256083,863,80,0,9,22307023,814,27,0,0
22291934,1372,39,0,2,22192496,1586,27,0,0
22293894,1602,40,0,0,22274934,825,33,0,0
22209175,1264,25,0,5,22283021,1093,39,0,0
22272151,591,29,0,3,22239109,855,40,0,0
22229332,1229,49,0,2,22309824,1458,26,0,0
22271156,888,136,0,2,22297661,667,43,0,0
22271041,1317,83,0,1,22286649,1273,61,0,0
22207679,1234,42,0,1,22270432,318,44,0,0
22196204,1342,24,0,1,22192851,2140,30,0,0
22215684,1734,32,0,0,22231159,1154,50,0,0
22311930,1446,64,0,1,22208403,1436,27,0,0
22208956,923,54,0,0,22293100,2334,35,0,0
22216613,681,44,0,0,22252239,2089,36,0,0
22226299,708,70,0,1,22187475,1372,63,0,0
22199732,2409,40,0,1,22297724,1641,43,0,0
22249346,1481,27,0,4,22222033,1613,61,0,0
22307469,647,59,0,1,22244497,747,66,0,0
22305504,1943,41,0,0,22318248,1165,37,0,0
22286735,1025,17,0,1,22231129,542,18,0,0
22240748,1663,49,0,1,22291074,1668,116,0,0
22240171,182,50,0,1,22298280,822,16,0,0
22276668,607,94,0,0,22208082,1653,91,0,0
22274645,617,63,0,0,22323249,386,37,0,0
22198265,1918,36,0,3,22270056,1392,41,0,0
22283449,772,75,0,1,22204543,1321,70,0,0
22200753,2304,47,0,6,22275341,1077,19,0,0
22306649,1713,50,0,3,22264376,666,41,0,0
22314409,1143,40,0,4,22248280,1055,45,0,0
22276087,563,14,0,0,22226995,941,37,0,0
22300106,955,40,0,3,22284842,1280,45,0,0
22314238,1035,34,0,2,22283318,2102,43,0,0
22293089,1119,57,0,2,22264182,1742,40,0,0
22297499,1708,26,0,1,22287860,1999,69,0,0
22272131,1609,61,0,0,22247190,325,46,0,0
22253152,1226,60,0,0,22277128,809,24,0,0
22205396,1679,44,0,1,22188031,2609,28,0,0
22268762,1532,35,0,8,22260806,650,28,0,0
22216811,849,85,0,2,22270349,967,81,0,0
22253169,542,30,0,2,22199613,819,51,0,0
22293869,1137,34,0,9,22190735,1393,18,0,0
22301809,1337,44,0,1,22277090,2207,43,0,0
22211831,1682,57,0,1,22323786,1756,34,0,0
22270407,1207,70,0,7,22244732,2164,29,0,0
22250856,1669,34,0,4,22244771,1263,33,0,0
22275718,1964,33,0,2,22291445,2032,18,0,0
22314452,770,49,0,10,22206023,621,69,0,0
22265653,2044,37,0,9,22193344,516,17,0,0
22193105,996,44,0,2,22301333,151,110,0,0
22197927,810,34,0,11,22292730,783,57,0,0
22317795,737,86,0,4,22275818,1230,33,0,0
22225673,1165,36,0,4,22274249,721,22,0,0
22242620,1214,18,0,0,22226838,802,50,0,0
22199005,655,49,0,3,22255786,1635,73,0,0
22280042,2567,42,0,1,22249663,1316,89,0,0
22224147,1338,55,0,1,22276003,1939,37,0,0
22203032,624,46,0,2,22209143,1248,33,0,0
22191778,1005,40,0,2,22197894,1996,47,0,0
22232154,1326,33,0,7,22275244,1420,30,0,0
22275052,1261,35,0,1,22325844,1875,18,0,0
22264336,1167,52,0,2,22252808,689,32,0,0
22232758,2154,23,0,10,22234931,664,66,0,0
22276383,374,33,0,0,22233558,554,43,0,0
22211694,1589,45,0,6,22284183,843,68,0,0
22244397,1159,38,0,1,22285860,1240,50,0,0
22290705,1940,53,0,0,22266733,1371,44,0,0
22318995,489,56,0,4,22261986,1252,57,0,0
22293142,1690,53,0,1,22192978,1505,29,0,0
22207133,1136,45,0,5,22268270,753,73,0,1
22296920,707,53,0,3,22296281,1971,55,0,0
22303835,1015,25,0,1,22233882,1452,55,0,0
22236476,918,75,0,1,22241176,1824,48,0,0
22297292,698,39,0,0,22218473,1295,24,0,0
22302010,1250,30,0,4,22320815,2545,32,0,0
22258593,674,94,0,4,22190379,928,54,0,0
22215168,308,26,0,2,22264467,652,27,0,0
22315616,702,34,0,1,22254904,2278,42,0,0
22219503,1462,59,0,4,22232966,648,89,0,0
22276734,904,33,0,2,22258845,820,59,0,0
22255516,594,30,0,3,22250271,998,45,0,0
22205148,828,40,0,0,22282830,839,50,0,0
22211501,667,26,0,1,22225148,1804,77,0,0
22226836,1151,38,0,2,22227454,956,41,0,0
22214013,421,71,0,4,22243087,798,188,0,0
22223422,1158,46,0,0,22194376,2255,54,0,0
22288431,1033,51,0,0,22251904,915,94,0,0
22322919,1113,34,0,2,22215026,766,39,0,0
22259731,1154,54,0,10,22315100,820,72,0,0
22281470,2218,42,0,1,22228273,699,64,0,0
22305838,1032,29,0,2,22308275,320,19,0,0
22286803,550,29,0,0,22227003,1394,46,0,0
22263726,1284,63,0,8,22305573,1428,57,0,0
22264072,1027,48,0,1,22223360,902,45,0,0
22201752,1527,36,0,3,22308732,1716,33,0,0
22210739,993,38,0,1,22223233,1050,54,0,0
22325937,1988,34,0,6,22277001,1886,38,0,0
22317108,2252,40,0,0,22244790,963,56,0,0
22293016,1536,75,0,4,22206763,1263,26,0,0
22250111,639,41,0,1,22196355,1520,69,0,0
22189417,1165,31,0,2,22250826,2336,45,0,0
22249652,1340,54,0,3,22295459,197,50,0,0
22316663,664,90,0,4,22240801,1317,25,0,0
22217600,807,45,0,3,22263247,662,44,0,0
22316362,954,23,0,1,22201195,2169,26,0,0
22199723,500,58,0,2,22310724,1848,56,0,0
22278271,2007,40,0,4,22256170,2166,28,0,0
22254773,1354,30,0,0,22259974,1338,47,0,0
22199614,1957,43,0,6,22292323,728,46,0,0
22310978,677,19,0,3,22260913,636,32,0,0
22266528,1655,43,0,1,22210675,460,45,0,0
22326112,879,41,0,2,22290800,1801,53,0,0
22194574,1397,38,0,0,22302408,2640,19,0,0
22240017,1267,21,0,20,22222121,983,56,0,0
22196899,1584,61,0,1,22225471,2151,80,0,0
22237928,1636,32,0,2,22323980,207,81,0,0
22282896,672,31,0,1,22225445,1821,50,0,0
22328912,345,73,0,2,22296404,2441,49,0,0
22268921,2126,48,0,2,22217191,733,25,0,0
22196410,676,28,0,0,22264475,2082,50,0,0
22291495,1391,24,0,0,22274506,745,33,0,0
22220248,2195,44,0,1,22213883,797,50,0,0
22302698,1187,36,0,1,22258470,509,70,0,0
22280119,1226,33,0,10,22213954,1629,35,0,0
22203782,641,40,0,2,22240915,1125,50,0,0
22201506,327,66,0,1,22318143,885,42,0,0
22267763,1680,51,0,3,22260189,1204,67,0,0
22322299,969,43,0,1,22237659,1626,52,0,0
22245237,1636,26,0,2,22263113,849,33,0,0
22249706,1227,35,0,2,22300057,1176,14,0,0
22272711,511,24,0,2,22263293,681,87,0,0
22218021,1812,60,0,2,22201876,1427,48,0,0
22257536,1190,60,0,5,22309433,2588,41,0,0
22197762,949,80,0,3,22237049,1988,31,0,0
22240350,1708,46,0,5,22201203,1465,47,0,0
22202514,1223,17,0,2,22216911,1047,36,0,0
22274122,469,30,0,2,22245710,1330,23,0,0
22290487,1073,58,0,0,22327530,625,56,0,0
22212016,1322,48,0,2,22270113,331,32,0,0
22290869,1517,27,0,2,22208529,831,41,0,0
22203858,508,60,0,0,22238309,628,75,0,0
22292471,1706,22,0,5,22227403,1210,34,0,0
22278434,1711,25,0,2,22203056,1812,49,0,0
22283429,1998,25,0,1,22280284,1066,47,0,0
22237768,566,45,0,1,22265800,993,64,0,0
22204801,1459,40,0,0,22250428,1923,79,0,0
22197847,1605,51,0,2,22248860,1682,50,0,0
22237423,1027,71,0,1,22211592,661,71,0,0
22242181,1370,42,0,1,22318133,220,30,0,0
22215746,582,17,0,4,22274675,774,52,0,0
22225789,687,60,0,3,22252912,1064,50,0,0
22203136,2136,44,0,0,22269707,1040,57,0,0
22233856,1164,59,0,1,22247679,999,55,0,0
22284324,1651,56,0,1,22222954,558,45,0,0
22285555,825,14,0,1,22315237,590,69,0,0
22217939,993,20,0,0,22214399,1323,35,0,0
22228756,1610,57,0,3,22193183,1788,17,0,0
22317556,1135,46,0,2,22213422,733,40,0,0
22243202,1405,58,0,0,22316044,600,31,0,0
22262833,1506,17,0,0,22225107,855,78,0,0
22215669,394,47,0,3,22241203,1606,34,0,0
22292788,1863,44,0,12,22194276,1672,65,0,0
22309832,406,66,0,3,22245579,247,31,0,0
22267832,695,29,0,4,22328900,1984,22,0,0
22221264,2140,68,0,4,22288559,842,90,0,0
22240479,1239,25,0,0,22323263,1488,57,0,0
22194107,1186,41,0,1,22238509,1066,22,0,0
22294753,2056,45,0,3,22219838,1102,37,0,0
22325872,1362,29,0,4,22310712,1454,38,0,0
22217078,1385,58,0,2,22298941,1143,38,0,0
22274681,1349,29,0,0,22258605,324,38,0,0
22324511,1602,78,0,2,22193582,1212,41,0,0
22229634,915,31,0,2,22271280,1078,36,0,0
22244770,1099,43,0,3,22309458,1874,65,0,0
22266436,2027,45,0,0,22195275,1001,32,0,0
22213084,1335,60,0,2,22243605,549,44,0,0
22221340,761,36,0,2,22282348,1015,50,0,0
22260292,792,65,0,0,22316127,394,92,0,0
22211394,843,26,0,1,22231443,1158,68,0,0
22242034,614,35,0,2,22220039,516,42,0,0
22239174,936,29,0,1,22262844,2014,42,0,0
22286237,1633,82,0,2,22225069,874,37,0,0
22244607,268,38,0,0,22330860,1710,46,0,0
22314882,1840,51,0,0,22232908,886,104,0,0
22233022,801,52,0,2,22260023,1535,32,0,0
22322163,2247,43,0,3,22238725,1064,21,0,0
22285810,806,60,0,2,22292919,719,36,0,0
22292578,364,33,0,0,22299549,1095,49,0,0
22199601,1418,30,0,3,22306369,1532,24,0,0
22225932,1906,42,0,1,22208728,903,86,0,0
22316983,1624,66,0,2,22199605,1715,42,0,0
22280382,234,76,0,1,22285425,1196,17,0,0
22209940,808,13,0,3,22260558,792,39,0,0
22223496,1776,41,0,2,22252582,1388,45,0,0
22229538,1086,70,0,0,22237648,980,36,0,0
22195324,379,40,0,6,22289784,623,111,0,0
22275183,745,90,0,2,22257364,1722,44,0,0
22243601,824,43,0,1,22316788,1325,40,0,0
22210431,1526,82,0,2,22313076,803,45,0,0
22265580,1240,40,0,5,22249194,1661,40,0,0
22287560,1685,22,0,0,22265675,983,55,0,0
22310999,1005,43,0,6,22306425,1609,58,0,0
22261989,1319,37,0,7,22254489,2345,37,0,0
22221708,625,48,0,6,22230713,1615,61,0,0
22276055,2089,59,0,3,22227623,1190,30,0,0
22275985,1336,34,0,2,22331475,926,211,0,0
22226580,1343,42,0,3,22224069,1305,27,0,0
22273166,1113,23,0,4,22216008,1452,50,0,0
22196651,950,48,0,3,22293904,910,211,0,0
22253113,976,95,0,3,22318568,1610,70,0,0
22246080,561,18,0,2,22279394,850,86,0,0
22311033,1646,35,0,2,22237362,2173,37,0,0
22280634,1472,55,0,1,22262127,686,62,0,0
22282459,808,45,0,1,22303388,653,49,0,0
22309535,944,38,0,1,22313768,2109,64,0,0
22229588,559,65,0,1,22259920,1222,86,0,0
22208882,1339,49,0,5,22221356,109,57,0,0
22307189,621,78,0,5,22202736,1487,46,0,0
22333296,929,93,0,2,22261934,1705,26,0,0
22315392,877,76,0,5,22243044,521,35,0,0
22297668,1209,49,0,1,22301607,1685,22,0,0
22223172,950,29,0,3,22268709,795,27,0,0
22276346,516,75,0,1,22228693,1046,39,0,0
22255551,1899,44,0,1,22230442,1668,58,0,0
22318382,2451,30,0,1,22263520,1082,37,0,0
22299180,786,99,0,3,22280360,2177,37,0,0
22304827,1077,62,0,0,22280902,1235,38,0,0
22308824,344,67,0,2,22246203,927,36,0,1
22296447,1031,29,0,0,22328835,1197,62,0,0
22282994,828,45,0,3,22256439,1519,60,0,0
22280209,1388,33,0,7,22232788,1650,51,0,0
22263790,400,28,0,2,22307590,204,42,0,0
22315042,355,38,0,4,22217353,1216,34,0,0
22226193,874,36,0,1,22213236,1169,31,0,0
22323262,1164,92,0,3,22221243,1820,83,0,0
22332026,610,57,0,1,22332572,720,63,0,0
22269482,540,52,0,2,22282306,166,21,0,0
22214183,991,54,0,3,22288394,426,28,0,0
22204070,559,133,0,0,22265691,1235,60,0,0
22300256,1642,49,0,2,22272230,1324,69,0,0
22307654,1257,67,0,0,22246812,224,73,0,0
22265829,788,68,0,0,22274991,740,32,0,0
22247438,1387,40,0,1,22277590,1600,68,0,0
22248245,843,54,0,2,22292910,1139,56,0,0
22302867,625,33,0,2,22299851,748,35,0,0
22337524,682,39,0,1,22335911,892,72,0,0
22253118,2156,30,0,4,22318734,1127,33,0,0
22288853,720,23,0,4,22289166,690,51,0,0
22203944,447,53,0,1,22275732,578,36,0,0
22201168,914,45,0,1,22295323,1713,26,0,0
22266184,1880,32,0,6,22315484,1543,20,0,0
22209508,1160,93,0,0,22202997,837,40,0,0
22325394,1220,75,0,5,22233196,1636,109,0,0
22294252,1490,32,0,2,22337006,856,28,0,0
22242962,1647,78,0,1,22225683,2033,40,0,0
22284228,1525,59,0,4,22214864,1354,47,0,0
22262078,911,42,0,0,22230890,574,55,0,0
22259255,1509,38,0,0,22238590,1540,25,0,0
22298748,1401,116,0,0,22260407,1219,49,0,0
22293126,667,32,0,0,22241813,893,38,0,0
22298307,427,51,0,2,22214165,1924,45,0,0
22244583,973,25,0,5,22255579,2075,37,0,0
22306324,907,18,0,2,22289000,2281,51,0,0
22231429,2251,49,0,2,22336078,822,23,0,0
22298717,2024,64,0,0,22204121,1147,53,0,0
22205966,668,41,0,5,22252794,956,58,0,0
22293602,613,52,0,3,22215223,1153,68,0,0
22239519,2126,34,0,0,22295990,1152,54,0,0
22227781,1693,35,0,0,22293963,1367,45,0,0
22292132,663,46,0,0,22254407,1120,30,0,0
22278923,2049,54,0,5,22303849,667,156,0,0
22312842,1869,61,0,2,22313511,752,26,0,0
22246862,1549,31,0,1,22329408,1952,71,0,0
22238237,2551,35,0,0,22261163,1353,44,0,0
22324582,1195,21,0,2,22262560,1319,59,0,0
22203518,996,68,0,5,22266416,1738,68,0,0
22223643,1257,50,0,0,22304054,693,67,0,0
22232062,1258,62,0,0,22237313,2153,67,0,0
22221113,1111,76,0,0,22328940,974,28,0,0
22314600,650,75,0,2,22277865,1122,36,0,0
22216984,1019,58,0,2,22207305,1989,34,0,0
22311461,256,58,0,8,22277499,833,57,0,0
22322512,357,36,0,2,22249028,989,68,0,0
22301772,710,37,0,0,22296041,2095,38,0,0
22293222,1968,23,0,1,22245644,1244,53,0,0
22227033,1617,48,0,0,22259380,2340,28,0,0
22245302,1856,43,0,1,22266422,1310,23,0,0
22275790,1620,34,0,0,22334303,2549,23,0,0
22249617,894,79,0,1,22335278,1383,46,0,0
22297648,1990,68,0,1,22248195,1666,65,0,0
22227550,1862,40,0,7,22297328,1192,42,0,0
22257403,1576,64,0,0,22340353,819,31,0,0
22233029,1374,52,0,1,22276653,778,92,0,0
22259535,899,22,0,1,22281339,679,60,0,0
22227724,1656,20,0,0,22306825,1369,78,0,0
22275536,115,21,0,1,22218078,1183,53,0,0
22212228,688,44,0,1,22230928,503,49,0,0
22273368,605,39,0,2,22330898,891,35,0,0
22212450,959,26,0,0,22208966,1196,37,0,0
22211340,655,57,0,0,22211299,982,94,0,0
22258417,742,53,0,1,22255143,1379,36,0,0
22224405,1418,51,0,0,22331458,1053,56,0,0
22301783,673,23,0,2,22331549,2522,49,0,0
22270994,2301,35,0,1,22260964,814,21,0,0
22205047,2021,24,0,3,22330400,1889,45,0,0
22269608,653,73,0,1,22304630,1793,19,0,0
22315676,902,32,0,2,22308329,631,51,0,0
22256631,907,42,0,1,22245481,712,44,0,0
22328259,1535,51,0,1,22221733,922,38,0,0
22251355,1415,38,0,0,22290233,1343,40,0,0
22282071,631,61,0,3,22210683,475,60,0,0
22226168,1756,37,0,4,22250375,2147,76,0,0
22332032,1689,68,0,0,22227263,1420,27,0,0
22250535,404,32,0,0,22341639,354,45,0,0
22213088,563,29,0,0,22252945,1502,42,0,0
22301837,677,100,0,4,22215411,336,50,0,0
22286122,1020,33,0,3,22293773,579,47,0,0
22231702,892,33,0,10,22220436,826,83,0,0
22255962,1046,32,0,4,22336776,1066,81,0,0
22244975,988,62,0,5,22326711,2398,40,0,0
22299246,1729,28,0,2,22277102,1228,31,0,0
22314436,978,65,0,1,22220478,1176,27,0,0
22228855,607,48,0,0,22229882,1009,49,0,0
22237976,2160,235,0,1,22304510,893,56,0,0
22329721,1753,42,0,0,22253073,1202,35,0,0
22209169,539,47,0,0,22221153,675,31,0,0
22295749,1017,43,0,3,22237039,403,51,0,0
22243632,556,37,0,3,22283575,2469,65,0,0
22234995,397,44,0,3,22246609,1133,28,0,0
22327630,695,37,0,3,22221429,148,117,0,0
22299585,747,31,0,10,22259790,1318,56,0,0
22329735,922,77,0,2,22322484,321,74,0,0
22256412,594,54,0,3,22248052,2454,24,0,0
22223826,1484,22,0,1,22214550,1808,118,0,0
22253176,1374,44,0,2,22302584,1242,51,0,0
22307522,1267,41,0,6,22211823,1679,44,0,0
22258624,1263,77,0,1,22259954,905,51,0,0
22280628,1812,43,0,1,22265968,833,47,0,0
22264581,1996,75,0,19,22245276,1725,30,0,0
22241055,141,38,0,2,22282415,943,70,0,0
22282848,1286,60,0,0,22216957,705,57,0,0
22239615,1324,26,0,4,22237488,445,83,0,0
22305533,1772,44,0,6,22238229,1252,37,0,0
22316680,951,42,0,5,22252805,865,15,0,0
22300139,675,62,0,5,22249293,1380,21,0,0
22215700,614,21,0,1,22335433,1413,64,0,0
22313253,968,46,0,2,22253437,839,29,0,0
22285294,1614,40,0,6,22229262,540,31,0,0
22325673,1136,48,0,2,22327087,233,43,0,0
22324766,1687,46,0,3,22279072,842,70,0,0
22331548,1412,26,0,2,22229095,819,39,0,0
22206851,2028,21,0,1,22268844,1214,33,0,0
22225691,912,30,0,2,22247577,1542,45,0,0
22327274,699,60,0,1,22240258,1651,38,0,0
22229288,2126,22,0,0,22215114,2093,58,0,0
22331649,1942,33,0,3,22316722,1391,50,0,0
22240556,980,57,0,1,22271663,2475,33,0,0
22257590,242,40,0,0,22238537,875,56,0,0
22317966,904,89,0,1,22214241,306,61,0,0
22274990,1106,73,0,1,22309127,1019,17,0,0
22287872,2010,30,0,2,22223217,693,54,0,0
22344659,925,35,0,0,22227765,714,32,0,0
22259518,1251,35,0,1,22278112,2064,22,0,0
22213435,1428,40,0,1,22272980,656,42,0,0
22226305,938,57,0,1,22279069,599,41,0,0
22328149,1175,29,0,1,22236887,1139,38,0,0
22265767,1712,77,0,1,22222468,904,34,0,0
22290558,941,77,0,0,22330534,1012,27,0,0
22225601,776,40,0,1,22266862,943,62,0,0
22243322,1195,38,0,3,22315661,1610,28,0,0
22258134,921,69,0,0,22300281,610,44,0,0
22291651,1615,64,0,0,22248385,784,29,0,0
22279669,1412,54,0,1,22280304,796,27,0,0
22306603,458,99,0,3,22269084,2593,46,0,0
22208318,1835,53,0,0,22230189,1367,53,0,0
22231046,1019,50,0,2,22239071,935,60,0,0
22265471,1695,79,0,1,22344957,826,41,0,0
22286711,732,87,0,0,22227390,1265,60,0,0
22310904,985,60,0,2,22232968,847,24,0,0
22296800,1343,29,0,2,22219391,791,51,0,0
22241529,570,37,0,3,22295841,726,48,0,0
22214902,2114,23,0,3,22293560,585,55,0,0
22235392,1382,21,0,4,22239569,1715,23,0,0
22317491,2571,50,0,9,22273554,2181,39,0,0
22269880,1822,44,0,1,22207600,1324,84,0,0
22322189,576,61,0,3,22309444,1838,22,0,0
22337711,2350,25,0,0,22276637,1908,31,0,0
22282992,1965,29,0,1,22252069,590,25,0,0
22333006,974,67,0,5,22291398,985,27,0,0
22207944,596,73,0,0,22280492,961,87,0,0
22281331,1179,65,0,6,22332544,1063,71,0,0
22332241,897,20,0,11,22256549,326,49,0,0
22232410,1446,45,0,1,22264674,894,44,0,0
22234759,1180,50,0,3,22274268,446,34,0,0
22330912,2309,51,0,4,22264299,1346,63,0,0
22297798,1699,27,0,0,22262310,1396,42,0,0
22306657,2073,60,0,4,22237682,1937,30,0,0
22281087,740,47,0,2,22259263,1105,44,0,0
22339484,1684,34,0,0,22315588,1943,65,0,0
22215733,1779,68,0,0,22317321,957,35,0,0
22311863,2645,42,0,1,22263182,1528,28,0,0
22291391,1753,47,0,2,22300900,946,20,0,0
22344086,1297,44,0,1,22281229,2259,60,0,0
22259742,1669,23,0,1,22308966,1015,71,0,0
22296845,1028,56,0,0,22330408,1122,27,0,0
22323623,1028,51,0,4,22244225,784,88,0,0
22271256,1674,39,0,0,22334249,1133,40,0,0
22264966,483,103,0,4,22325652,879,27,0,0
22210846,166,76,0,1,22285960,1518,75,0,0
22332166,926,53,0,6,22302709,604,42,0,0
22222106,1677,33,0,1,22251207,1158,42,0,0
22226797,217,41,0,1,22214857,828,107,0,0
22284290,304,34,0,6,22295271,1517,86,0,0
22281826,1206,44,0,5,22311543,1524,36,0,0
22267210,2277,110,0,6,22290472,1020,19,0,0
22210291,2189,44,0,2,22226348,986,46,0,0
22251548,1131,31,0,3,22245639,2022,41,0,0
22325907,250,142,0,2,22327173,780,47,0,0
22322973,2379,31,0,0,22314822,1830,79,0,0
22250080,818,127,0,0,22250163,1374,57,0,0
22270610,1703,29,0,3,22319636,1726,72,0,0
22283933,1643,36,0,3,22324632,1560,43,0,0
22254285,1401,25,0,1,22297140,571,60,0,0
22340518,2043,18,0,3,22321133,2332,67,0,0
22340337,1113,81,0,0,22303213,732,27,0,0
22275104,649,43,0,1,22239896,1539,31,0,0
22293192,772,38,0,1,22305699,973,37,0,0
22223346,1715,59,0,2,22336137,1602,42,0,0
22252151,210,25,0,4,22248715,837,49,0,0
22242613,245,48,0,1,22219197,1635,28,0,0
22236574,1509,40,0,2,22254672,205,23,0,0
22285777,921,93,0,2,22323523,423,47,0,0
22252575,1109,41,0,1,22306856,439,32,0,0
22242272,1041,30,0,1,22294085,2091,42,0,0
22283071,741,43,0,0,22281321,648,118,0,0
22302557,1187,42,0,1,22258558,1998,17,0,0
22271033,1635,26,0,11,22285344,122,54,0,0
22246645,676,61,0,1,22319212,2323,46,0,0
22306633,1294,55,0,0,22344392,1129,59,0,0
22319237,655,60,0,1,22331679,858,45,0,0
22238386,631,58,0,4,22224586,1791,60,0,0
22258952,2152,52,0,0,22231746,1559,61,0,0
22281742,1785,30,0,3,22308486,911,59,0,0
22232717,1756,25,0,0,22226796,101,65,0,0
22328018,1140,64,0,3,22257378,1679,49,0,0
22212825,590,60,0,2,22220487,652,25,0,0
22299069,2021,43,0,3,22272453,1786,56,0,0
22309102,1279,40,0,2,22233687,1676,27,0,0
22310633,1255,48,0,1,22320134,688,72,0,0
22266951,1812,70,0,0,22325946,1235,25,0,0
22252701,747,230,0,4,22276579,1080,87,0,0
22298636,1695,32,0,1,22233370,133,84,0,0
22331171,1173,65,0,1,22278314,707,41,0,0
22261228,1768,22,0,0,22275566,500,56,0,0
22286896,2105,39,0,0,22275530,1732,40,0,0
22256692,1278,51,0,3,22223607,840,45,0,0
22297241,2145,29,0,0,22303865,2181,24,0,0
22331746,864,48,0,2,22297409,1008,24,0,0
22350211,630,107,0,2,22341075,1190,66,0,0
22243356,2432,41,0,5,22309072,566,49,0,0
22237432,1077,43,0,9,22344225,965,12,0,0
22332828,2249,33,0,10,22293187,2060,47,0,0
22325911,750,30,0,1,22291060,1973,28,0,0
22238491,2177,76,0,1,22308398,588,79,0,0
22333659,999,32,0,2,22340833,1446,33,0,0
22273282,1060,55,0,2,22343744,636,48,0,0
22255989,1811,40,0,1,22322617,1517,36,0,0
22300977,1176,15,0,2,22221945,625,113,0,0
22243389,1940,42,0,1,22271273,402,48,0,0
22234810,984,45,0,0,22330606,831,41,0,0
22325404,666,98,0,0,22313633,1210,17,0,0
22288668,1946,41,0,2,22304436,1106,36,0,0
22245808,1234,71,0,0,22253863,1033,61,0,0
22269798,547,65,0,3,22246280,777,49,0,0
22316985,1552,26,0,0,22286273,827,46,0,0
22265548,967,69,0,9,22314590,1925,66,0,0
22247805,992,64,0,0,22297268,2099,21,0,0
22295978,604,22,0,2,22329202,751,25,0,0
22260350,1169,19,0,1,22327016,1527,87,0,0
22239033,1840,63,0,3,22223795,153,105,0,0
22330213,2124,47,0,1,22287907,1052,26,0,0
22219070,1377,40,0,1,22336273,1135,61,0,0
22323174,827,46,0,1,22333930,743,36,0,0
22276926,1658,54,0,0,22336059,704,23,0,0
22345732,1510,66,0,1,22239197,1944,22,0,0
22296560,727,101,0,1,22291035,683,20,0,0
22275382,2260,61,0,1,22313250,1807,68,0,0
22257107,1403,17,0,4,22294410,1347,68,0,0
22227344,1858,72,0,1,22261896,221,65,0,0
22333653,2553,13,0,2,22273528,608,52,0,0
22234127,343,23,0,1,22269785,897,119,0,0
22268234,2220,37,0,1,22338884,1491,71,0,0
22289130,1668,21,0,3,22304502,1003,38,0,0
22283469,1682,45,0,2,22254960,1612,53,0,0
22293705,2326,82,0,1,22239918,1200,19,0,0
22243974,1315,24,0,8,22249289,642,96,0,0
22325588,518,78,0,3,22254682,1189,48,0,0
22347038,256,64,0,0,22239279,970,31,0,0
22251787,1371,46,0,7,22254350,2439,56,0,0
22311523,758,95,0,2,22218514,694,25,0,0
22283828,1235,50,0,3,22251319,1339,53,0,0
22325899,738,48,0,5,22304299,1551,72,0,0
22317851,624,44,0,1,22336855,1319,70,0,0
22281956,1121,40,0,11,22255301,583,20,0,0
22219242,1208,29,0,0,22251976,1480,27,0,0
22326873,2078,20,0,2,22342412,864,50,0,0
22305399,808,49,0,1,22328539,1004,78,0,0
22334590,1863,68,0,1,22220025,606,71,0,0
22307838,1491,49,0,2,22281350,764,25,0,0
22262393,855,50,0,0,22269869,1012,50,0,0
22350445,926,44,0,3,22296715,2106,48,0,0
22334204,1138,24,0,2,22295171,1093,39,0,0
22277064,858,62,0,2,22304594,1034,39,0,0
22231971,811,57,0,4,22230534,877,48,0,0
22273710,1899,39,0,1,22345887,1898,71,0,0
22330591,643,47,0,6,22323748,338,48,0,0
22233796,924,42,0,0,22216966,595,40,0,0
22231938,1903,46,0,3,22271029,808,64,0,0
22313745,1387,52,0,1,22322842,819,49,0,0
22302402,1103,59,0,2,22304612,2353,42,0,0
22331437,1910,37,0,7,22278003,997,33,0,0
22269216,1991,38,0,2,22243300,2155,14,0,0
22270952,1914,23,0,3,22239716,604,57,0,0
22245638,1633,24,0,2,22327901,1030,90,0,0
22232019,613,66,0,0,22354855,1352,50,0,0
22250284,1845,57,0,11,22292601,1512,39,0,0
22238913,1699,59,0,2,22311929,1399,45,0,0
22309065,654,62,0,1,22355079,683,34,0,0
22251365,522,65,0,5,22222769,1350,37,0,0
22273326,1294,100,0,1,22264787,1444,57,0,0
22297080,699,25,0,0,22274221,1264,87,0,0
22355082,993,58,0,2,22282570,1718,17,0,0
22262663,1823,23,0,0,22299490,1052,29,0,0
22271317,699,61,0,7,22323030,703,58,0,0
22349653,1561,42,0,0,22225704,1568,73,0,0
22330611,743,55,0,3,22219824,1018,52,0,0
22305977,955,42,0,3,22221394,1056,38,0,0
22312495,277,28,0,0,22247826,2122,19,0,0
22220780,324,331,0,8,22294479,860,31,0,0
22313927,726,85,0,4,22330578,1003,49,0,0
22233491,714,72,0,1,22337516,1859,134,0,0
22248794,909,120,0,2,22265810,611,50,0,0
22273273,1296,21,0,1,22272190,1847,51,0,0
22266616,468,25,0,8,22308562,1225,50,0,0
22250227,379,52,0,2,22306462,1646,30,0,0
22227649,1395,40,0,4,22303043,780,26,0,0
22273366,1735,62,0,2,22252636,1952,22,0,0
22351564,532,75,0,6,22245359,169,27,0,0
22238699,1091,42,0,7,22305811,1313,44,0,0
22286506,584,18,0,7,22347099,955,54,0,0
22275225,2067,33,0,6,22232842,1420,36,0,0
22335067,1971,30,0,1,22247359,1298,83,0,0
22313038,1755,16,0,1,22312749,1168,35,0,0
22265863,235,44,0,3,22248953,1075,18,0,0
22224675,444,28,0,1,22254595,1855,33,0,0
22318135,810,47,0,15,22300970,1469,57,0,0
22239292,498,39,0,11,22295787,1071,38,0,0
22296704,1351,37,0,2,22303704,1722,38,0,0
22273397,378,58,0,0,22251701,1273,61,0,0
22355682,758,45,0,2,22250499,880,51,0,0
22321480,757,63,0,1,22221263,1388,38,0,0
22305287,1974,30,0,0,22256347,832,82,0,0
22296202,1828,33,0,1,22293331,720,73,0,0
22322289,645,69,0,3,22315359,924,20,0,0
22293212,968,66,0,0,22284840,2174,47,0,0
22228330,1168,44,0,7,22273574,1120,41,0,0
22263959,2001,32,0,0,22338049,1101,26,0,0
22257982,114,97,0,4,22347045,1193,41,0,0
22307526,875,53,0,1,22267139,1364,57,0,0
22250352,1211,97,0,5,22239144,1164,48,0,0
22328407,2579,25,0,2,22276789,594,35,0,0
22305348,951,36,0,2,22337399,877,62,0,0
22357164,1721,52,0,1,22297957,1115,66,0,0
22305244,2041,32,0,0,22293759,1228,39,0,0
22264922,1507,35,0,1,22288426,808,14,0,0
22312312,428,26,0,5,22223970,289,60,0,0
22307894,674,69,0,2,22305627,1064,31,0,0
22236687,1840,33,0,5,22290602,1950,33,0,0
22329243,409,53,0,0,22255828,954,24,0,0
22344389,1393,37,0,2,22267680,962,81,0,0
22266178,1684,29,0,6,22293831,1750,56,0,0
22299401,967,35,0,2,22309308,1674,37,0,0
22321606,1759,33,0,4,22299332,816,26,0,0
22281061,1612,51,0,3,22347481,1493,37,0,0
22305235,1690,98,0,0,22305499,1092,45,0,0
22241647,1648,37,0,1,22264868,1758,57,0,0
22225797,1279,47,0,1,22338282,701,22,0,0
22344648,1884,43,0,1,22307364,881,26,0,0
22310473,677,44,0,1,22357336,1982,34,0,0
22337820,594,28,0,1,22296066,905,31,0,0
22287202,1451,65,0,2,22354314,1648,72,0,0
22259009,1432,20,0,0,22260107,2250,35,0,0
22352946,704,52,0,4,22253489,823,24,0,0
22308015,1296,42,0,1,22317797,1772,33,0,0
22243785,590,35,0,2,22261607,668,23,0,0
22293332,2009,28,0,0,22287553,1485,78,0,0
22330595,627,59,0,5,22351560,627,52,0,0
22309443,1724,55,0,0,22309118,2343,53,0,0
22296665,1602,43,0,4,22307570,1467,32,0,0
22311218,1860,27,0,1,22304503,888,37,0,0
22326745,1010,71,0,1,22338289,894,23,0,0
22326797,620,65,0,3,22314604,1309,63,0,0
22344206,1013,27,0,1,22266147,1465,48,0,0
22263322,1391,22,0,2,22267482,1672,25,0,0
22273497,479,60,0,2,22241973,940,36,0,0
22325887,435,38,0,1,22239982,127,48,0,0
22307351,686,47,0,1,22305673,357,43,0,0
22246185,833,68,0,2,22287120,1348,82,0,0
22356663,578,39,0,0,22246904,2036,46,0,0
22345917,351,26,0,1,22253948,1499,62,0,0
22286220,1167,64,0,0,22269380,1059,34,0,0
22282849,637,14,0,4,22247015,1736,56,0,0
22358552,730,25,0,2,22281786,625,39,0,0
22346687,788,31,0,4,22286815,1538,40,0,0
22330829,2045,49,0,0,22357206,920,23,0,0
22265406,540,57,0,6,22272213,1978,96,0,0
22233615,1806,15,0,1,22326770,1294,21,0,0
22276991,630,70,0,6,22313958,783,80,0,0
22316721,1754,45,0,1,22264701,657,33,0,0
22301708,920,30,0,1,22345039,1304,37,0,0
22282357,1004,38,0,0,22359971,1272,60,0,0
22267143,1691,48,0,2,22288443,319,36,0,0
22226518,1626,24,0,8,22274471,1669,30,0,0
22314838,1088,32,0,0,22245081,1196,51,0,0
22245238,970,38,0,4,22290059,791,26,0,0
22356705,985,81,0,2,22253826,830,36,0,0
22360854,362,47,0,1,22336300,2579,40,0,0
22269213,998,34,0,11,22306151,1619,24,0,0
22304032,815,20,0,2,22335717,1173,81,0,0
22254696,1082,57,0,1,22244832,1144,46,0,0
22255373,1365,27,0,0,22247407,1910,78,0,0
22263705,852,75,0,4,22340918,1513,58,0,0
22331343,755,68,0,0,22314684,978,52,0,0
22337498,1278,36,0,3,22341298,111,75,0,0
22289589,924,59,0,0,22348595,1144,60,0,0
22277704,1064,57,0,1,22358191,2137,67,0,0
22325599,2294,22,0,1,22346499,203,20,0,0
22273989,1330,30,0,0,22260448,1147,35,0,0
22255501,374,38,0,1,22257005,615,52,0,0
22289204,935,34,0,0,22310790,1143,63,0,0
22279123,1446,16,0,0,22254911,1235,35,0,0
22283217,758,66,0,1,22236099,151,51,0,0
22323926,1834,38,0,2,22347805,866,24,0,0
22304018,1150,38,0,0,22267823,1666,29,0,0
22343689,1279,57,0,1,22226303,1004,21,0,0
22247145,1651,177,0,4,22277672,1197,28,0,0
22324282,1777,36,0,0,22277651,817,31,0,0
22257262,1142,21,0,5,22357014,1112,66,0,0
22309950,659,74,0,4,22271220,1637,53,0,0
22314533,1081,36,0,1,22346153,1170,57,0,0
22322610,2117,21,0,1,22333392,553,43,0,0
22261172,1262,28,0,4,22305551,1262,52,0,0
22260766,816,29,0,3,22255636,1414,39,0,0
22339364,861,47,0,1,22329864,796,54,0,0
22248404,815,101,0,5,22237250,1522,38,0,0
22359494,1508,47,0,3,22225246,1427,33,0,0
22260183,1626,36,0,1,22274429,1396,44,0,0
22332736,1568,49,0,0,22338403,1962,63,0,0
22290399,1031,56,0,1,22292628,1276,36,0,0
22322652,2081,39,0,1,22312516,621,29,0,0
22276893,1069,15,0,1,22322287,631,33,0,0
22328817,1066,31,0,3,22234228,1180,28,0,0
22232340,1292,76,0,1,22227717,1740,41,0,0
22231501,1193,41,0,2,22263498,1607,29,0,0
22339780,1695,24,0,0,22257885,2538,36,0,0
22228487,743,37,0,1,22225634,358,196,0,0
22353989,1170,55,0,0,22306240,1408,89,0,0
22287317,242,23,0,0,22337356,915,77,0,0
22235186,1969,34,0,2,22309452,1491,36,0,0
22329006,1474,50,0,2,22254907,645,37,0,0
22321256,1176,37,0,3,22334390,1410,24,0,0
22278335,1233,26,0,1,22240966,1303,36,0,0
22339393,1295,33,0,4,22288254,940,27,0,0
22258103,1791,24,0,7,22318936,1550,24,0,0
22236135,1382,27,0,2,22360132,1423,18,0,0
22314244,939,35,0,0,22246492,2307,39,0,0
22282901,1379,54,0,1,22299765,2141,30,0,0
22356174,1204,84,0,1,22343102,1695,56,0,0
22283045,1051,28,0,3,22313174,1798,21,0,0
22360883,522,60,0,0,22235361,1154,56,0,0
22235084,2097,56,0,2,22307010,816,31,0,0
22324420,1514,26,0,3,22300866,1450,31,0,0
22255759,805,18,0,1,22345258,927,29,0,0
22299254,432,33,0,4,22246010,562,89,0,0
22327245,1665,24,0,0,22252782,2428,54,0,0
22330512,153,26,0,1,22344890,2381,47,0,0
22278211,1619,86,0,4,22243979,1094,19,0,0
22315643,847,33,0,0,22347186,1256,45,0,0
22251454,1206,84,0,1,22282343,1427,44,0,0
22269066,1324,47,0,5,22263277,1801,26,0,0
22358525,1542,68,0,1,22248157,837,51,0,0
22301345,1183,47,0,2,22324193,2054,47,0,0
22355648,630,56,0,1,22318705,1013,27,0,0
22307555,1081,22,0,1,22264023,682,31,0,0
22312428,515,56,0,0,22297371,645,26,0,0
22231110,1492,21,0,3,22303275,946,127,0,0
22316203,1434,27,0,1,22279188,1623,35,0,0
22246689,1000,36,0,0,22356461,693,98,0,0
22350860,1153,41,0,1,22248993,1353,62,0,0
22329766,1121,54,0,3,22248503,709,81,0,0
22365573,1283,68,0,1,22233831,826,30,0,0
22277379,945,43,0,2,22307825,1778,39,0,0
22359317,1344,39,0,0,22265015,2179,57,0,0
22270215,1220,31,0,0,22326796,1382,79,0,0
22296618,1444,30,0,4,22276930,980,78,0,0
22307424,214,81,0,3,22325417,2355,21,0,0
22271628,1560,43,0,1,22339035,2684,41,0,0
22279482,1116,50,0,5,22363745,781,46,0,0
22230701,801,41,0,5,22249324,1215,67,0,0
22261298,823,115,0,3,22275359,1914,50,0,0
22295456,778,48,0,3,22318069,216,30,0,0
22332168,1707,35,0,4,22322789,1974,30,0,0
22347086,359,27,0,0,22329315,1293,55,0,0
22232855,2138,101,0,1,22354127,2264,32,0,0
22241987,968,70,0,3,22302235,636,50,0,0
22246527,854,66,0,0,22302321,1729,58,0,0
22229919,919,41,0,2,22320724,645,22,0,0
22344221,1387,65,0,5,22331068,1045,40,0,0
22347989,1251,27,0,0,22329535,417,63,0,0
22254888,1195,29,0,1,22343007,1158,87,0,0
22319176,2188,42,0,2,22345811,1147,29,0,0
22287498,550,42,0,4,22355320,992,94,0,0
22256754,435,45,0,3,22301995,2148,46,0,0
22272165,1101,28,0,1,22285772,1189,44,0,0
22340962,1146,38,0,2,22331252,371,94,0,0
22237772,708,25,0,1,22242496,1070,67,0,0
22244564,625,53,0,1,22307606,932,144,0,0
22292195,1585,25,0,0,22329216,740,73,0,0
22235604,818,60,0,0,22265142,907,59,0,0
22367168,373,28,0,5,22338722,868,84,0,0
22286123,1056,47,0,1,22276367,999,50,0,0
22304906,973,29,0,8,22304327,650,34,0,0
22308496,1046,17,0,2,22340583,1353,26,0,0
22338389,1443,29,0,8,22279400,1481,48,0,0
22237585,1992,67,0,1,22282383,165,48,0,0
22354462,1299,62,0,1,22348536,1857,60,0,0
22247059,493,81,0,2,22277081,1854,48,0,0
22303000,1625,39,0,7,22291915,1018,18,0,0
22318019,968,61,0,3,22310384,1119,57,0,0
22267624,986,31,0,0,22326992,1079,77,0,0
22253819,1161,30,0,1,22351588,612,38,0,0
22315512,1659,115,0,2,22234397,1694,32,0,0
22271594,1669,49,0,7,22238712,2133,25,0,0
22340551,1468,60,0,2,22260571,1331,17,0,0
22246544,1191,36,0,1,22255918,2115,62,0,0
22321921,347,71,0,1,22304927,1744,41,0,0
22365095,867,48,0,0,22331733,1654,38,0,0
22274617,588,64,0,0,22312033,1527,29,0,0
22271005,1513,39,0,4,22326555,1562,30,0,0
22245322,1313,39,0,0,22324241,1931,31,0,0
22362385,1040,24,0,1,22328534,961,98,0,0
22279443,1673,43,0,4,22346783,857,34,0,0
22250239,1399,25,0,5,22242844,2255,98,0,0
22248061,144,375,0,0,22353156,1670,112,0,0
22346819,827,59,0,2,22316426,1057,43,0,0
22310961,664,43,0,0,22352360,2449,24,0,0
22343900,802,79,0,3,22269431,206,156,0,0
22361186,642,44,0,1,22333474,1906,38,0,0
22287516,1837,47,0,0,22365193,905,28,0,0
22291133,2244,158,0,2,22349421,690,44,0,0
22355399,2306,39,0,2,22260121,1206,24,0,0
22341922,1325,54,0,0,22339971,1119,27,0,0
22263845,1230,58,0,1,22316562,1121,34,0,0
22272144,1214,71,0,2,22284834,1270,26,0,0
22253421,1218,66,0,1,22274318,1097,19,0,0
22268820,2544,42,0,3,22285444,2454,68,0,0
22251998,1722,45,0,2,22315696,1584,73,0,0
22367127,370,87,0,1,22259249,1067,50,0,0
22334276,305,61,0,3,22333694,1362,81,0,0
22346081,1392,63,0,2,22236323,852,52,0,0
22320775,1052,44,0,2,22333156,852,46,0,0
22332513,2116,39,0,2,22347114,2309,72,0,0
22313879,928,78,0,3,22323866,1627,38,0,0
22271370,1133,33,0,0,22293309,2541,19,0,0
22337962,1043,58,0,3,22262191,1651,82,0,0
22362625,2096,28,0,4,22274329,1037,67,0,0
22350464,1264,61,0,0,22339947,1793,26,0,0
22309301,920,29,0,2,22305532,2547,15,0,0
22247155,2070,44,0,2,22241243,706,20,0,0
22252113,916,15,0,8,22341176,2160,18,0,0
22366938,862,16,0,3,22315704,321,39,0,0
22269810,1457,27,0,4,22268313,1056,41,0,0
22275204,879,221,0,5,22294367,1440,26,0,0
22258185,1368,27,0,7,22261084,678,53,0,0
22357420,1017,29,0,1,22324294,952,75,0,0
22295895,612,194,0,0,22330550,1833,20,0,0
22298053,1201,29,0,0,22301285,1795,51,0,0
22325749,1356,33,0,0,22322067,1261,44,0,0
22257743,359,38,0,6,22313290,2492,45,0,0
22295862,1812,23,0,0,22316238,1322,28,0,0
22278286,866,42,0,3,22271681,1130,61,0,0
22340331,1465,113,0,4,22289611,2106,38,0,0
22239371,621,37,0,3,22328376,1316,41,0,0
22268556,920,52,0,7,22338745,990,27,0,0
22290192,1191,51,0,4,22269366,497,61,0,0
22348243,617,64,0,2,22296586,1193,85,0,0
22244238,2176,29,0,1,22298326,800,39,0,0
22334348,898,58,0,3,22338368,344,78,0,0
22290364,1785,22,0,1,22353734,741,35,0,0
22332918,541,25,0,4,22252264,947,34,0,0
22289115,2344,55,0,3,22316028,849,27,0,0
22302475,977,90,0,0,22263548,496,65,0,0
22328944,2198,49,0,2,22256949,1387,66,0,0
22256084,1625,72,0,0,22268373,961,35,0,0
22330180,1192,56,0,0,22295753,1494,49,0,0
22360341,1102,26,0,6,22351354,1412,57,0,0
22370735,1322,49,0,2,22335822,368,22,0,0
22356210,2139,42,0,2,22364211,1114,98,0,0
22248787,928,68,0,3,22332756,1873,74,0,0
22312896,1113,51,0,4,22367499,1474,39,0,0
22245280,1306,28,0,0,22323239,1652,33,0,0
22276399,1459,44,0,3,22335872,1327,53,0,0
22323177,885,26,0,7,22248951,1242,38,0,0
22292483,1265,53,0,1,22286432,733,28,0,0
22311405,1255,41,0,5,22279226,642,53,0,0
22352550,828,28,0,0,22294720,783,21,0,0
22324220,1899,24,0,0,22358112,1899,67,0,0
22240806,1128,60,0,4,22298423,909,18,0,0
22337468,828,22,0,5,22370072,649,20,0,0
22287895,1210,31,0,0,22248181,789,84,0,0
22334455,1741,62,0,1,22334142,768,61,0,0
22302345,1524,27,0,6,22273953,1336,22,0,0
22352991,1613,55,0,3,22324892,1304,38,0,0
22306431,1323,52,0,2,22323046,404,20,0,0
22305502,2140,26,0,5,22264364,1746,17,0,0
22280703,900,50,0,3,22268242,1438,29,0,0
22278567,1620,240,0,5,22281119,2272,38,0,0
22263413,769,31,0,1,22358301,1024,50,0,0
22311163,541,50,0,0,22368066,2234,30,0,0
22260704,1557,20,0,4,22247164,1328,174,0,0
22286926,1540,80,0,3,22342106,2131,28,0,0
22250701,1673,52,0,1,22253648,925,23,0,0
22292330,2085,69,0,0,22271235,313,23,0,0
22274251,1219,37,0,1,22297291,1372,44,0,0
22330921,595,65,0,2,22308546,507,73,0,0
22244684,1024,20,0,0,22255868,980,36,0,0
22353735,823,41,0,3,22284018,1438,64,0,0
22300309,1466,76,0,0,22288281,978,25,0,0
22327542,2016,65,0,1,22359522,1433,43,0,0
22241069,1079,61,0,0,22343924,701,47,0,0
22272061,792,70,0,0,22350630,409,33,0,0
22319757,1718,22,0,0,22244757,1016,39,0,0
22338020,1640,54,0,5,22286285,1673,45,0,0
22262634,1209,32,0,5,22357155,822,33,0,0
22283623,1251,33,0,7,22298435,421,52,0,0
22242176,406,18,0,0,22342539,636,44,0,0
22270703,151,21,0,2,22347623,1737,21,0,0
22349723,1585,44,0,1,22279330,1680,44,0,0
22330476,1798,56,0,2,22334502,714,38,0,0
22274841,1467,23,0,8,22293279,1674,64,0,0
22339846,1502,58,0,0,22257030,2390,25,0,0
22250905,1953,43,0,2,22361209,2383,41,0,0
22291568,1968,29,0,5,22242029,966,80,0,0
22247371,219,27,0,1,22301227,796,96,0,0
22300683,719,38,0,2,22265770,2511,33,0,0
22270415,1210,46,0,3,22324104,1034,33,0,0
22331754,1214,61,0,2,22256254,885,20,0,0
22340398,611,24,0,6,22305266,2160,26,0,0
22356780,1985,70,0,2,22337554,1188,47,0,0
22262598,1180,28,0,6,22261831,620,24,0,0
22292482,1095,17,0,0,22353577,1147,40,0,0
22271817,1971,46,0,3,22302397,810,24,0,0
22270085,1770,17,0,3,22246406,174,96,0,0
22366106,1049,32,0,5,22337894,687,37,0,0
22245835,1772,44,0,0,22335570,1716,38,0,0
22269521,775,14,0,0,22302971,106,125,0,0
22294253,2197,58,0,3,22273312,957,19,0,1
22243475,1107,39,0,0,22250704,1677,65,0,0
22341534,1086,51,0,1,22315673,1262,31,0,0
22334071,1129,33,0,1,22284203,1194,56,0,0
22242715,2033,41,0,1,22290166,1601,60,0,0
22260062,1482,49,0,1,22359587,632,26,0,0
22264470,833,40,0,3,22284633,967,53,0,0
22374453,1207,27,0,0,22251967,1625,24,0,0
22247228,1652,51,0,0,22241409,220,81,0,0
22253195,644,26,0,2,22309565,692,55,0,0
22247520,987,39,0,1,22273929,1402,31,0,0
22261547,949,27,0,7,22303777,856,18,0,0
22263396,665,65,0,1,22310449,1880,33,0,0
22296034,575,63,0,3,22362954,735,16,0,0
22250546,308,49,0,5,22245899,561,26,0,0
22345610,1862,69,0,3,22279693,1570,52,0,0
22349924,1182,53,0,1,22246180,801,32,0,0
22366784,931,97,0,1,22348299,1111,11,0,0
22346726,1104,42,0,1,22305256,1133,41,0,0
22351384,1863,44,0,0,22279427,1457,30,0,0
22283565,1372,46,0,13,22329885,1324,39,0,0
22355337,1952,29,0,2,22273167,430,41,0,0
22288564,1695,42,0,1,22319475,1751,30,0,0
22331596,1228,34,0,5,22341153,868,76,0,0
22337609,2215,37,0,1,22371027,1235,22,0,0
22258517,925,33,0,6,22256144,1604,48,0,0
22259459,886,46,0,1,22252464,535,66,0,0
22298038,1319,46,0,1,22355260,1379,37,0,0
22343325,690,40,0,4,22275424,753,163,0,0
22262372,2052,76,0,3,22314195,615,22,0,0
22281223,2183,28,0,0,22283629,1007,46,0,0
22297568,1096,48,0,2,22329199,1737,48,0,0
22352864,899,73,0,7,22309839,1329,90,0,0
22377728,911,46,0,4,22327460,1121,45,0,0
22244453,2311,45,0,2,22244178,961,36,0,0
22321103,658,293,0,3,22319887,1277,40,0,0
22306927,1230,63,0,2,22249825,2512,33,0,0
22285275,1036,34,0,0,22360243,1074,203,0,0
22308978,1137,47,0,5,22353719,1178,62,0,0
22297030,2288,61,0,0,22353003,804,55,0,0
22308661,956,22,0,3,22296161,1657,63,0,0
22371584,1852,39,0,1,22266925,1536,55,0,0
22262734,577,92,0,0,22307219,1313,35,0,0
22279191,2141,67,0,1,22303693,712,45,0,0
22301455,1239,69,0,2,22313874,1167,33,0,0
22297465,1618,89,0,1,22302713,1843,28,0,0
22243609,993,50,0,1,22243301,1811,49,0,0
22246451,1057,38,0,1,22319565,340,51,0,0
22365311,2303,58,0,0,22273505,1207,177,0,0
22248950,1600,62,0,1,22286301,290,33,0,0
22268900,1678,39,0,3,22339500,783,58,0,0
22252845,1350,51,0,1,22251128,699,33,0,0
22332548,817,46,0,7,22358546,329,21,0,0
22245774,375,36,0,1,22354696,841,48,0,0
22284988,1139,67,0,1,22378583,1178,39,0,0
22322640,1509,56,0,2,22354648,1080,32,0,0
22285464,1134,83,0,0,22278748,1071,37,0,0
22347017,610,45,0,4,22307794,1069,81,0,0
22352683,2595,62,0,1,22357649,1536,25,0,0
22374130,873,71,0,0,22364151,782,40,0,0
22352001,1966,36,0,3,22292178,1709,90,0,0
22313977,1126,29,0,1,22257381,1290,48,0,0
22267101,1602,26,0,0,22338103,1033,27,0,0
22348355,616,31,0,10,22299732,2129,73,0,0
22307400,1520,56,0,3,22355319,1153,38,0,0
22376835,301,90,0,2,22276833,656,28,0,0
22287103,968,94,0,1,22271927,1368,20,0,0
22362587,1120,31,0,3,22275112,1294,95,0,0
22353431,260,36,0,1,22359229,1840,34,0,0
22376699,1145,54,0,0,22245627,1758,32,0,0
22353950,488,40,0,0,22320226,180,53,0,0
22309691,1934,34,0,2,22308920,1701,29,0,0
22288166,640,74,0,4,22360812,1366,57,0,0
22290090,1600,73,0,1,22327713,1476,29,0,0
22374042,423,60,0,1,22336880,967,48,0,0
22330220,111,62,0,4,22246212,928,68,0,0
22360670,892,47,0,1,22370777,1210,57,0,0
22373445,1246,32,0,2,22277091,1147,54,0,0
22348747,602,97,0,1,22250316,393,52,0,0
22298421,1135,52,0,2,22371160,1616,42,0,0
22263358,288,35,0,2,22301730,1768,26,0,0
22245674,1179,26,0,7,22255365,1183,39,0,0
22321894,868,18,0,7,22321131,886,66,0,0
22342271,1133,38,0,2,22373348,2149,40,0,0
22298335,831,52,0,2,22257486,858,54,0,0
22253064,749,59,0,3,22301799,1624,15,0,0
22270809,505,44,0,1,22358527,1136,45,0,0
22334715,1672,48,0,1,22262071,749,34,0,0
22376354,937,24,0,2,22362633,1364,27,0,0
22314360,400,46,0,4,22342102,1161,34,0,0
22358228,1060,56,0,3,22330192,1298,41,0,0
22249078,1148,61,0,1,22379562,303,88,0,0
22290647,1285,60,0,0,22328649,953,44,0,0
22355607,740,35,0,3,22272651,1122,35,0,0
22303496,2394,69,0,1,22355977,1353,88,0,0
22311911,435,48,0,1,22264047,419,73,0,0
22339032,2071,27,0,1,22366565,292,148,0,0
22365527,1159,51,0,2,22253545,465,55,0,0
22354383,1208,31,0,1,22278769,1053,29,0,0
22331740,815,56,0,1,22306477,700,60,0,0
22253353,788,88,0,2,22304253,884,18,0,0
22319521,672,23,0,0,22315839,909,79,0,0
22273018,1845,33,0,2,22257823,1631,26,0,0
22260309,253,29,0,6,22253558,1192,14,0,0
22255052,1570,56,0,0,22356495,954,100,0,0
22346939,1332,31,0,1,22337186,2125,20,0,0
22341444,1689,56,0,2,22353469,2012,30,0,0
22350477,836,119,0,3,22259056,672,23,0,0
22308436,1147,43,0,4,22313805,819,38,0,0
22362386,464,35,0,5,22354778,1934,25,0,0
22376296,1125,52,0,1,22274184,1852,33,0,0
22321160,1063,30,0,0,22371813,1189,42,0,0
22296398,837,65,0,3,22257776,194,71,0,0
22339100,973,69,0,1,22379569,2007,38,0,0
22287597,1159,30,0,1,22352366,876,47,0,0
22318204,2676,31,0,0,22327993,2343,37,0,0
22336601,2172,48,0,2,22362913,730,25,0,0
22358806,1582,55,0,2,22347161,709,136,0,0
22269118,826,48,0,1,22371386,833,22,0,0
22279773,1473,49,0,4,22333834,1069,26,0,0
22346358,1044,43,0,0,22331170,812,37,0,0
22306495,2550,25,0,2,22278193,1183,23,0,0
22276422,1195,88,0,1,22264424,662,92,0,0
22347120,988,38,0,2,22375687,1411,39,0,0
22251544,1593,56,0,6,22335487,1665,44,0,0
22368551,893,25,0,7,22300481,1029,61,0,0
22282897,255,34,0,2,22304823,825,81,0,0
22375363,2291,23,0,6,22313660,667,49,0,0
22317778,1196,44,0,10,22330153,903,49,0,0
22300675,980,71,0,7,22358762,1157,53,0,0
22364298,1077,66,0,1,22275712,1358,45,0,0
22306926,1533,25,0,5,22282863,1134,14,0,0
22367415,992,80,0,2,22332163,771,47,0,0
22260291,1714,55,0,1,22333462,1077,29,0,0
22258742,1656,54,0,5,22289206,1334,35,0,0
22291949,648,45,0,1,22380453,654,45,0,0
22303866,1112,26,0,1,22256846,770,82,0,0
22274608,919,32,0,4,22280710,1222,65,0,0
22335326,1149,18,0,0,22362825,1528,40,0,0
22282397,490,47,0,2,22252200,1736,31,0,0
22338208,612,23,0,3,22336875,990,41,0,0
22354432,1624,38,0,1,22298451,199,81,0,0
22300703,1372,24,0,3,22355882,1423,41,0,0
22278488,1264,32,0,0,22315560,945,41,0,0
22295039,1341,66,0,3,22339395,1684,28,0,0
22350423,1682,102,0,5,22371615,1661,31,0,0
22342894,1898,59,0,2,22355544,1803,30,0,0
22269029,713,46,0,0,22325767,750,37,0,0
22258017,145,44,0,2,22364116,1196,15,0,0
22275563,1433,20,0,5,22367354,1955,22,0,0
22367255,2461,24,0,1,22378000,1228,59,0,0
22337314,1584,53,0,12,22253926,1788,36,0,0
22262042,1019,19,0,1,22326423,2242,41,0,0
22343677,1328,35,0,0,22254128,1610,28,0,0
22323419,392,55,0,0,22310509,522,47,0,0
22287946,1575,68,0,7,22363522,828,41,0,0
22267400,511,62,0,1,22289756,2243,29,0,0
22282544,1873,48,0,0,22321554,892,89,0,0
22364162,309,22,0,0,22250633,1436,41,0,0
22258646,535,67,0,7,22380330,1878,42,0,0
22255089,1270,65,0,0,22347943,1962,47,0,0
22366328,708,46,0,0,22338736,1438,110,0,0
22253652,976,47,0,1,22268629,1751,58,0,0
22255993,1455,18,0,0,22351375,314,91,0,0
22273982,1064,33,0,6,22380739,2223,21,0,0
22326010,1382,31,0,2,22367794,1599,27,0,0
22347639,653,43,0,3,22308899,2051,17,0,0
22271116,830,23,0,4,22305382,1773,30,0,0
22323532,1677,71,0,0,22296166,283,66,0,0
22327331,2302,29,0,6,22269573,884,61,0,0
22304729,1470,69,0,0,22336618,1314,31,0,0
22313213,1192,38,0,1,22294879,849,107,0,0
22309490,1141,34,0,0,22312579,1003,35,0,0
22260289,2166,67,0,3,22265678,461,56,0,0
22258888,1058,48,0,4,22330950,1158,39,0,0
22336176,1339,33,0,0,22369976,478,47,0,0
22325223,1002,81,0,1,22317365,1055,45,0,0
22271051,1504,44,0,1,22287666,2155,48,0,0
22331332,1181,42,0,3,22368115,424,16,0,0
22295513,277,58,0,4,22298103,1284,7,0,0
22306035,908,59,0,1,22316623,1188,40,0,0
22363013,156,37,0,3,22362965,1024,58,0,0
22298391,656,60,0,7,22381668,1388,38,0,0
22353732,455,67,0,1,22324807,761,46,0,0
22305737,1980,45,0,1,22277501,1436,89,0,0
22384766,1746,32,0,2,22251257,724,43,0,0
22356089,689,61,0,5,22266016,1069,45,0,0
22297761,1434,36,0,0,22381731,1110,72,0,0
22311878,1680,60,0,3,22383822,1847,73,0,0
22381468,1057,23,0,1,22258500,1052,45,0,0
22347031,1302,16,0,3,22278121,965,52,0,0
22283323,184,63,0,5,22315698,1405,51,0,0
22378741,717,84,0,1,22277157,1414,31,0,0
22329080,1433,41,0,2,22257782,1861,53,0,0
22261364,574,79,0,1,22288643,1247,95,0,0
22319074,2571,38,0,1,22362314,1512,38,0,0
22291267,880,39,0,0,22319296,1253,49,0,0
22332520,1353,52,0,3,22304257,1007,54,0,0
22379025,496,69,0,4,22383508,1017,30,0,0
22384763,2248,17,0,0,22329771,359,38,0,0
22356551,487,49,0,3,22334099,1040,28,0,0
22370094,733,26,0,4,22275314,727,40,0,0
22306715,1170,34,0,1,22307505,1279,41,0,0
22345578,795,80,0,4,22274543,2123,36,0,0
22331648,1352,26,0,5,22279121,1019,39,0,0
22347746,1921,20,0,6,22291123,999,62,0,0
22280554,884,47,0,5,22291902,1692,64,0,1
22356232,1294,62,0,1,22269478,683,39,0,0
22302265,1111,45,0,0,22340042,1758,51,0,0
22263213,1599,46,0,2,22352501,816,40,0,0
22297419,753,39,0,6,22313314,2541,43,0,0
22341014,867,14,0,4,22387220,979,46,0,0
22334003,686,32,0,1,22372784,1038,34,0,0
22338595,1100,51,0,4,22326845,795,49,0,0
22339026,828,28,0,2,22333388,655,74,0,0
22368680,499,28,0,2,22358681,752,44,0,0
22289317,732,66,0,2,22368609,480,34,0,0
22357256,744,30,0,4,22373657,1178,51,0,0
22264601,1631,46,0,0,22353492,867,38,0,0
22267402,1158,39,0,0,22324239,1022,21,0,0
22331877,1992,36,0,5,22339170,583,23,0,0
22379318,1300,46,0,1,22297616,1116,19,0,0
22278597,1622,23,0,11,22362530,1247,99,0,0
22273076,2372,37,0,0,22281067,1069,40,0,0
22336894,1218,50,0,2,22379623,1044,30,0,0
22284244,1982,25,0,5,22265933,1150,26,0,0
22369770,1220,24,0,0,22333145,1811,37,0,0
22352492,785,52,0,7,22373122,368,28,0,0
22388094,1543,32,0,5,22261678,1203,28,0,0
22313570,549,68,0,12,22380701,319,36,0,0
22361750,2199,43,0,3,22367915,2188,40,0,0
22299493,793,16,0,0,22334114,1122,42,0,0
22258560,830,56,0,3,22360800,293,49,0,0
22280985,479,28,0,2,22332612,1357,82,0,0
22271666,1110,44,0,3,22383344,1737,67,0,0
22344773,1605,72,0,6,22346740,1920,32,0,0
22323599,1542,28,0,3,22265825,1118,61,0,0
22323040,1998,33,0,2,22298756,1624,28,0,0
22322725,729,67,0,0,22267612,603,66,0,0
22388062,603,32,0,2,22307225,1690,50,0,0
22262783,1583,64,0,1,22315439,905,26,0,0
22299030,975,62,0,2,22278891,888,52,0,0
22268824,1542,33,0,8,22369899,1656,41,0,0
22310228,1097,34,0,6,22290138,1280,18,0,0
22294867,1538,54,0,2,22350348,287,36,0,0
22277883,1464,32,0,1,22377684,243,34,0,0
22346307,829,48,0,0,22294359,935,41,0,0
22271630,1638,48,0,2,22326385,1408,21,0,0
22316887,645,40,0,0,22361918,1691,47,0,0
22272324,1064,71,0,1,22273434,657,28,0,0
22381097,1687,50,0,1,22258236,1207,39,0,0
22291096,175,42,0,0,22388994,667,29,0,0
22259927,635,86,0,3,22259946,1303,35,0,0
22353002,1513,31,0,1,22304922,1091,25,0,0
22323244,1132,64,0,2,22353829,1611,20,0,0
22385826,824,41,0,1,22387910,2013,32,0,0
22301945,827,28,0,1,22304979,710,60,0,0
22367454,1218,35,0,2,22388404,1073,33,0,0
22327650,783,42,0,7,22290810,862,31,0,0
22272882,386,72,0,2,22326539,1843,38,0,0
22350937,1786,81,0,0,22388351,713,51,0,0
22263522,2170,22,0,2,22310293,1187,39,0,0
22304887,1301,32,0,3,22318477,2146,21,0,0
22297537,1790,39,0,6,22342070,1638,19,0,0
22330082,917,32,0,2,22286797,993,67,0,0
22283507,932,62,0,0,22330960,1379,64,0,0
22307491,1312,54,0,2,22294984,1392,49,0,0
22268899,678,66,0,0,22327659,789,65,0,0
22372421,508,19,0,1,22353086,1548,77,0,0
22328960,1427,73,0,4,22371871,767,44,0,0
22280250,1969,66,0,0,22379415,1739,34,0,0
22295778,1322,31,0,3,22329900,999,46,0,0
22342066,692,32,0,0,22378751,961,72,0,0
22329470,2468,41,0,1,22290669,1989,55,0,0
22348758,638,26,0,4,22310197,845,83,0,0
22266062,736,33,0,4,22300606,2109,40,0,0
22294545,1162,65,0,1,22294932,550,56,0,0
22280758,913,33,0,10,22346942,1238,26,0,0
22370827,1951,33,0,3,22386745,1412,49,0,0
22352109,1183,14,0,5,22332931,847,28,0,0
22350257,2103,65,0,1,22359270,2314,26,0,0
22364661,1802,43,0,1,22390867,855,18,0,0
22379034,543,33,0,0,22282696,1132,18,0,0
22368547,994,30,0,2,22362218,831,24,0,0
22355293,1813,39,0,0,22361658,1173,87,0,0
22289232,1047,19,0,1,22379815,407,38,0,0
22358600,1619,42,0,1,22305724,285,88,0,0
22280598,714,47,0,0,22266677,1647,61,0,0
22279017,1427,102,0,5,22297577,692,31,0,0
22381531,1636,22,0,1,22379958,757,61,0,0
22331714,921,58,0,5,22298656,1857,71,0,0
22351871,957,68,0,0,22278507,1014,28,0,0
22276860,1879,25,0,3,22282181,1366,37,0,0
22259326,354,74,0,8,22298081,715,49,0,0
22263934,2204,25,0,4,22376371,605,35,0,0
22360719,2371,40,0,0,22280730,1464,20,0,0
22357877,1806,48,0,1,22369351,1399,33,0,0
22291456,1137,60,0,1,22363732,1509,31,0,0
22270197,1653,117,0,5,22325416,1890,41,0,0
22294278,862,54,0,1,22377473,1700,54,0,0
22379551,1359,49,0,0,22357076,681,28,0,0
22266654,925,34,0,2,22349056,2208,46,0,0
22372206,457,26,0,1,22390251,790,62,0,0
22366731,615,57,0,2,22383005,596,41,0,0
22312100,1711,55,0,0,22280242,661,167,0,0
22290200,717,44,0,6,22370907,1127,72,0,0
22298805,1774,42,0,2,22270123,1199,25,0,0
22286849,1205,556,0,2,22331479,1223,39,0,0
22302500,2188,23,0,2,22339363,786,62,0,0
22272340,880,77,0,0,22387889,331,89,0,0
22370494,1094,50,0,2,22258774,1440,64,0,0
22352979,373,47,0,0,22266037,1077,68,0,0
22316868,776,74,0,1,22390090,1160,29,0,0
22337740,1363,28,0,0,22316526,1507,39,0,0
22380848,941,18,0,2,22279221,634,31,0,0
22357334,884,57,0,1,22370067,1525,36,0,0
22356872,2149,38,0,0,22327272,821,133,0,0
22333261,1090,40,0,1,22328679,838,39,0,0
22307289,675,41,0,2,22389685,1855,123,0,0
22303931,1541,53,0,3,22375675,324,24,0,0
22282688,606,54,0,2,22362833,2275,47,0,0
22362827,1426,21,0,2,22282013,1191,55,0,0
22336907,1005,55,0,1,22273789,1585,42,0,0
22286626,2334,48,0,1,22323159,503,81,0,0
22294657,1720,25,0,2,22363611,641,18,0,0
22274653,458,25,0,2,22306086,1662,54,0,0
22368555,468,40,0,1,22381620,406,55,0,0
22261802,1216,47,0,2,22279225,1007,58,0,0
22357417,1183,41,0,0,22346007,1040,47,0,0
22307450,1785,39,0,1,22282878,1444,28,0,0
22368353,572,18,0,1,22367880,695,44,0,0
22357666,840,38,0,6,22365603,1460,45,0,0
22294897,433,25,0,0,22379883,693,68,0,0
22292640,2289,47,0,1,22339540,1392,38,0,0
22316943,1440,26,0,1,22388965,807,49,0,0
22298531,975,42,0,14,22352700,471,52,0,0
22375907,2165,33,0,4,22306441,1038,12,0,0
22355246,1787,32,0,2,22330704,658,33,0,0
22310757,135,33,0,0,22302497,1620,30,0,0
22294220,526,62,0,0,22362912,1886,34,0,0
22347936,2061,55,0,3,22328134,2009,43,0,0
22347821,1369,71,0,1,22384091,2262,58,0,0
22338813,1442,46,0,1,22316319,1651,25,0,0
22266219,530,56,0,1,22291281,300,63,0,0
22301950,920,134,0,0,22280292,458,48,0,0
22296257,947,61,0,2,22384759,1091,35,0,0
22355628,1090,31,0,3,22342142,1610,26,0,0
22290831,177,41,0,4,22342858,1251,49,0,0
22333194,1630,77,0,0,22346792,1862,67,0,0
22313000,234,42,0,7,22276067,1254,35,0,0
22274409,1899,35,0,4,22342274,1604,47,0,0
22278504,1768,24,0,1,22381389,1307,60,0,0
22344719,744,44,0,3,22273213,883,61,0,0
22370625,571,31,0,2,22346549,1091,44,0,0
22356988,612,80,0,0,22266460,1562,80,0,0
22377415,945,26,0,0,22387413,892,97,0,0
22261917,894,30,0,0,22300364,2115,29,0,0
22310403,1042,54,0,3,22352063,2107,18,0,0
22335725,2444,40,0,1,22279685,1363,33,0,0
22366329,873,67,0,5,22301640,1993,41,0,0
22284412,2228,32,0,1,22364852,1024,61,0,0
22355331,837,39,0,5,22315855,2199,31,0,0
22312930,1245,69,0,1,22337833,943,32,0,0
22392678,1603,29,0,1,22346436,1222,69,0,0
22304182,1671,33,0,2,22277976,1057,80,0,0
22302187,635,57,0,2,22338821,905,35,0,0
22293059,853,38,0,2,22271972,660,33,0,0
22276364,377,37,0,4,22381005,1644,49,0,0
22353916,788,93,0,1,22295913,414,75,0,0
22266667,786,29,0,1,22393512,1811,27,0,0
22276888,1043,23,0,1,22338236,607,32,0,0
22340316,874,80,0,2,22276183,1118,82,0,0
22374652,1199,38,0,6,22292551,1323,34,0,0
22285390,1024,43,0,6,22387615,1198,30,0,0
22296411,1214,59,0,2,22376912,975,42,0,0
22265557,983,44,0,3,22325842,2327,26,0,0
22315984,825,57,0,6,22264053,1119,43,0,0
22330579,1376,61,0,5,22273346,699,48,0,0
22266838,562,65,0,1,22310511,1198,76,0,0
22372204,1641,17,0,4,22377639,2494,35,0,0
22325443,1088,37,0,1,22295076,1094,177,0,0
22279761,1998,39,0,0,22313316,1614,17,0,0
22277579,1459,112,0,0,22395681,1846,55,0,0
22309685,248,78,0,5,22326636,221,40,0,0
22367245,1436,51,0,0,22262897,1276,43,0,0
22301368,2460,97,0,0,22288065,1645,47,0,0
22394675,475,84,0,2,22307288,898,61,0,0
22350811,313,41,0,0,22379996,748,15,0,0
22355355,859,12,0,5,22270172,513,82,0,0
22276898,1580,75,0,1,22380278,829,44,0,0
22286895,314,62,0,4,22389962,695,50,0,0
22354422,212,96,0,3,22326244,970,32,0,0
22277033,195,35,0,1,22348488,597,43,0,0
22362991,1036,81,0,1,22321946,1114,79,0,0
22329904,495,62,0,0,22341201,1758,51,0,0
22314126,1835,71,0,0,22394706,1012,23,0,0
22378731,1199,28,0,4,22327135,559,94,0,0
22295632,1834,27,0,0,22284150,1671,33,0,0
22311839,1295,49,0,1,22306271,909,16,0,0
22292714,786,92,0,1,22314489,1232,61,0,0
22389451,1333,42,0,4,22290206,1525,81,0,0
22299831,1142,23,0,2,22379979,1501,63,0,0
22362435,612,43,0,3,22378371,966,52,0,0
22266357,549,59,0,0,22326225,1653,62,0,0
22305280,1681,43,0,4,22327860,1543,66,0,0
22330433,1005,27,0,8,22395266,617,62,0,0
22286924,1183,31,0,2,22374748,1839,30,0,0
22289487,2086,33,0,2,22342358,1121,36,0,0
22265329,2112,60,0,1,22288533,2548,41,0,0
22288848,1687,47,0,1,22331277,1006,24,0,0
22382054,2048,59,0,3,22377197,682,42,0,0
22336195,1009,22,0,0,22289993,597,42,0,0
22364012,256,57,0,3,22307362,1519,17,0,0
22310305,1159,82,0,1,22283094,1461,53,0,0
22376060,805,44,0,0,22382226,1625,27,0,0
22304143,698,61,0,4,22278727,2135,66,0,0
22304633,1431,30,0,2,22309473,1069,50,0,0
22347321,2241,53,0,2,22274370,1239,78,0,0
22344173,1309,23,0,1,22360476,1274,45,0,0
22384027,325,39,0,1,22297739,998,28,0,0
22305954,753,49,0,1,22324145,908,64,0,0
22286687,844,62,0,2,22285977,450,38,0,0
22339398,655,25,0,4,22306104,699,28,0,0
22288967,1620,53,0,1,22370277,1763,50,0,0
22396176,990,35,0,9,22395519,1432,31,0,0
22360786,2223,29,0,3,22294609,1540,47,0,0
22288577,1395,44,0,3,22398452,1798,38,0,0
22367641,1601,83,0,6,22389929,833,59,0,0
22267054,1079,33,0,3,22269851,104,103,0,0
22380426,1414,17,0,5,22331492,1375,30,0,0
22312382,768,50,0,1,22298787,855,36,0,0
22369942,866,32,0,1,22304695,2026,31,0,0
22299187,447,71,0,2,22332437,213,36,0,0
22359982,1545,27,0,1,22361390,1307,50,0,0
22349919,1125,82,0,0,22377253,1079,45,0,0
22288865,1302,31,0,1,22267268,1341,46,0,0
22376276,2169,30,0,0,22329728,1172,44,0,0
22395015,1267,56,0,3,22311982,949,60,0,0
22287072,483,54,0,1,22364940,1666,42,0,0
22380614,1688,27,0,1,22268481,1133,14,0,0
22345565,1746,23,0,1,22373558,586,29,0,0
22371028,100,71,0,4,22393639,584,81,0,0
22344349,880,63,0,0,22313094,1732,41,0,0
22300575,660,93,0,2,22300563,878,58,0,0
22298514,1567,41,0,1,22370909,2535,22,0,0
22396479,1684,28,0,1,22358914,2038,35,0,0
22335820,413,35,0,2,22355017,1848,61,0,0
22373859,1013,47,0,7,22359794,1024,44,0,0
22266206,589,36,0,5,22289020,1129,44,0,0
22322008,1079,38,0,3,22299480,1935,47,0,0
22344656,1118,70,0,2,22289082,772,97,0,0
22289619,1194,35,0,3,22328477,666,64,0,0
22398720,846,28,0,0,22280862,1187,30,0,0
22323306,733,26,0,0,22358522,778,41,0,0
22340187,1231,59,0,0,22284368,1212,118,0,0
22392974,775,47,0,1,22381599,1168,25,0,0
22307613,525,39,0,0,22331140,1566,39,0,0
22389995,155,25,0,0,22345023,1906,42,0,0
22374871,1397,32,0,0,22311193,243,66,0,0
22284357,450,31,0,0,22341960,1302,60,0,0
22279216,1291,82,0,0,22362332,1059,45,0,0
22341494,1623,68,0,1,22388856,1732,37,0,0
22399681,810,53,0,2,22287327,743,36,0,0
22382640,1406,62,0,0,22356451,1784,44,0,0
22292376,612,37,0,1,22332379,1511,31,0,0
22386006,1192,52,0,1,22376601,1074,50,0,0
22308357,1892,58,0,0,22321809,669,56,0,0
22307102,1038,76,0,4,22273130,1028,100,0,0
22283140,2426,43,0,0,22294007,1251,28,0,0
22331544,264,39,0,0,22401951,1575,35,0,0
22394365,1574,60,0,2,22271372,966,68,0,0
22287372,1191,24,0,5,22364473,1169,47,0,0
22336337,669,66,0,2,22401810,652,38,0,0
22381760,868,59,0,5,22315777,861,60,0,0
22299403,1140,54,0,1,22371769,1712,58,0,0
22297545,243,89,0,2,22281969,623,16,0,0
22358455,1633,46,0,0,22319724,1472,86,0,0
22388980,1408,40,0,1,22383179,1097,51,0,0
22363146,1301,59,0,2,22314399,1082,40,0,0
22315813,1483,45,0,2,22391176,723,56,0,0
22344642,1108,41,0,1,22388519,605,31,0,0
22313787,420,29,0,0,22315149,1826,24,0,0
22302225,1784,33,0,0,22361671,250,76,0,0
22365286,1666,58,0,2,22379326,1699,34,0,0
22309716,500,39,0,1,22271284,1215,42,0,0
22388714,845,22,0,2,22391165,506,65,0,0
22356101,980,40,0,2,22354356,1375,31,0,0
22294553,1003,36,0,1,22294017,767,19,0,0
22323056,1265,34,0,1,22373186,1957,37,0,0
22280645,903,93,0,4,22270954,477,31,0,0
22390062,624,44,0,1,22284671,805,31,0,0
22327176,1428,43,0,2,22326993,2332,18,0,0
22390636,520,52,0,0,22381715,820,41,0,0
22385117,1917,51,0,2,22378795,1151,34,0,0
22312276,419,23,0,0,22307612,732,20,0,0
22376304,125,133,0,1,22300870,1739,45,0,0
22369300,1179,54,0,2,22386550,1321,60,0,0
22284706,182,129,0,0,22302736,964,102,0,0
22402037,618,23,0,2,22347228,1292,108,0,0
22303034,2231,41,0,3,22385487,1172,28,0,0
22333213,1151,38,0,4,22295820,1665,56,0,0
22284813,1489,68,0,1,22365189,1132,31,0,0
22283678,1274,66,0,6,22341999,2094,51,0,0
22389398,1190,27,0,3,22329113,748,43,0,0
22385517,2405,23,0,2,22277420,1388,61,0,0
22358396,1550,23,0,6,22375308,753,43,0,0
22269267,739,58,0,1,22397088,1228,57,0,0
22400429,1672,63,0,5,22274636,1019,51,0,0
22296808,373,77,0,14,22385377,1053,25,0,0
22275172,2453,69,0,2,22335533,2063,39,0,0
22369684,513,71,0,5,22376457,1735,129,0,0
22391008,702,23,0,6,22308296,1749,20,0,0
22287563,1720,37,0,2,22279875,1850,22,0,1
22368384,1060,16,0,0,22376883,797,62,0,0
22283165,1079,33,0,4,22277771,981,23,0,0
22397022,833,47,0,4,22287518,1554,38,0,0
22308248,1214,48,0,12,22279780,1260,45,0,0
22400070,1842,71,0,2,22389511,342,63,0,0
22314323,1617,58,0,3,22342712,1193,23,0,0
22348085,1097,32,0,1,22304540,695,40,0,0
22323940,1325,37,0,2,22281876,1140,39,0,0
22298700,1854,37,0,9,22353142,1031,46,0,0
22294046,1736,31,0,7,22307109,2175,46,0,0
22342625,487,40,0,0,22285511,759,23,0,0
22303807,977,19,0,6,22318709,1617,47,0,0
22376037,1009,46,0,0,22273926,1491,41,0,0
22338296,1054,52,0,6,22311614,1362,33,0,0
22283974,1314,28,0,1,22397923,2238,95,0,0
22381767,228,52,0,1,22394671,1312,32,0,0
22291351,1032,49,0,0,22363024,290,37,0,0
22308587,619,72,0,1,22363458,1218,85,0,0
22310508,1682,43,0,8,22311953,1138,28,0,0
22317024,457,35,0,1,22332339,2380,43,0,0
22367021,787,35,0,3,22354444,1349,39,0,0
22342870,1266,37,0,2,22398091,1445,50,0,0
22310256,1132,45,0,6,22350186,653,56,0,0
22307166,1143,28,0,3,22280552,1941,49,0,0
22385529,904,60,0,2,22347606,884,42,0,0
22353461,828,33,0,2,22374484,1702,32,0,0
22370629,301,61,0,1,22343935,2343,32,0,0
22383161,628,59,0,0,22323761,698,74,0,0
22363785,977,38,0,2,22381750,144,63,0,0
22390060,1678,65,0,0,22296149,965,38,0,0
22366966,841,80,0,0,22310202,1168,43,0,0
22375010,1619,19,0,4,22370178,1117,58,0,0
22367837,398,61,0,1,22324004,1113,36,0,0
22373057,1598,27,0,2,22299331,1265,22,0,0
22318165,894,34,0,2,22356956,610,94,0,0
22332755,2143,66,0,1,22292175,1618,43,0,0
22365245,533,49,0,1,22314686,698,40,0,0
22319130,1424,35,0,3,22331450,1135,32,0,0
22326317,1756,43,0,1,22340015,1468,53,0,0
22318374,1701,54,0,2,22347627,1040,54,0,0
22397655,828,63,0,5,22290562,1472,43,0,0
22277049,1476,32,0,6,22390008,1515,47,0,0
22275270,1444,25,0,1,22365474,931,29,0,0
22349170,870,20,0,0,22290455,969,48,0,0
22376766,1568,26,0,2,22394175,2124,22,0,0
22380406,1823,37,0,1,22313840,1836,29,0,0
22382336,1523,36,0,0,22366523,664,168,0,0
22366309,817,22,0,2,22283809,985,23,0,0
22317512,1270,30,0,2,22388391,1539,25,0,0
22307266,1350,38,0,3,22329100,991,50,0,0
22309238,1769,18,0,1,22282282,916,51,0,0
22391606,687,42,0,0,22347444,1700,37,0,0
22273238,818,64,0,0,22370077,2003,36,0,0
22304816,2163,72,0,0,22285528,1253,36,0,0
22337209,1449,40,0,0,22340577,1654,56,0,0
22318279,1967,55,0,1,22352482,1694,35,0,0
22277120,1637,19,0,2,22285875,775,307,0,0
22298278,1686,26,0,2,22333570,2098,63,0,0
22407936,1736,58,0,8,22340424,1608,60,0,0
22346406,1183,40,0,1,22382007,1416,49,0,0
22315368,943,48,0,4,22367492,1563,24,0,0
22333948,1826,43,0,0,22316157,2199,45,0,0
22334326,910,39,0,3,22323391,1407,22,0,0
22395459,791,51,0,5,22288955,567,63,0,0
22384414,545,17,0,0,22291249,1517,47,0,0
22316246,1197,40,0,2,22392238,108,61,0,0
22331080,648,114,0,1,22312266,1570,52,0,0
22318783,1371,18,0,2,22356861,1786,46,0,0
22402284,1057,39,0,1,22386711,1268,37,0,0
22291116,285,37,0,3,22363421,1669,56,0,0
22402533,1190,34,0,1,22298976,830,24,0,0
22322187,500,20,0,1,22388274,2249,29,0,0
22394832,981,64,0,1,22395195,935,33,0,0
22309446,1710,45,0,1,22407507,610,31,0,0
22333911,2220,25,0,2,22402202,1189,51,0,0
22318335,1443,26,0,3,22380673,1695,43,0,0
22397598,842,54,0,4,22408950,662,49,0,0
22326262,1403,19,0,0,22310945,1780,44,0,0
22408636,819,58,0,2,22374540,1511,86,0,0
22379123,1101,30,0,5,22282995,1644,43,0,0
22363314,722,69,0,2,22320399,949,39,0,0
22366171,141,69,0,5,22408077,2087,52,0,0
22407918,1245,50,0,0,22393901,1081,38,0,0
22390897,139,85,0,7,22408598,811,85,0,0
22299639,688,77,0,0,22317543,633,32,0,0
22396124,1538,44,0,4,22382216,886,87,0,0
22357917,772,84,0,10,22393975,847,130,0,0
22366717,1229,54,0,2,22362490,520,30,0,0
22319448,637,36,0,2,22355671,1095,28,0,0
22364567,1094,39,0,2,22318515,887,98,0,0
22347588,1727,25,0,2,22349475,1658,29,0,0
22277725,642,37,0,1,22358148,1637,34,0,0
22405581,897,57,0,0,22380585,1215,32,0,0
22400869,1300,52,0,1,22396641,1258,57,0,0
22280015,1354,36,0,5,22301566,1873,59,0,0
22373410,1760,58,0,5,22382169,495,83,0,0
22410332,1530,54,0,2,22282918,674,39,0,0
22288008,1472,30,0,6,22322601,1663,33,0,0
22329891,871,35,0,2,22358369,1826,39,0,0
22336938,765,22,0,3,22376797,329,115,0,0
22317690,691,24,0,1,22343572,1540,41,0,0
22380984,1695,52,0,0,22342451,1212,17,0,0
22289698,1945,51,0,6,22340757,1847,19,0,0
22342072,2544,60,0,2,22373890,2144,69,0,0
22367762,541,34,0,1,22303333,956,54,0,0
22323937,1649,92,0,7,22326643,1612,30,0,0
22383709,744,41,0,3,22344046,1334,54,0,0
22376509,1647,50,0,1,22357841,840,54,0,0
22298796,792,43,0,2,22373403,1588,28,0,0
22305187,1396,25,0,0,22410364,1338,79,0,0
22392363,818,87,0,1,22374726,840,41,0,0
22307146,1032,53,0,3,22335806,1121,57,0,0
22283719,1326,62,0,3,22350142,1201,39,0,0
22386279,648,60,0,0,22348292,1976,38,0,0
22299497,1873,19,0,0,22395880,837,29,0,0
22314343,1114,44,0,9,22297573,1602,43,0,0
22313242,142,27,0,0,22378413,298,88,0,0
22286593,1089,104,0,4,22377307,1297,51,0,0
22331226,2578,31,0,0,22379334,249,47,0,0
22355387,1825,46,0,3,22379447,1697,56,0,0
22295320,853,31,0,0,22357021,2186,71,0,0
22304066,400,218,0,0,22326719,1472,45,0,0
22407524,1044,76,0,1,22352030,1573,38,0,0
22344222,1030,37,0,1,22329014,1502,29,0,0
22347498,798,63,0,1,22357170,316,142,0,0
22344333,1162,30,0,5,22409494,1656,30,0,0
22398129,1308,40,0,9,22355577,814,107,0,0
22382094,1604,30,0,3,22363940,1059,46,0,0
22367269,888,65,0,1,22293283,1219,42,0,0
22401280,2279,60,0,3,22353063,1535,60,0,0
22324204,1520,55,0,1,22347372,694,19,0,0
22358078,1152,49,0,2,22291514,494,54,0,0
22398224,626,50,0,1,22287554,800,29,0,0
22356296,1149,69,0,7,22382004,725,36,0,0
22354919,2514,37,0,0,22336978,601,46,0,0
22369982,1063,35,0,0,22354093,849,36,0,0
22381132,1307,44,0,1,22308664,1229,29,0,0
22281228,1472,85,0,2,22301785,1142,53,0,0
22304831,2414,20,0,9,22327350,866,50,0,0
22319778,1039,64,0,7,22405465,1324,50,0,0
22311500,416,37,0,3,22323442,1050,22,0,0
22281512,608,27,0,1,22380577,890,45,0,0
22351562,1461,28,0,1,22409777,2139,25,0,0
22329020,1051,43,0,2,22398370,453,67,0,0
22306771,1444,54,0,2,22378953,402,84,0,0
22366450,783,84,0,3,22374433,556,26,0,0
22314831,2289,44,0,2,22358951,915,27,0,0
22316456,1326,46,0,2,22305333,1638,18,0,0
22393144,483,64,0,2,22351056,1069,44,0,0
22327097,865,54,0,1,22409464,2294,13,0,0
22375220,1531,30,0,1,22311070,1253,220,0,0
22350237,1176,52,0,0,22290596,1469,41,0,0
22353828,712,29,0,4,22382259,791,27,0,0
22305847,681,41,0,3,22407770,1016,28,0,0
22297111,1550,50,0,3,22310064,606,32,0,0
22367290,2186,38,0,4,22350507,2069,31,0,0
22280839,579,33,0,2,22365995,1806,31,0,0
22345280,885,50,0,3,22401647,953,71,0,0
22379910,1129,45,0,1,22347937,1817,29,0,0
22312992,1300,29,0,0,22351416,1354,65,0,0
22367926,1327,34,0,2,22387508,755,40,0,0
22332433,799,33,0,1,22390042,943,86,0,0
22396982,771,72,0,2,22394568,1451,65,0,0
22383588,821,57,0,5,22348797,1146,66,0,0
22347587,891,58,0,5,22372578,1765,43,0,0
22301529,519,29,0,0,22390065,921,23,0,0
22310159,1894,61,0,1,22334128,1156,74,0,0
22370878,918,25,0,1,22332563,2157,58,0,0
22352567,1740,57,0,1,22356241,560,23,0,0
22363736,1158,34,0,5,22313393,1315,53,0,0
22397845,377,37,0,3,22326473,1769,39,0,0
22366144,1249,205,0,4,22375374,1166,148,0,0
22294307,1911,33,0,1,22405071,715,25,0,0
22391402,1476,17,0,6,22341170,898,73,0,0
22293432,1867,64,0,1,22350881,932,39,0,0
22363591,896,34,0,1,22334353,256,38,0,0
22327408,616,61,0,0,22359337,1550,43,0,0
22281259,1167,52,0,11,22414741,1549,49,0,0
22368737,1184,35,0,0,22372292,1600,37,0,0
22318410,1633,37,0,3,22331354,637,46,0,0
22360821,1546,47,0,1,22355735,1240,47,0,0
22309557,1029,37,0,0,22343532,622,43,0,0
22352628,2153,32,0,0,22282581,1211,47,0,0
22411507,715,96,0,3,22410926,491,45,0,0
22345326,2570,49,0,1,22350821,1958,38,0,0
22328059,773,43,0,2,22305194,1532,45,0,0
22405394,964,39,0,2,22385564,1173,55,0,0
22307247,1426,50,0,1,22347851,675,59,0,0
22283815,1629,33,0,2,22368039,502,39,0,0
22350779,2033,48,0,1,22308063,1014,24,0,0
22387562,2235,64,0,3,22286654,723,39,0,0
22348255,846,27,0,6,22374086,892,48,0,0
22333008,1141,27,0,0,22390715,677,69,0,0
22310164,703,63,0,4,22393393,1040,39,0,0
22308949,834,41,0,0,22394254,1000,28,0,0
22344674,1678,43,0,0,22356703,1697,53,0,0
22407687,672,28,0,0,22379696,1526,19,0,0
22391579,1074,30,0,1,22290753,1299,36,0,0
22348919,927,72,0,1,22389886,1149,92,0,0
22408578,1140,71,0,3,22407232,448,25,0,0
22391349,644,33,0,11,22380248,625,26,0,0
22413843,180,30,0,2,22345110,1188,33,0,0
22388775,1361,37,0,2,22417357,987,60,0,0
22356868,1631,22,0,0,22370543,1660,87,0,0
22404815,922,27,0,5,22321889,124,64,0,0
22354906,804,61,0,1,22365762,1027,25,0,0
22409717,947,124,0,1,22395468,725,23,0,0
22282927,1328,32,0,1,22378208,1209,54,0,0
22303782,2290,58,0,1,22340903,876,44,0,0
22339027,1865,39,0,4,22294158,600,42,0,0
22417507,651,58,0,2,22412569,2172,30,0,0
22326200,1183,34,0,4,22318438,1199,81,0,0
22319121,1024,60,0,8,22385123,1310,29,0,0
22393600,1849,70,0,3,22379736,1354,76,0,0
22307624,1146,68,0,1,22347238,649,29,0,0
22297864,1133,37,0,0,22417545,1781,82,0,0
22351543,1230,18,0,0,22361428,1067,29,0,0
22304780,1104,48,0,10,22347595,1655,90,0,0
22340341,699,18,0,2,22289975,1364,47,0,0
22346940,715,33,0,2,22342436,1902,34,0,0
22387467,1480,72,0,2,22383443,1801,68,0,0
22388382,966,31,0,1,22364886,1932,32,0,0
22387905,1644,22,0,5,22333675,2195,26,0,0
22347589,820,47,0,4,22323037,874,17,0,0
22347102,982,43,0,1,22376819,1046,15,0,0
22410553,1600,27,0,1,22304077,1560,25,0,0
22322511,1412,68,0,2,22321854,1788,19,0,0
22345413,774,54,0,1,22306322,1333,101,0,0
22345358,2109,50,0,0,22377389,1177,53,0,0
22390323,1940,52,0,15,22299004,1965,49,0,0
22343867,1285,61,0,0,22306746,593,28,0,0
22323230,1150,33,0,1,22304298,1192,20,0,0
22356007,1544,43,0,6,22401143,437,82,0,0
22318011,1059,43,0,1,22371284,1615,35,0,0
22408373,605,57,0,7,22367963,379,29,0,0
22353659,679,35,0,3,22303476,1160,35,0,0
22344612,1504,47,0,1,22331978,972,43,0,0
22319461,533,45,0,1,22343242,124,47,0,0
22304703,1563,35,0,4,22351624,2477,42,0,0
22374423,168,54,0,1,22308263,2584,28,0,0
22414956,1205,94,0,0,22382500,1126,38,0,0
22414936,1896,69,0,3,22411631,1687,31,0,0
22408822,682,31,0,1,22411754,140,58,0,0
22345685,1862,37,0,7,22376295,308,48,0,0
22308954,250,38,0,3,22409958,1662,53,0,0
22355638,1173,265,0,0,22385527,1410,69,0,0
22316342,2024,55,0,2,22357185,1954,24,0,0
22307754,1987,23,0,1,22337118,572,20,0,0
22359046,1058,19,0,0,22322586,1054,24,0,0
22401121,1641,27,0,2,22350177,689,46,0,0
22323845,183,58,0,0,22355489,1437,17,0,0
22364223,1249,46,0,0,22356081,1272,39,0,0
22298298,805,37,0,1,22352821,1077,56,0,0
22398201,1172,22,0,1,22363253,1016,33,0,0
22406787,1932,52,0,0,22322552,1736,42,0,0
22368518,1004,19,0,3,22353872,1493,43,0,0
22300023,1091,20,0,1,22334701,1645,46,0,0
22327271,961,40,0,4,22333299,330,30,0,0
22315308,423,32,0,2,22351858,1681,26,0,0
22368001,1015,64,0,4,22357385,1012,64,0,0
22354084,981,21,0,1,22356829,365,51,0,0
22308100,1463,51,0,1,22327009,1393,58,0,0
22380528,1155,42,0,0,22316284,1473,28,0,0
22303662,1889,28,0,3,22379946,1139,48,0,0
22346017,438,47,0,1,22417628,237,27,0,0
22338276,1130,37,0,0,22312068,584,38,0,0
22315993,596,65,0,0,22359467,1636,28,0,0
22383263,987,31,0,1,22416230,1091,107,0,0
22401653,2129,57,0,3,22392574,1315,56,0,0
22367650,411,52,0,0,22333769,1431,74,0,0
22305858,2305,61,0,6,22303054,976,71,0,0
22361943,1113,27,0,6,22296580,2198,41,0,0
22300427,1115,72,0,9,22298682,468,27,0,0
22296478,1180,64,0,5,22308090,977,26,0,0
22299658,1135,57,0,5,22411086,1239,32,0,0
22352815,1878,38,0,1,22386078,2149,42,0,0
22364360,1853,19,0,2,22373596,988,36,0,0
22405269,732,53,0,6,22297630,2136,89,0,0
22410717,589,103,0,1,22312499,658,218,0,0
22379684,1629,46,0,3,22310688,731,55,0,0
22376178,927,43,0,1,22357589,734,51,0,0
22414128,877,35,0,0,22372738,960,42,0,0
22350806,779,39,0,4,22355910,1377,41,0,0
22319292,756,34,0,0,22356877,2260,35,0,0
22364978,1479,50,0,2,22411288,1640,67,0,0
22307356,1445,32,0,1,22298320,1694,34,0,0
22398055,1609,39,0,3,22382358,1159,151,0,0
22363048,816,39,0,3,22367188,636,52,0,0
22303656,1091,37,0,2,22359370,1642,50,0,0
22393760,505,81,0,7,22293183,1376,31,0,0
22420778,1270,45,0,1,22408320,1243,35,0,0
22415725,617,38,0,0,22384600,493,27,0,0
22399951,1595,45,0,0,22417827,728,36,0,0
22294719,1111,65,0,3,22413287,1182,60,0,0
22337319,1466,58,0,4,22376720,644,54,0,0
22412371,1118,46,0,2,22388960,1609,45,0,0
22309953,669,92,0,2,22407031,900,80,0,0
22382875,2233,38,0,1,22342318,797,70,0,0
22305828,2103,31,0,3,22403265,1220,50,0,0
22363735,676,54,0,10,22347056,419,83,0,0
22391711,1092,44,0,1,22330306,1481,44,0,0
22377804,631,37,0,0,22391226,1406,49,0,0
22331387,1673,26,0,2,22379442,1133,33,0,0
22306524,768,25,0,6,22344297,888,42,0,0
22311207,1138,42,0,5,22382320,1634,24,0,0
22371743,858,62,0,0,22384647,560,21,0,0
22289963,1509,28,0,6,22404124,1931,58,0,0
22398148,1440,28,0,2,22377512,1217,37,0,0
22352524,753,25,0,0,22420818,1901,16,0,0
22361280,1731,20,0,1,22413921,2241,64,0,0
22396104,1148,52,0,2,22364320,1015,45,0,0
22329280,1696,61,0,3,22368394,249,57,0,0
22310261,702,33,0,0,22397951,1242,17,0,0
22327924,1769,53,0,0,22418012,431,40,0,0
22355473,1197,67,0,2,22362301,491,65,0,0
22420887,1736,23,0,1,22397919,993,23,0,0
22349971,1063,42,0,0,22415976,1323,42,0,0
22364598,904,42,0,1,22367487,791,82,0,0
22316858,1170,57,0,0,22349244,1627,31,0,0
22293554,1847,57,0,7,22350984,797,87,0,0
22292257,1539,41,0,0,22370785,2025,54,0,0
22331358,1121,69,0,2,22394788,1028,74,0,0
22337610,894,113,0,3,22374570,859,49,0,0
22295855,845,43,0,1,22332492,459,77,0,0
22410369,1152,37,0,1,22405367,492,240,0,0
22298275,640,40,0,3,22421980,665,139,0,0
22343215,1358,21,0,7,22421340,1504,44,0,0
22385462,962,86,0,1,22415229,1012,50,0,0
22413445,729,44,0,4,22403318,809,39,0,0
22403500,838,40,0,1,22341916,989,45,0,0
22324080,1016,50,0,3,22343571,1716,52,0,0
22404885,1053,53,0,0,22399764,1629,50,0,0
22308267,542,102,0,6,22376788,799,90,0,0
22411812,675,30,0,4,22413165,850,95,0,0
22341164,899,293,0,7,22324410,645,59,0,0
22387991,1362,42,0,3,22297990,826,33,0,0
22338442,1422,60,0,0,22423830,1194,64,0,0
22305739,846,44,0,0,22338435,671,28,0,0
22337214,667,64,0,1,22305083,778,26,0,0
22300621,1126,45,0,1,22390041,2067,13,0,0
22362747,578,55,0,0,22360430,238,16,0,0
22393419,673,41,0,0,22353282,206,53,0,0
22334154,939,21,0,4,22409582,975,43,0,0
22360161,1140,34,0,1,22301136,1226,33,0,0
22395267,1159,58,0,3,22413381,1456,111,0,0
22332699,1384,38,0,5,22299681,969,35,0,0
22369099,707,16,0,9,22405055,972,64,0,0
22388798,1799,66,0,0,22339437,772,47,0,0
22390747,751,52,0,1,22414258,2234,37,0,0
22422436,1708,63,0,2,22360562,1147,38,0,0
22331101,219,23,0,4,22338691,2150,68,0,0
22296322,1532,13,0,1,22338483,657,41,0,0
22346891,1698,45,0,0,22299708,1012,50,0,0
22336288,151,56,0,4,22339765,778,56,0,0
22419569,302,63,0,4,22350922,344,105,0,0
22342550,1383,47,0,3,22292018,1414,29,0,0
22359639,1143,36,0,1,22419823,1830,84,0,0
22337970,2198,40,0,3,22334497,762,61,0,0
22309574,883,82,0,1,22413194,1820,26,0,0
22417398,955,27,0,1,22370970,1392,63,0,0
22357402,1926,31,0,5,22356575,1672,30,0,0
22298803,883,25,0,2,22399153,1711,27,0,0
22369762,2183,57,0,0,22404088,681,34,0,0
22399537,1141,17,0,0,22386518,1045,29,0,0
22403928,2219,45,0,1,22333290,1056,76,0,0
22306332,948,121,0,3,22349644,605,42,0,0
22416025,915,21,0,1,22310607,174,71,0,0
22384085,877,30,0,0,22301274,472,102,0,0
22406949,1179,89,0,4,22331320,870,53,0,0
22303942,888,53,0,6,22361954,1041,41,0,0
22314848,1727,24,0,6,22369249,815,81,0,0
22345247,775,46,0,6,22416839,1546,105,0,0
22401484,1741,41,0,2,22376643,1704,32,0,0
22377943,537,18,0,1,22344788,2057,51,0,0
22414414,1697,65,0,1,22324423,1366,18,0,0
22331398,902,45,0,3,22394478,1437,29,0,0
22333776,980,18,0,3,22409893,1871,39,0,0
22340440,2396,33,0,3,22326847,1959,46,0,0
22372725,743,50,0,11,22323536,682,136,0,0
22351248,216,26,0,5,22297704,2309,50,0,0
22388405,1223,37,0,0,22355018,948,29,0,0
22316485,703,46,0,0,22406732,600,30,0,0
22399438,2352,47,0,4,22372955,499,23,0,0
22302065,1922,119,0,4,22390367,1926,40,0,0
22426765,305,41,0,1,22382626,874,48,0,0
22317552,1523,59,0,6,22326989,1801,47,0,0
22375921,1282,19,0,4,22423528,1411,24,0,0
22406991,731,47,0,1,22330126,2133,136,0,0
22388078,1855,34,0,1,22340826,1498,28,0,0
22414013,1354,28,0,13,22309161,1284,54,0,0
22409192,1268,60,0,1,22345755,1694,40,0,0
22423094,1452,58,0,2,22355216,867,62,0,0
22408775,488,40,0,3,22304030,1380,59,0,0
22421859,2201,31,0,1,22418792,1685,45,0,0
22297644,1660,32,0,8,22423573,955,28,0,0
22322873,1692,51,0,0,22350406,2342,65,0,0
22316465,532,50,0,0,22305762,1629,46,0,0
22358873,537,34,0,1,22379063,445,18,0,0
22401824,1127,67,0,0,22412252,1945,34,0,0
22363215,1184,26,0,1,22416149,533,102,0,0
22383152,947,55,0,0,22417659,923,216,0,0
22361908,1106,40,0,1,22313964,1982,65,0,0
22392311,2199,40,0,2,22303208,938,44,0,0
22346551,1602,34,0,5,22388931,404,30,0,0
22372131,1259,35,0,3,22369126,2128,31,0,0
22406058,1802,49,0,6,22387139,888,34,0,0
22409521,1668,39,0,3,22394333,521,60,0,0
22361926,1875,34,0,1,22296014,578,38,0,0
22423210,687,62,0,5,22427809,1177,30,0,0
22334366,1535,48,0,5,22352760,1592,48,0,0
22404057,1373,56,0,1,22297453,2244,35,0,0
22325952,1265,39,0,2,22428185,1673,47,0,0
22395611,729,67,0,1,22340427,203,37,0,0
22336226,1928,30,0,0,22366841,1486,53,0,0
22351970,1437,44,0,1,22315718,530,61,0,0
22385829,469,33,0,1,22360473,963,32,0,0
22305406,1340,35,0,1,22301080,1230,64,0,0
22407068,833,17,0,4,22421503,1344,52,0,0
22420609,867,35,0,3,22385638,1467,32,0,0
22362684,623,114,0,3,22317759,1697,55,0,0
22348199,1104,86,0,0,22392921,1264,45,0,0
22404584,275,43,0,0,22352106,1629,51,0,0
22335456,1368,47,0,2,22366955,1299,33,0,0
22408638,1438,45,0,2,22420636,1985,83,0,0
22380332,1637,20,0,1,22300037,1018,30,0,0
22345737,1812,32,0,3,22337275,1027,56,0,0
22350107,1229,57,0,1,22349188,799,29,0,0
22350019,2065,57,0,1,22381404,1407,62,0,0
22403304,884,44,0,1,22402402,1879,36,0,0
22325262,1928,31,0,5,22323494,1648,30,0,0
22318758,1258,54,0,4,22305491,680,40,0,0
22367040,2410,78,0,2,22350500,2463,52,0,0
22412648,1666,82,0,3,22306135,1319,27,0,0
22354523,2302,36,0,2,22382993,1242,47,0,0
22338100,567,90,0,1,22425070,1675,76,0,0
22408197,1599,18,0,2,22366026,109,26,0,0
22363683,816,29,0,1,22342150,842,35,0,0
22309789,890,27,0,0,22376029,1407,12,0,0
22355573,1173,45,0,2,22316428,1039,19,0,0
22299073,573,67,0,1,22395329,1942,25,0,0
22387345,1134,90,0,1,22308480,511,162,0,0
22391297,764,24,0,0,22359454,903,55,0,0
22335564,826,28,0,4,22307801,867,50,0,0
22299919,2300,55,0,5,22424773,1308,89,0,0
22364667,1263,24,0,1,22332567,347,197,0,0
22357810,744,32,0,6,22322529,267,98,0,0
22303724,415,32,0,0,22421103,1413,21,0,0
22417626,969,60,0,3,22364970,946,40,0,0
22361520,1159,33,0,1,22388141,976,24,0,0
22422847,1235,27,0,0,22327074,667,67,0,0
22374736,919,49,0,0,22400309,2172,39,0,0
22365269,1650,28,0,4,22371130,475,35,0,0
22381653,1309,48,0,3,22348987,1285,55,0,0
22352774,1461,56,0,5,22410149,1741,34,0,0
22391860,1988,75,0,1,22367622,465,43,0,0
22420320,890,17,0,2,22424022,984,39,0,0
22374645,662,29,0,3,22418308,1209,28,0,0
22376208,1593,55,0,2,22418983,1810,31,0,0
22414962,1511,62,0,0,22337634,974,57,0,0
22309244,1571,42,0,1,22368605,1308,35,0,0
22317074,2358,70,0,3,22420203,816,45,0,0
22339922,1977,30,0,1,22427863,1753,32,0,0
22337677,1605,89,0,2,22416828,1550,35,0,0
22334103,898,38,0,4,22417113,662,32,0,0
22427165,1689,40,0,0,22395332,1383,34,0,0
22388295,1047,71,0,0,22341505,2380,49,0,0
22420850,1805,22,0,3,22387020,463,70,0,0
22427921,1664,73,0,0,22341491,1716,38,0,0
22347720,1610,26,0,5,22344945,1301,46,0,0
22412915,1096,35,0,1,22303434,734,44,0,0
22395470,1945,45,0,4,22307293,856,53,0,0
22347677,1263,21,0,0,22324473,686,62,0,0
22343764,1151,82,0,5,22406769,1699,29,0,0
22364591,1677,31,0,7,22399480,1210,74,0,0
22420809,1269,49,0,3,22360902,455,26,0,0
22321774,825,48,0,11,22335488,1296,80,0,0
22417840,954,23,0,8,22416617,915,38,0,0
22392273,807,30,0,3,22309087,111,59,0,0
22391893,1345,72,0,2,22347176,1760,35,0,0
22428679,909,28,0,2,22349984,629,75,0,0
22354528,634,35,0,2,22352778,1021,63,0,0
22424994,1593,45,0,2,22332880,1117,28,0,0
22401699,872,40,0,1,22324979,1309,79,0,0
22309767,2088,31,0,0,22375997,1325,43,0,0
22412538,908,50,0,4,22388524,910,17,0,0
22319753,833,27,0,2,22416626,1462,36,0,0
22346705,1555,34,0,8,22409392,627,45,0,0
22418587,337,84,0,4,22401860,537,28,0,0
22307292,1197,101,0,1,22369100,799,30,0,0
22421196,1595,32,0,1,22393899,1955,92,0,0
22408284,1062,53,0,1,22404259,2175,67,0,0
22421124,616,45,0,2,22379316,1351,39,0,0
22314994,1298,28,0,0,22396728,1872,17,0,0
22314777,1478,29,0,1,22396388,536,59,0,0
22335970,1317,88,0,6,22358428,1559,76,0,0
22358898,2399,41,0,1,22303257,1478,38,0,0
22424319,589,50,0,3,22371092,989,46,0,0
22303405,2447,25,0,1,22416728,2012,27,0,0
22306841,2128,28,0,3,22410888,630,59,0,0
22385870,351,34,0,3,22305862,994,52,0,0
22362351,843,38,0,1,22343000,2214,36,0,0
22394600,895,42,0,2,22406102,1024,61,0,0
22394602,1618,30,0,2,22402093,801,17,0,0
22408786,1442,25,0,0,22323942,469,44,0,0
22327691,2297,38,0,12,22384130,1585,40,0,0
22329385,1053,35,0,0,22394000,456,43,0,0
22364379,287,70,0,0,22344238,1520,47,0,0
22430203,1961,37,0,1,22318997,1703,76,0,0
22393437,844,35,0,0,22305420,633,59,0,0
22326870,400,23,0,2,22315864,1225,49,0,0
22363686,1174,27,0,6,22422354,990,60,0,0
22423721,1040,38,0,1,22310903,1914,47,0,0
22304631,1176,58,0,2,22413142,866,60,0,0
22416383,2436,29,0,2,22433400,2440,34,0,0
22333325,1965,35,0,1,22341614,376,54,0,0
22343871,1635,39,0,1,22397485,479,58,0,0
22360572,1380,23,0,9,22312423,1550,37,0,0
22407427,2121,49,0,0,22424747,869,38,0,0
22322762,926,54,0,1,22424216,1029,45,0,0
22403943,1608,92,0,1,22312340,711,57,0,0
22408802,983,24,0,1,22405681,1868,26,0,0
22403551,1117,45,0,1,22429895,2383,37,0,0
22333908,783,30,0,9,22344713,1873,63,0,0
22322404,982,100,0,3,22414947,804,70,0,0
22354923,1505,34,0,2,22336207,2135,42,0,0
22376092,1333,77,0,3,22405531,801,9,0,0
22345705,596,32,0,1,22397703,1327,38,0,0
22330322,1655,25,0,2,22322938,151,30,0,0
22377030,1011,44,0,1,22396922,2191,29,0,0
22383470,940,34,0,2,22420310,623,50,0,0
22347415,1588,62,0,1,22364918,1191,33,0,0
22400358,748,36,0,1,22417860,1302,89,0,0
22400685,1301,45,0,4,22306871,1036,15,0,0
22366689,1057,53,0,1,22324122,629,49,0,0
22347240,1103,83,0,3,22384017,2555,56,0,0
22310346,291,23,0,3,22428023,607,35,0,0
22304414,1582,34,0,2,22317348,2592,25,0,0
22393828,1164,29,0,0,22377914,665,93,0,0
22309893,1135,89,0,4,22388393,1034,23,0,0
22359219,2019,62,0,5,22366202,973,69,0,0
22322122,761,28,0,2,22405816,1511,45,0,0
22320956,627,65,0,2,22392192,930,63,0,0
22304653,1049,39,0,1,22324283,1789,29,0,0
22384234,1894,69,0,8,22349654,1716,33,0,0
22385105,1531,47,0,1,22386343,1371,48,0,0
22358874,687,48,0,1,22383253,817,41,0,0
22355250,628,48,0,7,22374181,647,38,0,0
22304911,1804,24,0,1,22419525,657,102,0,0
22374501,1529,32,0,1,22335296,805,68,0,0
22385569,1629,20,0,1,22375999,699,128,0,0
22319545,2080,44,0,0,22340277,547,83,0,0
22391551,1220,46,0,1,22344729,1395,57,0,0
22330275,1123,33,0,0,22373189,866,42,0,0
22312164,1605,71,0,0,22399888,815,89,0,0
22359495,1165,61,0,2,22402601,1372,21,0,0
22417039,1299,54,0,0,22353428,919,34,0,0
22344121,1111,24,0,3,22427366,917,76,0,0
22418577,835,66,0,1,22384957,1165,40,0,0
22375519,2199,38,0,3,22386411,1532,87,0,0
22390604,864,35,0,0,22352136,1179,25,0,0
22337812,1651,18,0,0,22368771,1696,40,0,0
22390429,1248,49,0,9,22412145,827,25,0,0
22331426,631,53,0,1,22354753,977,32,0,0
22344653,689,52,0,3,22310424,1210,50,0,0
22336168,1474,38,0,1,22304837,665,44,0,0
22420299,1161,23,0,3,22430422,172,46,0,0
22368867,1007,126,0,6,22428927,2594,36,0,0
22397578,1082,42,0,9,22410795,941,43,0,0
22355270,1340,40,0,1,22353208,727,64,0,0
22374395,616,38,0,1,22377358,679,60,0,0
22420777,268,48,0,3,22408936,1135,45,0,0
22336158,2262,57,0,0,22397691,691,36,0,0
22349586,2394,27,0,0,22372686,1425,23,0,0
22400609,2152,59,0,6,22328617,2046,83,0,0
22404625,649,34,0,1,22345486,1250,25,0,0
22421889,968,28,0,11,22384768,1373,18,0,0
22438145,1609,40,0,0,22371835,540,19,0,0
22362509,886,55,0,0,22403867,558,68,0,0
22379656,1174,68,0,6,22379914,1459,35,0,0
22340564,2478,44,0,4,22429910,1274,21,0,0
22305723,734,56,0,5,22326429,771,82,0,0
22431877,483,304,0,0,22398252,392,25,0,0
22381405,619,59,0,3,22389236,2498,28,0,0
22392812,963,30,0,4,22432189,1148,58,0,0
22322037,936,34,0,3,22373266,1473,45,0,0
22349532,1805,12,0,1,22325998,395,35,0,0
22375120,1022,31,0,2,22339885,562,31,0,0
22425458,644,66,0,2,22352856,431,20,0,0
22355777,1873,34,0,2,22423758,2325,18,0,0
22401097,2026,30,0,1,22402511,1871,47,0,0
22345385,1372,18,0,0,22349223,1482,31,0,0
22383467,986,46,0,1,22329517,1580,53,0,0
22419060,661,87,0,2,22334229,1109,30,0,0
22356571,1148,39,0,0,22383317,876,41,0,0
22379390,1902,47,0,4,22402549,507,35,0,0
22390178,1042,43,0,3,22419189,1239,42,0,0
22415321,743,103,0,0,22380631,1174,37,0,0
22397292,2237,60,0,2,22336231,1291,30,0,0
22386452,638,58,0,6,22374596,1364,114,0,0
22339751,1010,41,0,3,22433063,1108,36,0,0
22387817,342,174,0,0,22365538,1839,60,0,0
22358548,830,59,0,1,22366475,1669,43,0,0
22432805,1865,28,0,3,22370167,665,28,0,0
22389338,1858,23,0,2,22338925,701,32,0,0
22324458,682,23,0,2,22391589,1959,19,0,0
22430975,1431,21,0,2,22435230,1332,88,0,0
22333647,869,38,0,0,22333047,1245,42,0,0
22439113,645,44,0,1,22419576,1580,53,0,0
22415079,1514,34,0,0,22392601,1395,93,0,0
22383543,1676,140,0,2,22373523,934,40,0,0
22363993,1472,56,0,1,22326967,761,64,0,0
22378594,1188,39,0,7,22308634,1679,42,0,0
22336088,2206,55,0,0,22345609,978,35,0,0
22375450,692,43,0,5,22421181,1151,29,0,0
22349109,1359,28,0,1,22393117,2297,44,0,0
22432196,723,26,0,0,22389433,900,25,0,0
22351542,771,63,0,1,22405517,346,59,0,0
22438248,809,56,0,3,22361787,952,68,0,0
22318440,1343,37,0,0,22332817,1395,73,0,0
22329262,2026,43,0,0,22423486,1174,82,0,0
22392155,989,55,0,0,22354043,653,59,0,0
22398429,821,36,0,1,22331595,639,30,0,0
22335153,427,69,0,3,22393014,1197,28,0,0
22386693,606,38,0,7,22410583,591,65,0,0
22372587,1193,18,0,1,22402711,2334,29,0,0
22330101,1644,44,0,3,22407731,1159,52,0,0
22440525,2202,31,0,6,22310968,460,49,0,0
22386846,1113,34,0,2,22378133,1046,36,0,0
22357348,607,17,0,3,22404076,961,51,0,0
22407336,2023,59,0,3,22437189,1429,44,0,0
22365747,1008,35,0,1,22364664,1234,24,0,0
22375896,645,67,0,1,22321141,652,50,0,0
22360860,2152,43,0,6,22316113,1163,52,0,0
22384252,170,65,0,1,22323192,1062,68,0,0
22377973,1102,17,0,0,22397774,411,45,0,0
22429146,507,41,0,4,22385683,645,31,0,0
22370472,1418,39,0,1,22394574,773,22,0,0
22421973,1268,56,0,3,22352649,842,44,0,0
22335944,668,37,0,4,22381600,456,28,0,0
22411327,1640,33,0,0,22349344,160,60,0,0
22386621,1731,81,0,0,22438647,1122,26,0,0
22379768,1297,62,0,12,22344039,572,50,0,0
22318728,862,71,0,8,22431051,958,25,0,0
22398765,960,81,0,2,22357745,1485,27,0,0
22441455,1536,29,0,7,22341781,1143,99,0,0
22421617,1375,25,0,0,22365590,2300,15,0,0
22424668,1714,53,0,0,22344476,963,36,0,0
22392955,815,18,0,0,22310139,321,67,0,0
22357920,1015,35,0,0,22403492,732,71,0,0
22319745,976,39,0,8,22375731,641,27,0,0
22442560,680,35,0,0,22355080,1096,23,0,0
22394889,953,71,0,0,22441872,849,72,0,0
22387895,103,56,0,1,22349301,795,27,0,0
22399472,610,40,0,4,22400945,729,58,0,0
22358453,1734,54,0,0,22380254,1928,93,0,0
22344689,1619,50,0,1,22401931,2113,28,0,0
22356716,1841,46,0,1,22384552,1760,26,0,0
22389935,1079,32,0,1,22336150,891,31,0,0
22372729,612,34,0,2,22398633,849,75,0,0
22436500,1572,23,0,6,22440281,1779,40,0,0
22378707,608,73,0,2,22317360,1585,50,0,0
22324170,1634,49,0,1,22381748,1755,51,0,0
22327142,674,42,0,5,22347799,742,38,0,0
22318478,975,48,0,3,22331615,2045,53,0,0
22339998,845,120,0,1,22349050,681,30,0,0
22416755,1787,48,0,2,22443498,2065,20,0,0
22425451,1446,73,0,1,22384612,914,24,0,0
22349463,398,56,0,0,22422883,1397,38,0,0
22349970,364,24,0,2,22371316,1254,51,0,0
22314202,1332,58,0,0,22372988,1399,36,0,0
22382178,1222,23,0,1,22399400,944,57,0,0
22438827,940,26,0,0,22319421,1185,35,0,0
22364674,2097,40,0,1,22387396,557,41,0,0
22336952,1531,93,0,6,22346363,2245,66,0,0
22396670,877,210,0,0,22442480,961,104,0,0
22313892,1443,46,0,0,22432829,1623,43,0,0
22422217,1121,30,0,2,22333199,1904,44,0,0
22421375,816,14,0,2,22339242,1153,16,0,0
22400549,1172,28,0,4,22396719,1015,27,0,0
22382181,319,57,0,3,22351540,1841,29,0,0
22342123,1536,46,0,1,22385628,1464,54,0,0
22377718,2198,35,0,3,22414319,1443,95,0,0
22332144,1873,22,0,0,22324214,1158,28,0,0
22430930,243,44,0,8,22389835,350,109,0,0
22343782,2328,28,0,1,22441512,2143,28,0,0
22385769,539,64,0,3,22427392,1764,48,0,0
22364197,289,39,0,4,22313565,807,67,0,0
22374772,1208,79,0,0,22427893,1986,63,0,0
22317295,398,57,0,2,22373881,1227,28,0,0
22315608,722,73,0,19,22384574,1628,25,0,0
22352794,1349,34,0,1,22433561,2229,39,0,0
22366121,830,59,0,6,22338447,802,47,0,0
22314104,1713,49,0,4,22348260,1346,75,0,0
22332130,732,37,0,1,22372259,889,37,0,0
22329179,1105,48,0,3,22386606,1333,27,0,0
22413439,1147,42,0,0,22314824,1732,65,0,0
22371151,807,37,0,4,22378146,1981,66,0,0
22345336,312,49,0,2,22385281,137,31,0,0
22319273,2207,37,0,1,22440251,547,54,0,0
22358359,131,30,0,1,22368105,953,22,0,0
22376290,729,38,0,0,22431940,1233,19,0,0
22360858,910,30,0,5,22411042,1206,60,0,0
22402943,972,37,0,3,22385521,2141,51,0,0
22384248,1487,69,0,1,22391325,1178,46,0,0
22392693,741,82,0,12,22391083,1244,25,0,0
22373276,1491,75,0,19,22424264,1184,31,0,0
22369410,449,58,0,1,22402025,1697,16,0,0
22418847,1453,53,0,1,22422680,871,44,0,0
22330619,654,52,0,0,22407225,1912,41,0,0
22404248,924,58,0,1,22353437,1816,41,0,0
22342434,402,39,0,2,22413027,1455,59,0,0
22421218,1647,21,0,2,22416353,627,27,0,0
22447007,1053,59,0,1,22323155,1162,28,0,0
22429120,1603,61,0,1,22318361,636,31,0,0
22427499,1644,192,0,9,22369965,741,37,0,0
22413101,1276,48,0,1,22381993,1885,41,0,0
22372001,1498,107,0,0,22432966,1546,53,0,0
22376248,2419,18,0,3,22447413,366,41,0,0
22323607,1294,28,0,0,22335023,724,29,0,0
22328443,1689,40,0,2,22441805,152,57,0,0
22361877,1279,67,0,0,22384242,1987,35,0,0
22406245,1691,44,0,7,22397139,1629,43,0,0
22371107,1364,34,0,2,22399341,1592,23,0,0
22369478,1953,32,0,1,22375414,998,55,0,0
22422291,1216,36,0,5,22370516,985,24,0,0
22346746,1530,29,0,1,22339033,1345,26,0,0
22396722,861,24,0,13,22431295,575,19,0,0
22343467,342,83,0,0,22343939,1242,44,0,0
22349621,1531,47,0,0,22372242,615,65,0,0
22432311,158,40,0,1,22389528,909,74,0,0
22406777,886,43,0,7,22355404,1077,31,0,0
22324167,1345,58,0,2,22408056,657,44,0,0
22408002,687,37,0,10,22364702,420,36,0,0
22428974,1199,32,0,2,22401638,2396,35,0,0
22367972,1637,23,0,0,22317584,892,33,0,0
22350007,1269,72,0,2,22356564,1517,34,0,0
22322239,672,75,0,1,22438604,801,60,0,0
22446188,1372,36,0,3,22341364,601,140,0,0
22318357,1271,67,0,4,22350641,867,50,0,0
22332769,1088,73,0,3,22315977,736,17,0,0
22316862,825,52,0,1,22407121,2422,32,0,0
22385099,1297,37,0,5,22368897,729,67,0,0
22386473,1295,27,0,1,22323858,836,33,0,0
22375649,403,45,0,7,22356547,640,33,0,0
22366243,1452,65,0,8,22327317,1070,19,0,0
22340418,2536,33,0,0,22352514,1281,87,0,0
22348335,251,82,0,3,22368751,1851,55,0,0
22405731,1670,18,0,2,22364462,1082,110,0,0
22333059,1397,46,0,4,22438242,767,21,0,0
22327278,628,30,0,2,22429590,1052,35,0,0
22320910,960,57,0,13,22412802,1244,21,0,0
22350989,1039,29,0,1,22346602,726,78,0,0
22441629,1510,37,0,0,22348119,1403,84,0,0
22399983,399,108,0,2,22391597,310,29,0,0
22427092,1625,43,0,2,22432725,679,47,0,0
22401088,1627,52,0,1,22444640,1459,39,0,0
22393560,1697,52,0,2,22426110,1145,16,0,0
22382120,1229,46,0,1,22348457,2301,33,0,0
22425173,586,33,0,4,22414199,1591,47,0,0
22388915,1406,37,0,3,22432415,1141,16,0,0
22335684,949,25,0,0,22448112,1103,34,0,0
22341046,1961,83,0,0,22345673,2215,35,0,0
22339012,2116,86,0,2,22324866,937,23,0,0
22324461,1859,63,0,0,22394210,130,49,0,0
22400518,1535,52,0,2,22422255,680,23,0,0
22396380,717,26,0,2,22351862,1104,64,0,0
22417864,1759,30,0,1,22434096,1114,55,0,0
22412224,1136,66,0,1,22326969,1473,18,0,0
22410521,449,77,0,1,22442143,2110,79,0,0
22429769,2121,45,0,0,22434280,1102,76,0,0
22344614,1395,56,0,4,22327440,1368,43,0,0
22340749,1117,34,0,1,22336164,2139,41,0,0
22409896,1597,39,0,2,22414139,924,18,0,0
22371980,1973,44,0,1,22318833,1074,64,0,0
22388930,852,65,0,0,22392440,1153,38,0,0
22361829,1556,60,0,0,22445452,622,178,0,0
22329070,1466,28,0,1,22380760,823,65,0,0
22380197,771,43,0,3,22413636,722,43,0,0
22388805,1880,28,0,5,22334179,911,34,0,0
22417634,1257,45,0,1,22449124,1100,46,0,0
22440720,489,52,0,0,22368631,668,35,0,0
22392570,2575,65,0,2,22390013,1307,42,0,0
22366887,1294,51,0,13,22450517,1117,34,0,0
22398445,704,92,0,3,22379306,732,25,0,0
22342930,965,77,0,0,22319277,742,54,0,0
22449097,1325,42,0,6,22347136,1299,34,0,0
22399564,2319,27,0,2,22432490,1375,57,0,0
22382025,1053,38,0,1,22377484,883,37,0,0
22420876,452,37,0,2,22323891,1560,43,0,0
22353797,1429,51,0,0,22394486,1194,48,0,0
22338337,919,33,0,1,22406719,629,33,0,0
22379628,1423,39,0,2,22433373,816,91,0,0
22364659,917,80,0,1,22330874,1045,36,0,0
22397895,857,46,0,1,22450734,202,95,0,0
22441313,1280,63,0,1,22437672,1079,52,0,0
22417032,675,98,0,2,22438978,1187,72,0,0
22434106,726,37,0,2,22369162,1527,54,0,0
22436578,807,37,0,0,22369279,906,53,0,0
22437700,885,53,0,0,22423520,775,68,0,0
22386865,1105,75,0,1,22357987,1169,56,0,0
22393595,831,42,0,7,22443174,652,44,0,0
22403183,1724,97,0,2,22402753,1206,29,0,0
22394207,1468,28,0,2,22381159,1541,78,0,0
22333138,779,31,0,2,22420460,524,90,0,0
22353291,819,52,0,1,22395604,2474,44,0,0
22368185,1107,59,0,1,22440758,1403,49,0,0
22340289,880,32,0,2,22363407,400,36,0,0
22333404,1640,34,0,8,22408485,1749,49,0,0
22410794,1225,17,0,0,22423459,2075,21,0,0
22386565,1056,70,0,4,22398311,1221,33,0,0
22346789,1155,50,0,5,22444054,1461,42,0,0
22366808,538,73,0,1,22346489,1480,21,0,0
22387680,1182,37,0,6,22391643,1369,38,0,0
22401245,1054,73,0,1,22329237,1063,63,0,0
22379427,1010,54,0,1,22421354,643,27,0,0
22369107,1718,38,0,1,22372813,2358,82,0,0
22404287,937,59,0,1,22434217,1861,72,0,0
22380167,823,39,0,6,22333701,753,31,0,0
22334689,1144,49,0,0,22342919,572,30,0,0
22336369,1928,42,0,4,22362938,1295,51,0,0
22393617,834,100,0,1,22423837,924,61,0,0
22393888,528,78,0,1,22440925,2287,37,0,0
22347386,991,46,0,2,22343647,1450,47,0,0
22422934,1628,33,0,1,22435130,882,38,0,0
22333866,446,85,0,2,22434284,859,72,0,0
22405629,782,86,0,0,22352497,2422,31,0,0
22385586,1610,38,0,3,22415337,1206,61,0,0
22351682,998,20,0,1,22374786,1240,31,0,0
22325858,2109,29,0,0,22418087,2150,45,0,0
22400428,451,56,0,3,22424168,2050,39,0,0
22452337,472,33,0,1,22363631,1321,29,0,0
22374692,1690,24,0,1,22399314,764,21,0,0
22370783,1877,64,0,0,22349944,1145,36,0,0
22370500,508,93,0,6,22384764,1345,49,0,0
22448165,722,59,0,1,22405850,1192,55,0,0
22341753,1379,49,0,5,22403895,1508,78,0,0
22404467,792,63,0,0,22404753,553,33,0,0
22383520,683,123,0,2,22340609,918,22,0,0
22387529,776,47,0,3,22375053,682,47,0,0
22403624,967,61,0,2,22334370,411,27,0,0
22389395,1473,37,0,3,22448627,1458,36,0,0
22364443,836,60,0,0,22327923,1164,56,0,0
22431791,1628,22,0,2,22428548,998,31,0,0
22401522,1096,43,0,0,22411094,926,46,0,0
22389773,1169,64,0,4,22408785,1136,48,0,0
22400051,1244,41,0,5,22442368,1024,25,0,0
22449091,696,58,0,1,22429202,610,32,0,0
22364224,963,59,0,1,22382634,1309,56,0,0
22327001,874,66,0,2,22428166,455,79,0,0
22431955,1805,49,0,1,22357763,2298,25,0,0
22343957,1312,26,0,1,22429842,2269,25,0,0
22368693,1391,37,0,3,22396536,1116,37,0,0
22333927,1367,49,0,1,22356747,1206,50,0,0
22446673,913,46,0,9,22408315,1511,35,0,0
22434552,625,74,0,1,22332203,463,20,0,0
22401803,464,34,0,0,22337212,434,47,0,0
22354461,253,45,0,0,22383579,1045,61,0,0
22372824,863,67,0,3,22336960,1796,80,0,0
22348091,1264,122,0,3,22411052,596,82,0,0
22384366,980,46,0,0,22428834,855,39,0,0
22373463,337,55,0,0,22417481,1290,30,0,0
22379065,307,34,0,1,22412653,1836,25,0,0
22417364,1544,47,0,6,22399913,114,65,0,0
22439224,2508,42,0,1,22337536,1913,60,0,0
22348149,1234,61,0,3,22392465,2153,105,0,0
22410887,539,99,0,0,22368975,1637,35,0,0
22446626,893,29,0,1,22379778,278,36,0,0
22380516,130,20,0,3,22439340,1222,57,0,0
22353740,1191,62,0,0,22378686,877,42,0,0
22451305,2236,74,0,2,22403455,1750,95,0,0
22417130,255,74,0,0,22362014,432,19,0,0
22405803,556,46,0,3,22426852,1007,26,0,0
22438010,1631,51,0,1,22411548,740,60,0,0
22448437,1960,32,0,0,22439540,686,24,0,0
22424368,1377,50,0,3,22367062,1726,37,0,0
22371886,163,142,0,1,22421852,965,87,0,0
22404391,2595,23,0,3,22359065,830,87,0,0
22372702,1425,35,0,3,22357313,1787,26,0,0
22335223,727,61,0,4,22381336,1600,38,0,0
22387319,880,45,0,0,22423924,142,97,0,0
22376856,812,41,0,5,22438364,976,28,0,0
22409937,1521,28,0,2,22433038,2241,48,0,0
22451180,1416,41,0,3,22381305,457,42,0,0
22403910,294,43,0,1,22434638,1179,28,0,0
22335979,879,54,0,1,22428261,1227,40,0,0
22379965,1480,84,0,4,22414438,548,43,0,0
22408646,1526,53,0,2,22349707,739,67,0,0
22357143,808,35,0,7,22382249,851,62,0,0
22401543,751,32,0,3,22403376,2111,51,0,0
22376773,1202,28,0,1,22398210,2256,49,0,0
22412325,1780,21,0,1,22411111,120,54,0,0
22402580,1756,46,0,2,22334065,1275,38,0,0
22334253,665,183,0,1,22334256,1680,23,0,0
22339249,1013,30,0,1,22450320,1663,60,0,0
22385242,905,63,0,0,22419433,1311,41,0,0
22360415,1107,36,0,3,22456409,1915,33,0,0
22375698,1239,39,0,7,22353680,1206,30,0,0
22426147,903,29,0,1,22343941,1071,81,0,0
22393015,1158,44,0,7,22417968,1380,47,0,0
22343555,915,53,0,2,22404352,2569,23,0,0
22399633,1456,34,0,1,22444949,665,61,0,0
22418901,1171,31,0,5,22447780,921,52,0,0
22412966,1133,68,0,2,22445438,825,74,0,0
22416458,998,40,0,0,22353112,659,23,0,0
22364416,2431,40,0,1,22397973,1403,59,0,0
22386303,494,112,0,1,22354788,1131,29,0,0
22342055,1471,54,0,1,22406898,1695,62,0,0
22393078,1358,40,0,3,22381377,630,37,0,0
22426670,1309,48,0,2,22436830,1605,29,0,0
22450918,633,59,0,1,22334463,1261,46,0,0
22412820,621,89,0,4,22348803,1298,19,0,0
22446260,640,38,0,4,22372743,760,102,0,0
22425452,1201,27,0,1,22338899,650,33,0,0
22373299,1269,34,0,13,22377705,572,112,0,0
22369323,1265,34,0,1,22345670,596,22,0,0
22382937,2178,41,0,2,22365259,1120,51,0,0
22377671,622,24,0,1,22373661,1153,42,0,0
22341621,1899,33,0,1,22343068,1118,119,0,0
22379405,1055,31,0,5,22414117,1107,51,0,0
22376575,527,16,0,4,22450225,662,63,0,0
22370763,840,159,0,10,22446774,1446,25,0,0
22408295,619,26,0,0,22403959,702,75,0,0
22393539,1694,33,0,0,22457495,1090,31,0,0
22393190,967,33,0,11,22402779,593,92,0,0
22391477,934,34,0,1,22420274,855,26,0,0
22428793,1300,48,0,5,22388945,1635,38,0,0
22435948,1142,26,0,0,22367599,1853,24,0,0
22363290,2088,29,0,5,22341630,967,78,0,0
22377051,859,51,0,1,22355676,1533,39,0,0
22397077,651,58,0,1,22427716,1389,45,0,0
22356491,1606,45,0,7,22441925,841,24,0,0
22440104,2049,47,0,2,22443700,668,36,0,0
22392897,731,66,0,2,22420355,1966,19,0,0
22394439,967,28,0,2,22384588,1118,31,0,0
22423358,1803,50,0,1,22333708,658,42,0,0
22440272,988,31,0,4,22399944,1011,65,0,0
22422699,870,47,0,0,22349316,946,24,0,0
22457557,1116,31,0,2,22437228,726,25,0,0
22454318,1949,44,0,1,22422362,1221,58,0,0
22452316,1185,30,0,4,22444872,797,34,0,0
22393936,297,41,0,2,22431781,677,44,0,0
22429332,1115,60,0,2,22343845,1679,40,0,0
22439012,1164,57,0,0,22374990,363,66,0,0
22403349,1437,56,0,2,22413364,901,44,0,0
22406112,1651,28,0,2,22387267,2178,57,0,0
22331896,1090,23,0,4,22454043,1177,60,0,0
22386515,1199,54,0,0,22413799,643,42,0,0
22437549,1429,48,0,1,22428113,567,55,0,0
22444570,962,29,0,1,22408055,2146,69,0,0
22399605,859,49,0,1,22428635,413,255,0,0
22358617,1386,59,0,1,22455658,656,20,0,0
22385641,1271,39,0,2,22374197,1227,60,0,0
22335399,113,54,0,0,22402140,1645,56,0,0
22408396,2290,43,0,1,22418991,787,46,0,0
22402302,435,69,0,3,22447467,1127,55,0,0
22367309,776,41,0,8,22438067,1803,56,0,0
22380859,1916,60,0,2,22442728,850,47,0,0
22358703,1200,31,0,0,22398714,923,36,0,0
22432025,2392,48,0,2,22358965,1547,56,0,0
22442970,755,54,0,5,22434102,1525,48,0,0
22416123,1135,108,0,2,22380911,1476,33,0,0
22399058,1879,28,0,1,22377275,1993,58,0,0
22445979,697,27,0,6,22403117,802,49,0,0
22417303,256,82,0,1,22364527,2317,65,0,0
22374128,1176,64,0,0,22444498,485,38,0,0
22378516,680,28,0,1,22370567,1186,44,0,0
22447911,1317,46,0,1,22338107,1366,28,0,0
22343377,1676,84,0,0,22345835,702,24,0,0
22351583,780,61,0,0,22350304,770,44,0,0
22384298,963,31,0,1,22388728,301,106,0,0
22401557,749,74,0,2,22435507,1704,40,0,0
22341247,1067,61,0,1,22374778,880,34,0,0
22407455,2169,16,0,0,22334754,1157,103,0,0
22350344,1418,83,0,4,22455917,1660,19,0,0
22341966,1161,33,0,4,22411438,1949,44,0,0
22406446,2464,48,0,1,22434823,1375,61,0,0
22357962,907,58,0,5,22400582,1301,35,0,0
22370221,627,51,0,1,22405911,926,54,0,0
22385843,1580,24,0,0,22351328,2051,55,0,0
22419690,959,35,0,6,22460904,213,23,0,0
22438924,1070,43,0,1,22439176,1692,61,0,0
22443317,944,67,0,1,22453254,1635,27,0,0
22429213,1197,31,0,5,22444730,1074,39,0,0
22339485,680,85,0,0,22421074,623,45,0,0
22436284,1837,49,0,0,22416449,1710,49,0,0
22379159,1062,79,0,0,22414929,695,32,0,0
22434149,1867,35,0,0,22344930,2030,58,0,0
22428853,2130,44,0,0,22457777,596,69,0,0
22400604,881,35,0,4,22381922,1528,26,0,0
22348098,1591,52,0,9,22414019,1048,58,0,0
22392682,1668,39,0,2,22437021,819,48,0,0
22409793,1208,45,0,2,22396639,708,26,0,0
22449130,1605,59,0,0,22370657,1056,12,0,0
22444269,1555,22,0,13,22391316,612,60,0,0
22385847,824,48,0,0,22354112,488,48,0,0
22366170,670,18,0,2,22412140,1261,125,0,0
22455105,1003,85,0,1,22367985,1960,44,0,0
22366069,131,94,0,0,22389202,1925,40,0,0
22439086,1522,26,0,1,22360652,1766,41,0,0
22346936,932,29,0,1,22438977,194,39,0,0
22436213,1611,38,0,0,22398548,1683,21,0,0
22379990,826,101,0,10,22378312,1244,46,0,0
22415046,1678,47,0,7,22396951,870,52,0,0
22346254,2501,29,0,3,22400296,1023,45,0,0
22357177,693,38,0,1,22361142,963,16,0,0
22354034,518,61,0,1,22412447,1698,33,0,0
22357360,664,65,0,2,22396333,1320,31,0,0
22422644,716,56,0,0,22461682,674,82,0,0
22460114,1792,20,0,0,22446633,906,35,0,0
22407189,242,59,0,2,22421905,987,31,0,0
22455004,1587,78,0,2,22424709,2589,25,0,0
22345193,673,34,0,1,22448734,716,49,0,0
22424058,667,54,0,1,22459916,825,41,0,0
22420314,2174,19,0,1,22430862,613,66,0,0
22430582,2329,35,0,0,22345822,238,19,0,0
22346452,626,40,0,3,22372467,1217,69,0,0
22343199,625,27,0,0,22434093,1035,51,0,0
22377789,1786,37,0,1,22400544,464,44,0,0
22414804,1139,44,0,2,22350752,1161,50,0,0
22334775,1511,60,0,7,22382012,1094,25,0,0
22445177,1350,60,0,2,22419620,1611,67,0,0
22463104,997,65,0,2,22407155,1909,78,0,0
22422461,1941,51,0,1,22372691,1548,170,0,0
22389472,696,32,0,2,22445172,775,48,0,0
22381469,1070,26,0,8,22345997,945,32,0,0
22364361,1796,39,0,0,22336946,1693,28,0,0
22372891,677,126,0,1,22365123,548,84,0,0
22440374,951,78,0,0,22453922,664,64,0,0
22391364,1411,79,0,1,22373517,1198,28,0,0
22427006,1975,45,0,4,22374376,1176,34,0,0
22408061,1177,33,0,1,22448579,866,17,0,0
22409639,1605,48,0,1,22360046,1714,30,0,0
22413126,1021,33,0,0,22381365,1229,25,0,0
22447937,1690,28,0,1,22456819,1035,22,0,0
22353860,1888,42,0,0,22412443,2010,45,0,0
22438834,1495,112,0,3,22378905,831,31,0,0
22378892,1032,71,0,2,22345421,1923,51,0,0
22419173,794,53,0,8,22380608,975,59,0,0
22396293,390,79,0,5,22410606,2409,96,0,0
22356499,340,49,0,10,22419184,1678,53,0,0
22406367,809,55,0,1,22339281,994,59,0,0
22397664,1378,61,0,3,22426228,1037,33,0,0
22365775,446,31,0,0,22462949,2360,31,0,0
22373683,1339,34,0,3,22433948,334,79,0,0
22365345,1658,44,0,2,22388329,855,28,0,0
22459211,897,51,0,0,22451354,1752,27,0,0
22382355,1429,55,0,0,22460899,720,53,0,0
22420421,1116,48,0,3,22452307,663,45,0,0
22390837,2353,47,0,3,22443610,911,55,0,0
22367104,1016,53,0,2,22373363,957,49,0,0
22376435,1475,43,0,2,22397308,1148,92,0,0
22363321,1826,33,0,4,22464900,1896,25,0,0
22373301,1063,43,0,1,22394083,775,55,0,0
22345531,1315,62,0,1,22340435,2338,35,0,0
22384206,1441,61,0,0,22428888,1269,76,0,0
22431203,1426,33,0,0,22460800,1810,38,0,0
22356728,1706,32,0,12,22434173,408,48,0,0
22442616,1195,63,0,4,22362288,2052,68,0,0
22344087,589,68,0,2,22404190,2029,32,0,0
22423661,755,43,0,3,22366813,839,35,0,0
22407772,1719,29,0,3,22462676,1323,13,0,0
22363093,737,56,0,0,22435303,1328,74,0,0
22402153,834,31,0,2,22447925,1105,68,0,0
22430487,1786,67,0,0,22388695,1112,40,0,0
22464846,1508,42,0,3,22368664,1981,33,0,0
22454444,809,95,0,1,22366545,816,38,0,0
22443195,1272,50,0,1,22381636,1704,69,0,0
22403655,1075,120,0,1,22459509,814,25,0,0
22344002,1187,33,0,5,22449128,531,49,0,0
22466358,621,41,0,3,22448875,2200,44,0,0
22391898,522,23,0,4,22398675,2414,59,0,0
22432986,1093,62,0,2,22384136,1524,65,0,0
22363846,893,26,0,0,22341466,874,49,0,0
22430426,402,42,0,0,22461285,2248,71,0,0
22400513,119,41,0,3,22364639,1698,47,0,0
22369786,1280,43,0,1,22409879,350,44,0,0
22379929,1328,46,0,0,22414655,1254,23,0,0
22343701,359,24,0,4,22350281,591,60,0,0
22408968,2167,19,0,0,22368620,1115,69,0,0
22411005,885,39,0,3,22430145,459,30,0,0
22408658,2140,29,0,2,22402355,1633,66,0,0
22377296,698,84,0,5,22441699,1405,19,0,0
22396993,832,53,0,5,22387601,2008,32,0,0
22445079,361,67,0,0,22430870,1056,29,0,0
22454746,702,44,0,2,22421784,343,63,0,0
22343101,921,47,0,0,22417263,153,44,0,0
22386869,1156,65,0,2,22389154,848,67,0,0
22446238,1149,15,0,0,22390586,672,41,0,0
22400948,939,45,0,0,22347783,2136,20,0,0
22362997,840,69,0,1,22361492,191,23,0,0
22366585,933,57,0,3,22468777,1243,35,0,0
22435064,1679,87,0,0,22438164,1127,62,0,0
22454348,1365,23,0,1,22420826,1183,38,0,0
22430493,1835,30,0,1,22452820,600,17,0,0
22357504,1662,21,0,4,22388973,1495,25,0,0
22443232,1734,49,0,2,22401940,494,96,0,0
22366586,767,22,0,0,22447688,214,178,0,0
22358220,513,105,0,0,22466045,1663,46,0,0
22349271,1619,83,0,1,22450983,1121,27,0,0
22436868,1100,44,0,1,22343057,699,106,0,0
22464618,1826,24,0,2,22388950,830,20,0,0
22407352,556,47,0,3,22439325,918,29,0,0
22423952,2168,44,0,1,22464336,1077,26,0,0
22437716,1758,24,0,7,22386619,1298,24,0,0
22419923,799,104,0,2,22445373,963,51,0,0
22458635,1240,27,0,3,22382477,764,59,0,0
22430663,984,31,0,0,22437101,654,31,0,0
22462251,2459,47,0,2,22391061,1138,54,0,0
22423845,1048,63,0,0,22380128,1911,72,0,0
22447724,565,46,0,0,22352880,878,38,0,0
22358559,735,31,0,6,22342674,1477,63,0,0
22443274,625,81,0,1,22369704,895,33,0,0
22396782,474,51,0,5,22427090,1712,54,0,0
22436842,1993,20,0,0,22432437,610,24,0,0
22345096,2323,27,0,11,22341910,2296,30,0,0
22444010,1708,56,0,0,22430233,318,119,0,0
22414170,898,79,0,0,22354053,1714,25,0,0
22430387,1844,57,0,2,22357850,947,47,0,0
22452882,1776,55,0,1,22390186,992,74,0,0
22366914,682,28,0,2,22342357,2200,70,0,0
22443765,1184,47,0,1,22441489,1356,33,0,0
22379877,1311,50,0,4,22469717,696,85,0,0
22352226,1063,51,0,2,22397316,1428,59,0,0
22461655,566,36,0,1,22423844,2423,77,0,0
22425903,1160,45,0,1,22411511,1074,55,0,0
22452388,734,31,0,2,22433185,1155,53,0,0
22376373,1174,18,0,1,22405523,960,57,0,0
22375114,832,61,0,3,22435272,1187,46,0,0
22349788,170,54,0,2,22445417,580,59,0,0
22374502,614,52,0,0,22386008,1627,26,0,0
22383888,1726,48,0,5,22414024,805,47,0,0
22397025,1664,45,0,2,22378898,1051,19,0,0
22414062,973,34,0,2,22359917,1004,44,0,0
22377128,424,111,0,1,22464756,1500,49,0,0
22401967,1711,19,0,2,22421408,1156,25,0,0
22410435,514,79,0,0,22459784,752,42,0,0
22460188,512,50,0,1,22387200,2096,66,0,0
22456270,902,83,0,1,22409603,927,67,0,0
22374601,360,88,0,2,22396338,689,92,0,0
22357609,2387,37,0,1,22356423,609,41,0,0
22365665,904,91,0,2,22432002,894,60,0,0
22348158,869,101,0,1,22421665,319,59,0,0
22369145,2024,68,0,1,22436464,326,56,0,0
22428521,1661,44,0,2,22350351,390,37,0,1
22415567,656,76,0,3,22455404,2593,35,0,0
22377017,521,62,0,1,22418079,2166,45,0,0
22447270,698,44,0,3,22405020,504,98,0,0
22469116,612,54,0,1,22453850,2286,45,0,0
22393143,1644,113,0,1,22433081,834,88,0,0
22381139,1177,32,0,4,22437119,1783,60,0,0
22354536,1600,59,0,1,22453535,1869,57,0,0
22378921,1137,17,0,2,22423599,882,66,0,0
22464138,1626,36,0,1,22344706,1232,51,0,0
22432947,1186,53,0,5,22400523,733,28,0,0
22466072,1617,55,0,4,22383019,634,47,0,0
22384291,2310,72,0,1,22438432,809,40,0,0
22357684,1425,25,0,1,22441539,1075,47,0,0
22443883,330,18,0,2,22453704,2409,23,0,0
22358939,1211,39,0,3,22353934,1218,66,0,0
22464787,478,63,0,6,22431367,867,35,0,0
22362230,2141,43,0,2,22415666,713,69,0,0
22359043,771,34,0,2,22472022,625,15,0,0
22446194,1122,31,0,2,22384538,1032,59,0,0
22425898,1305,56,0,4,22379631,2212,29,0,0
22376956,750,30,0,2,22470772,336,57,0,0
22427880,963,46,0,3,22352875,768,31,0,0
22398179,2011,49,0,0,22444831,630,17,0,0
22362532,454,64,0,5,22415371,1017,59,0,0
22388290,798,45,0,8,22369483,1121,33,0,0
22405765,2492,22,0,2,22451080,887,64,0,0
22432065,667,86,0,2,22369480,1107,117,0,0
22447026,1351,31,0,2,22430591,682,186,0,0
22437411,554,15,0,3,22386500,1194,60,0,0
22385915,1564,45,0,0,22459877,1520,53,0,0
22434451,408,39,0,2,22394908,2332,62,0,0
22451141,1573,86,0,5,22356011,999,37,0,0
22447753,1546,57,0,2,22369539,1369,33,0,0
22384679,1895,58,0,2,22374470,2003,34,0,0
22460406,884,78,0,2,22385497,184,51,0,0
22428353,1708,19,0,2,22438644,1524,23,0,0
22357844,884,24,0,2,22380363,2001,29,0,0
22420880,1768,73,0,1,22407691,919,44,0,0
22411461,763,61,0,6,22403544,1392,42,0,0
22378973,1793,49,0,3,22460072,1080,43,0,0
22423097,945,48,0,1,22456154,1483,41,0,0
22364165,2181,48,0,5,22412551,1038,80,0,0
22384165,960,74,0,1,22459489,909,51,0,0
22392284,977,21,0,2,22377401,2229,36,0,0
22392888,421,56,0,2,22363222,1479,56,0,0
22391096,612,63,0,0,22406573,449,78,0,0
22403917,666,115,0,1,22431338,1579,22,0,0
22427631,656,36,0,3,22380816,1893,39,0,0
22412146,1162,15,0,1,22373539,1970,41,0,0
22364200,2237,51,0,2,22371249,1599,53,0,0
22448943,1208,46,0,1,22460301,418,141,0,0
22471918,1438,83,0,2,22391743,1116,28,0,0
22414294,1830,26,0,1,22353389,1119,28,0,0
22392058,382,103,0,2,22461853,1123,85,0,0
22385982,449,90,0,2,22368532,1658,25,0,0
22352718,1552,71,0,2,22410516,1277,50,0,0
22424002,1128,29,0,1,22375128,1579,26,0,0
22394759,1060,64,0,12,22412644,1151,38,0,0
22421136,2239,47,0,0,22443501,765,36,0,0
22419766,1643,31,0,1,22464869,400,35,0,0
22419076,972,36,0,1,22402362,2190,32,0,0
22404365,1387,42,0,0,22392257,1615,26,0,0
22472914,1121,55,0,2,22425700,2528,21,0,0
22461432,1747,26,0,0,22458652,967,61,0,0
22428190,1215,71,0,2,22381028,1034,48,0,0
22403103,1564,91,0,2,22385698,453,42,0,0
22392131,674,40,0,2,22475542,2076,39,0,0
22423659,1412,31,0,4,22470567,799,61,0,0
22474107,1624,65,0,1,22451623,652,38,0,0
22474034,1773,23,0,3,22464640,1601,70,0,0
22356715,1552,40,0,1,22421763,1463,46,0,0
22403707,478,36,0,1,22368090,1501,31,0,0
22354954,763,45,0,0,22429879,1089,78,0,0
22459836,968,79,0,2,22436478,999,41,0,0
22461322,1267,26,0,4,22403021,661,45,0,0
22444305,2286,51,0,0,22430597,1486,44,0,0
22434045,1797,42,0,1,22393524,2038,41,0,0
22420993,834,42,0,3,22418806,1294,64,0,0
22475581,1350,45,0,2,22381979,1293,17,0,0
22450405,1248,64,0,2,22358043,1633,192,0,0
22412861,346,127,0,1,22413850,2159,39,0,0
22396271,1425,17,0,1,22371491,1336,73,0,0
22363896,1296,108,0,1,22381749,998,64,0,0
22416904,692,67,0,2,22435597,818,54,0,0
22373135,671,56,0,2,22384476,196,35,0,0
22417874,1649,31,0,2,22450594,729,61,0,0
22381608,642,62,0,2,22355432,1614,53,0,0
22472171,685,72,0,2,22428596,1008,25,0,0
22359434,555,80,0,1,22359334,1944,46,0,0
22353382,842,34,0,0,22434924,1716,36,0,0
22367051,2407,54,0,5,22397190,1528,28,0,0
22442888,887,40,0,5,22472534,1409,24,0,0
22384425,488,58,0,5,22418731,1772,31,0,0
22376841,1510,32,0,0,22430969,1692,27,0,0
22459533,1349,49,0,1,22435363,501,46,0,0
22403144,1010,44,0,5,22368777,794,28,0,0
22367718,572,61,0,1,22366099,985,33,0,0
22465420,1229,55,0,1,22391007,451,39,0,0
22388396,790,32,0,2,22407089,1660,27,0,0
22417358,1782,50,0,1,22400385,1634,34,0,0
22427336,844,30,0,1,22473287,1656,61,0,0
22421510,2538,41,0,3,22375812,496,25,0,0
22359435,958,34,0,1,22401434,644,33,0,0
22449062,1022,28,0,1,22362486,432,41,0,0
22398931,795,54,0,0,22349169,854,28,0,0
22387553,1383,68,0,2,22473347,571,58,0,0
22371658,1497,28,0,1,22414092,1495,58,0,0
22362312,628,62,0,4,22419777,449,38,0,0
22388503,2106,46,0,12,22386792,1112,66,0,0
22391927,1034,95,0,4,22359675,2248,25,0,0
22411611,210,58,0,1,22403831,1948,99,0,0
22464469,570,115,0,0,22384185,225,85,0,0
22349503,2036,23,0,3,22473328,2263,35,0,0
22392484,184,62,0,5,22427461,1537,30,0,0
22391039,973,46,0,2,22386897,397,54,0,0
22468057,945,63,0,3,22397455,746,16,0,0
22394500,1062,38,0,1,22423865,1524,40,0,0
22444981,1321,41,0,0,22436480,277,115,0,0
22374997,659,79,0,5,22376605,1277,35,0,0
22420700,795,24,0,4,22377080,1068,42,0,0
22391187,2102,122,0,2,22364183,740,78,0,0
22364900,1956,95,0,0,22426691,1072,35,0,0
22466318,1884,44,0,1,22361137,1098,47,0,0
22350664,694,33,0,0,22453733,776,91,0,0
22461765,879,45,0,3,22451671,693,63,0,0
22459905,1558,33,0,0,22435449,1192,104,0,0
22377977,999,51,0,0,22417783,1001,24,0,0
22415154,355,58,0,0,22423114,1191,45,0,0
22476961,935,36,0,0,22457339,1800,47,0,0
22354662,1251,47,0,0,22400599,1487,20,0,0
22354692,2158,42,0,0,22460490,757,54,0,0
22413691,1306,42,0,2,22443242,179,151,0,0
22439480,1956,39,0,12,22352347,1700,59,0,0
22469821,1097,38,0,1,22376654,1128,146,0,0
22361994,2482,20,0,1,22424943,1391,37,0,0
22387854,893,23,0,3,22371901,917,81,0,0
22399475,1244,72,0,0,22427306,1580,40,0,0
22408840,1533,52,0,3,22403119,278,52,0,0
22422485,957,21,0,3,22391027,416,83,0,0
22406618,1690,82,0,2,22426918,687,18,0,0
22475690,1027,36,0,1,22445011,1895,57,0,0
22354467,2580,61,0,2,22470979,955,41,0,0
22459463,1131,49,0,2,22454217,1539,79,0,0
22385480,2525,48,0,1,22376041,470,101,0,0
22479693,969,58,0,14,22424105,621,73,0,0
22377216,1967,19,0,8,22408819,427,45,0,0
22368525,973,64,0,9,22381656,1348,78,0,0
22442747,999,73,0,0,22382292,146,26,0,0
22400615,206,85,0,1,22430667,135,51,0,0
22473643,2111,26,0,2,22479013,565,27,0,0
22445917,730,78,0,1,22398697,1651,37,0,0
22475537,1700,31,0,2,22372717,804,36,0,0
22408038,1162,41,0,3,22416705,620,65,0,0
22375334,1200,43,0,0,22383305,1521,40,0,0
22395238,858,134,0,2,22480139,1067,47,0,0
22436474,1392,18,0,12,22443006,313,55,0,0
22475469,595,43,0,0,22399299,2320,77,0,0
22419258,844,95,0,2,22374801,883,131,0,0
22423041,810,36,0,6,22468579,1162,65,0,0
22390329,798,55,0,2,22436489,2080,55,0,0
22370538,1942,57,0,0,22464916,1265,35,0,0
22456152,974,54,0,4,22437273,764,13,0,0
22409928,1135,33,0,2,22355341,236,66,0,0
22394279,1794,55,0,0,22380467,1331,123,0,0
22418400,1724,30,0,1,22388951,1959,33,0,0
22438688,343,177,0,0,22368479,1907,63,0,0
22391736,257,59,0,2,22407921,717,39,0,0
22447936,1138,28,0,2,22444932,1638,74,0,0
22480904,1103,45,0,2,22403645,323,48,0,0
22453195,1945,21,0,6,22381483,474,103,0,0
22474421,1451,46,0,0,22377104,1396,66,0,0
22413989,1407,27,0,0,22419971,2026,49,0,0
22391932,1134,65,0,0,22441636,2144,61,0,0
22452981,168,63,0,0,22383429,875,25,0,0
22444428,1154,23,0,0,22387226,937,14,0,0
22455834,1026,38,0,1,22393191,1965,71,0,0
22376124,666,39,0,3,22419880,743,36,0,0
22396328,1098,35,0,2,22430188,899,76,0,0
22362505,879,59,0,5,22453063,1701,35,0,0
22363587,573,34,0,0,22437103,1719,45,0,0
22382531,925,82,0,2,22373527,114,34,0,0
22402145,1181,60,0,0,22407534,697,70,0,0
22429890,1250,36,0,2,22481942,1068,62,0,0
22398816,354,53,0,4,22391986,676,52,0,0
22421610,542,70,0,6,22383704,1089,45,0,0
22402512,2255,40,0,1,22466137,1474,45,0,0
22362049,654,70,0,0,22450767,837,29,0,0
22379806,1367,21,0,1,22443970,1635,91,0,0
22396984,914,41,0,6,22357468,835,52,0,0
22475284,1131,74,0,0,22378245,880,54,0,0
22393497,1497,42,0,3,22387037,882,85,0,0
22408997,663,54,0,2,22374102,1142,93,0,0
22411513,841,44,0,2,22387622,1352,63,0,0
22401619,1341,47,0,1,22379482,226,33,0,0
22455597,793,48,0,1,22359502,229,44,0,0
22469213,478,36,0,1,22418401,902,43,0,0
22406895,635,22,0,1,22431093,1226,31,0,0
22427542,1062,104,0,1,22476618,1264,83,0,0
22479380,2569,78,0,1,22394689,1485,102,0,0
22427602,1185,40,0,10,22395658,863,44,0,0
22394612,915,64,0,2,22418378,726,37,0,0
22395574,2143,55,0,3,22375342,1466,25,0,0
22424436,810,71,0,1,22425199,1372,22,0,0
22459137,1633,33,0,2,22470671,822,47,0,0
22411368,1042,34,0,1,22455093,664,60,0,0
22440983,816,46,0,1,22485129,824,35,0,0
22384862,777,35,0,3,22414327,1984,28,0,0
22371421,2266,86,0,0,22456141,1379,84,0,0
22368361,768,23,0,2,22480413,1864,29,0,0
22433809,1559,37,0,16,22467918,2484,45,0,0
22413646,1509,68,0,1,22405938,1388,42,0,0
22459664,2432,38,0,2,22361563,1927,71,0,0
22376035,1270,42,0,2,22408587,2060,36,0,0
22358258,792,64,0,3,22446913,1621,47,0,0
22407492,1503,54,0,9,22415895,1415,67,0,0
22410314,1212,31,0,0,22472185,1383,42,0,0
22432232,642,50,0,4,22464589,2059,37,0,0
22461862,1053,51,0,5,22447137,1157,58,0,0
22425870,839,28,0,2,22385630,2245,56,0,0
22359322,434,70,0,4,22412379,1413,41,0,0
22476175,1156,49,0,6,22381845,883,51,0,0
22445850,1321,39,0,0,22371631,1227,14,0,0
22391140,1542,27,0,3,22367935,1394,57,0,0
22356580,2115,29,0,0,22367770,1756,23,0,0
22397772,1510,23,0,2,22396433,632,62,0,0
22443755,1218,58,0,0,22443654,1960,42,0,0
22382210,560,72,0,1,22418955,1716,99,0,0
22421817,604,83,0,1,22404895,606,60,0,0
22453853,1599,47,0,6,22470636,1351,172,0,0
22397574,1623,39,0,0,22418466,1728,59,0,0
22432040,1545,35,0,2,22392383,1433,37,0,0
22484646,530,23,0,3,22359291,554,57,0,0
22432399,1930,63,0,0,22445859,885,60,0,0
22385558,1429,23,0,1,22434580,764,84,0,0
22477680,1009,41,0,1,22377590,834,36,0,0
22464255,1840,19,0,1,22394798,858,29,0,0
22474827,1027,48,0,0,22368121,971,61,0,0
22373504,849,80,0,1,22458615,1985,38,0,0
22361545,2039,49,0,1,22481489,1098,53,0,0
22465710,1247,30,0,2,22360172,1134,62,0,0
22425918,1250,33,0,1,22389953,1816,61,0,0
22404861,662,34,0,1,22465661,1396,18,0,0
22392718,1968,56,0,4,22411868,1405,61,0,0
22392609,805,122,0,1,22395376,863,50,0,0
22431473,356,78,0,0,22460703,675,154,0,0
22449058,1169,43,0,6,22400279,2262,41,0,0
22362789,2525,33,0,7,22416482,1484,41,0,0
22398760,787,73,0,5,22369003,1855,75,0,0
22454589,616,19,0,1,22449920,1077,46,0,0
22465880,1976,57,0,0,22432824,826,26,0,0
22405603,1043,18,0,1,22483842,1055,39,0,0
22461101,2587,64,0,1,22468613,766,48,0,0
22458109,1311,36,0,0,22361432,987,25,0,0
22401948,1119,66,0,3,22365544,1129,45,0,0
22470379,305,36,0,3,22406551,941,37,0,0
22480272,907,48,0,3,22448403,533,19,0,0
22366927,1285,44,0,3,22432833,687,29,0,0
22460669,849,18,0,1,22435296,1683,40,0,0
22426292,2440,56,0,8,22481293,2073,40,0,0
22478161,997,55,0,0,22422976,1465,85,0,0
22436379,1182,79,0,5,22368855,1168,58,0,0
22439359,818,143,0,0,22409339,2311,84,0,0
22385014,691,32,0,4,22408495,1368,63,0,0
22488271,2037,30,0,0,22399226,1410,47,0,0
22409274,835,56,0,0,22462952,1153,31,0,0
22403854,463,42,0,3,22471008,1634,67,0,0
22474775,804,38,0,7,22364964,1207,27,0,0
22358949,642,36,0,0,22435361,635,68,0,0
22366991,750,92,0,2,22486957,1245,55,0,0
22390081,640,67,0,2,22454264,450,44,0,0
22411707,528,23,0,2,22410193,1304,42,0,0
22389007,979,32,0,2,22453568,1724,43,0,0
22451004,1977,17,0,2,22481627,2206,55,0,0
22397305,1646,26,0,3,22484844,1198,31,0,1
22416152,370,46,0,8,22402717,1675,40,0,0
22462852,569,88,0,2,22456756,1060,116,0,0
22429471,1342,39,0,2,22441408,802,60,0,0
22387222,1396,23,0,1,22412804,1635,23,0,0
22432402,251,29,0,0,22412405,1063,58,0,0
22432965,2040,29,0,1,22456942,1575,25,0,0
22485168,399,28,0,0,22443535,1166,44,0,0
22403286,607,30,0,2,22386762,1099,57,0,0
22405044,290,42,0,0,22423421,1223,50,0,0
22378724,492,32,0,3,22459177,1553,31,0,0
22408581,1341,46,0,3,22458679,1226,23,0,0
22413195,1917,48,0,1,22377544,1555,18,0,0
22388264,996,43,0,3,22462483,588,43,0,0
22438640,1175,94,0,1,22412484,722,30,0,0
22365564,465,47,0,3,22425664,1908,50,0,0
22444243,269,27,0,3,22364737,403,46,0,0
22386529,1712,50,0,3,22384302,1196,17,0,0
22453682,963,37,0,4,22364236,612,37,0,0
22407679,2180,93,0,8,22456816,2322,40,0,0
22486806,480,69,0,4,22475032,1157,77,0,0
22418106,875,36,0,0,22376821,1608,29,0,0
22443106,432,38,0,2,22424309,1309,35,0,0
22391509,1162,59,0,1,22383916,958,48,0,0
22425406,602,136,0,3,22371480,587,74,0,0
22360830,782,65,0,1,22383809,231,36,0,0
22362963,1410,47,0,0,22488013,1278,28,0,0
22444910,1638,48,0,1,22367673,1407,61,0,0
22471499,445,26,0,0,22439006,1896,35,0,0
22411083,2193,21,0,6,22362227,1189,43,0,0
22436221,1157,38,0,2,22393098,1076,71,0,0
22457094,1083,34,0,2,22394021,1677,77,0,0
22480021,622,39,0,3,22489315,2237,34,0,0
22475471,697,76,0,3,22469827,388,49,0,0
22423270,281,43,0,1,22399630,1200,45,0,0
22448343,2104,31,0,6,22434974,1452,46,0,0
22455134,569,31,0,1,22432150,633,74,0,0
22473458,1960,48,0,3,22455147,992,29,0,0
22477714,1622,51,0,2,22463267,1814,34,0,0
22379049,1589,97,0,2,22463515,2381,26,0,0
22428372,1896,60,0,3,22395603,569,50,0,0
22423468,1575,35,0,1,22437282,1162,26,0,0
22410363,1779,39,0,0,22367791,2515,21,0,0
22386926,1907,32,0,0,22414945,1203,28,0,0
22432185,1048,80,0,0,22417861,979,51,0,0
22475737,774,59,0,3,22487913,980,46,0,0
22368430,649,61,0,3,22368411,1564,19,0,1
22387400,357,16,0,1,22367868,831,48,0,0
22465931,1932,39,0,0,22456225,1586,61,0,0
22423428,1106,31,0,1,22467240,936,42,0,0
22491728,200,61,0,3,22459411,731,43,0,0
22455820,995,60,0,2,22437643,1003,29,0,0
22379992,1010,25,0,1,22458171,987,28,0,0
22373663,804,36,0,2,22411315,1530,19,0,0
22377394,1900,46,0,1,22389614,1068,32,0,0
22482640,961,36,0,0,22444576,1253,55,0,0
22375215,1443,19,0,3,22430572,810,35,0,0
22489119,1322,36,0,1,22459025,1044,33,0,0
22485272,761,109,0,3,22411286,997,33,0,0
22484202,1840,34,0,5,22474118,1226,33,0,0
22373822,1288,22,0,2,22424179,885,76,0,0
22492375,613,48,0,3,22417674,913,95,0,0
22405858,920,26,0,6,22479338,725,72,0,0
22483379,625,41,0,1,22462533,1941,107,0,0
22471023,2255,28,0,0,22453096,1277,64,0,0
22395520,1352,37,0,0,22450854,1664,61,0,0
22471804,1415,38,0,4,22424466,142,35,0,0
22461186,2106,44,0,0,22429983,887,44,0,0
22403073,1383,48,0,2,22374517,788,18,0,0
22363809,902,22,0,8,22406393,1028,35,0,0
22397368,1789,49,0,0,22438608,757,22,0,0
22399410,2056,27,0,3,22452105,2389,49,0,0
22441413,1942,75,0,7,22380216,2340,63,0,0
22442733,1171,52,0,2,22473949,1096,27,0,0
22459146,770,20,0,4,22376982,1253,27,0,0
22464254,1443,32,0,4,22436364,2393,57,0,0
22383755,724,43,0,2,22440840,1264,55,0,0
22492171,777,47,0,2,22482696,1757,60,0,0
22451579,2296,53,0,5,22485895,1064,36,0,0
22407071,277,46,0,11,22394044,1357,32,0,0
22390615,1620,22,0,1,22462361,609,37,0,0
22392350,1680,40,0,0,22409704,2194,28,0,0
22428607,1595,40,0,3,22412895,1511,49,0,0
22392691,1148,29,0,4,22410191,320,24,0,0
22389787,1422,34,0,8,22429272,1432,31,0,0
22401241,814,31,0,2,22370501,763,23,0,0
22492246,1035,83,0,1,22485035,551,72,0,0
22487995,611,43,0,2,22382694,662,84,0,0
22428882,1005,60,0,5,22472287,1039,31,0,0
22458323,287,282,0,0,22446574,1123,49,0,0
22436404,549,22,0,1,22436699,1000,39,0,0
22477899,2489,54,0,0,22386636,1593,27,0,0
22420837,1922,17,0,0,22492151,1161,40,0,0
22427077,1243,38,0,0,22412922,777,35,0,0
22457554,1478,22,0,0,22405545,1192,29,0,0
22375200,2269,64,0,4,22369305,1377,34,0,0
22399305,728,58,0,7,22481405,2080,33,0,0
22449383,935,111,0,2,22476929,882,46,0,0
22450705,1749,31,0,2,22439998,487,32,0,0
22380480,1450,41,0,1,22445401,1373,84,0,0
22425124,738,32,0,3,22378732,2579,25,0,0
22443519,136,75,0,2,22431818,1216,90,0,0
22401011,1000,129,0,0,22421322,368,38,0,0
22494054,1028,48,0,0,22400136,396,21,0,0
22379162,603,30,0,3,22468375,587,62,0,0
22392597,980,74,0,0,22414137,1491,27,0,0
22435298,999,52,0,5,22486155,1637,25,0,0
22391300,771,125,0,0,22379840,1109,56,0,0
22374538,1085,43,0,2,22431898,1105,45,0,0
22399709,1426,48,0,1,22394196,352,39,0,0
22480823,663,36,0,4,22399488,1526,37,0,0
22481359,1493,45,0,0,22427710,1778,30,0,0
22416658,1515,34,0,0,22400044,1839,47,0,0
22437627,1438,31,0,3,22484973,2196,49,0,0
22433040,2354,58,0,1,22397755,1536,46,0,0
22464100,955,75,0,4,22429606,647,13,0,0
22420026,1110,45,0,2,22410245,1543,54,0,0
22372752,827,37,0,8,22484957,946,66,0,0
22371975,1120,60,0,1,22475136,1072,34,0,0
22439339,1679,87,0,3,22475806,1912,39,0,0
22442396,1428,45,0,4,22460956,1106,79,0,0
22441371,752,76,0,13,22443588,1506,52,0,0
22419437,1914,25,0,1,22472353,891,39,0,0
22452432,1339,33,0,11,22481512,469,32,0,0
22389645,605,46,0,8,22495083,291,37,0,0
22467834,943,57,0,9,22412050,685,72,0,0
22386103,2272,64,0,0,22459369,996,120,0,0
22370498,1191,51,0,5,22419497,806,86,0,0
22440533,1193,26,0,3,22400038,1768,60,0,0
22432774,1308,41,0,1,22373166,796,61,0,0
22474528,2147,22,0,3,22376881,2082,34,0,0
22391708,747,28,0,2,22462974,1018,29,0,0
22458427,2196,68,0,4,22419118,1281,22,0,0
22410165,616,39,0,0,22401635,1327,45,0,0
22428515,1330,34,0,0,22440979,999,38,0,0
22448709,1153,39,0,0,22397461,1224,79,0,0
22406109,574,57,0,0,22373619,574,59,0,0
22369895,1146,25,0,1,22444693,669,68,0,1
22483510,1264,32,0,0,22478093,2301,56,0,0
22481889,1245,40,0,0,22480418,1641,37,0,0
22391539,1788,36,0,0,22488057,1434,68,0,0
22416952,1961,30,0,0,22418764,1749,21,0,0
22414109,740,48,0,2,22492100,1915,31,0,0
22395717,614,34,0,0,22453352,729,56,0,0
22388196,1033,54,0,0,22468736,1190,58,0,0
22448209,1246,30,0,0,22439915,345,29,0,0
22491747,1249,24,0,0,22369761,1403,45,0,0
22483450,1191,64,0,0,22410410,810,64,0,0
22377024,909,47,0,0,22454156,1366,53,0,0
22407011,1954,27,0,0,22459940,1101,97,0,0
22436163,1710,42,0,1,22461957,1689,66,0,0
22425044,1491,26,0,0,22471411,1202,30,0,0
22453832,743,55,0,0,22423769,1564,26,0,0
22395521,2172,31,0,0,22418363,698,46,0,0
22400086,429,98,0,0,22415256,1022,76,0,0
22401467,2028,24,0,0,22382317,2439,43,0,0
22421778,642,26,0,0,22427191,1283,22,0,0
22399479,998,47,0,0,22371519,940,30,0,0
22457179,804,32,0,0,22375567,1501,41,0,0
22479996,230,35,0,11,22416216,963,41,0,0
22453955,1392,62,0,4,22374161,857,53,0,0
22454117,268,68,0,1,22462957,1197,24,0,0
22480705,838,68,0,5,22441499,707,87,0,0
22490960,908,20,0,2,22476753,819,119,0,0
22418842,1105,52,0,0,22393284,2103,62,0,0
22375269,1199,74,0,1,22426341,958,29,0,0
22373652,2163,42,0,0,22460814,1194,37,0,0
22422611,696,45,0,3,22414829,534,26,0,0
22424640,865,60,0,1,22462833,947,47,0,0
22401665,1519,38,0,7,22407133,958,65,0,0
22404242,1155,92,0,11,22479647,1667,23,0,0
22397665,1046,88,0,3,22480930,1983,34,0,0
22388154,2161,71,0,0,22436935,983,69,0,0
22380321,1678,53,0,0,22426218,1704,46,0,0
22397608,1571,26,0,1,22493367,2124,23,0,0
22458307,964,67,0,0,22430818,896,39,0,0
22434677,286,87,0,0,22492503,1176,26,0,0
22434613,1256,44,0,0,22455320,1495,50,0,0
22379797,1648,33,0,0,22461301,636,30,0,0
22490220,589,57,0,0,22394974,1445,60,0,0
22484144,527,67,0,1,22487735,1379,28,0,0
22387646,1663,39,0,0,22414437,814,47,0,0
22462169,1323,63,0,0,22435849,1107,34,0,0
22473826,669,55,0,4,22389588,942,44,0,0
22379153,829,47,0,0,22450073,396,39,0,0
22476211,635,40,0,2,22426497,745,32,0,0
22407525,397,42,0,1,22439112,1154,51,0,0
22452594,428,35,0,4,22376941,1514,34,0,0
22478751,557,60,0,9,22480690,1606,20,0,0
22373599,1724,63,0,0,22486092,586,90,0,0
22417460,647,24,0,6,22498537,1981,22,0,0
22465048,1589,19,0,5,22394475,1605,73,0,0
22431351,1487,30,0,0,22404126,2109,41,0,0
22447826,2221,43,0,1,22492388,595,47,0,0
22486093,555,17,0,3,22410450,1742,26,0,0
22378588,973,54,0,2,22454162,1763,62,0,0
22374140,1316,32,0,6,22412036,934,34,0,0
22477155,1486,29,0,3,22435226,1439,43,0,0
22468798,947,32,0,0,22374755,618,79,0,0
22406277,573,31,0,3,22430655,1046,41,0,0
22434036,1006,56,0,1,22383561,748,18,0,0
22424411,832,42,0,0,22458097,1969,24,0,0
22437290,1601,68,0,2,22419615,614,20,0,0
22405226,1787,51,0,7,22385097,892,30,0,0
22398443,322,27,0,3,22452229,456,23,0,0
22414972,811,36,0,3,22424728,2196,58,0,0
22433132,1197,33,0,1,22455027,708,36,0,0
22427154,1633,43,0,2,22415433,1609,55,0,0
22488418,2012,20,0,1,22473512,1675,65,0,0
22487628,1219,59,0,1,22422210,834,47,0,0
22455364,391,73,0,2,22412777,1029,20,0,0
22407114,615,103,0,1,22377713,1422,47,0,0
22422635,249,68,0,1,22462147,857,40,0,0
22448312,1186,43,0,2,22496057,2025,55,0,0
22446884,1102,94,0,4,22395759,1492,30,0,0
22378232,2341,22,0,0,22459655,1196,72,0,0
22414919,766,29,0,0,22477410,932,42,0,0
22429457,1567,102,0,0,22440501,1420,57,0,0
22456514,1989,58,0,0,22454036,1644,42,0,0
22454689,2531,26,0,0,22458405,584,28,0,0
22425644,951,45,0,2,22446779,1192,42,0,0
22473274,678,46,0,2,22431403,959,57,0,0
22387094,110,212,0,2,22392560,1712,61,0,0
22500212,1294,73,0,1,22468796,1031,41,0,0
22430160,790,53,0,3,22429339,2083,45,0,0
22493683,1665,65,0,3,22400832,2318,44,0,0
22402882,1043,62,0,0,22436286,1071,38,0,0
22494210,1084,40,0,3,22412214,1160,59,0,0
22493518,990,42,0,3,22375974,1307,22,0,0
22500017,579,48,0,2,22381114,191,34,0,0
22404373,1353,25,0,4,22402670,1902,45,0,0
22419383,2169,36,0,1,22429896,1446,43,0,0
22443867,1350,57,0,3,22420998,1518,38,0,0
22389503,1371,24,0,2,22471046,782,35,0,0
22382037,715,80,0,5,22433386,1875,91,0,0
22484686,364,155,0,0,22395828,949,70,0,0
22437073,659,40,0,2,22402386,1369,35,0,0
22389629,985,40,0,1,22465152,1205,23,0,0
22403237,1297,27,0,0,22438361,1701,37,0,0
22444035,2190,16,0,1,22421025,2216,14,0,0
22413739,1348,29,0,5,22439896,1583,29,0,0
22454131,595,54,0,0,22388331,1690,55,0,0
22416614,1126,30,0,0,22413987,1181,26,0,0
22458386,1413,27,0,0,22474546,937,55,0,0
22486045,1604,65,0,2,22501667,1500,22,0,0
22499086,1259,42,0,0,22469360,1402,48,0,0
22395426,1223,65,0,1,22480550,847,47,0,0
22412048,1215,38,0,0,22454992,2013,48,0,0
22453173,2220,59,0,0,22486335,1153,51,0,0
22419270,1032,57,0,1,22456861,1738,43,0,0
22379744,1534,70,0,2,22429282,2217,56,0,0
22483471,701,41,0,1,22460951,104,58,0,0
22442474,1240,32,0,0,22431756,1578,54,0,0
22461273,1942,20,0,2,22434272,513,40,0,0
22397746,1117,30,0,0,22493219,1766,83,0,0
22465782,1906,26,0,0,22380150,1137,126,0,0
22412985,1248,49,0,3,22429782,342,111,0,0
22438736,1680,54,0,0,22411714,433,44,0,0
22403316,2334,45,0,2,22475169,632,137,0,0
22444513,951,50,0,3,22409052,1522,66,0,0
22419565,1998,22,0,2,22446515,1344,43,0,0
22461379,1119,59,0,1,22397438,1145,53,0,0
22421281,992,48,0,4,22471805,1197,18,0,0
22403050,867,39,0,0,22401410,1778,36,0,0
22460980,1826,107,0,0,22381381,1985,50,0,0
22471997,1426,31,0,1,22504625,1621,50,0,0
22495288,2204,71,0,1,22468387,983,39,0,0
22456652,810,63,0,1,22425335,674,48,0,0
22447583,657,17,0,2,22416379,994,63,0,0
22463879,697,32,0,1,22436667,1312,61,0,0
22464522,1292,67,0,6,22471385,589,34,0,0
22459150,1116,21,0,2,22415990,768,38,0,0
22466171,1683,25,0,7,22399615,621,99,0,0
22394510,2152,30,0,5,22471917,1589,46,0,0
22484948,672,36,0,7,22378895,1084,85,0,0
22482123,1555,33,0,0,22460978,800,62,0,0
22456007,711,44,0,1,22447054,697,55,0,0
22468120,945,77,0,6,22497709,2497,59,0,0
22455308,2495,62,0,4,22443951,2238,30,0,0
22461816,443,57,0,2,22409757,244,49,0,0
22480652,879,43,0,2,22402920,207,60,0,0
22394752,2109,19,0,1,22461260,1073,50,0,0
22452467,1224,22,0,1,22471488,712,28,0,0
22384882,1365,17,0,4,22396170,1254,46,0,0
22419232,1191,56,0,0,22466196,638,63,0,0
22503655,2125,20,0,4,22502532,1117,34,0,0
22463734,2377,69,0,0,22453039,910,30,0,0
22484466,1028,51,0,1,22386811,1897,57,0,0
22384513,791,47,0,9,22474490,338,47,0,0
22392420,640,71,0,0,22394913,2460,21,0,0
22416897,1650,31,0,2,22468515,1663,42,0,0
22488678,1180,28,0,6,22437541,917,38,0,0
22429790,888,60,0,2,22467713,2347,32,0,0
22478883,1131,17,0,1,22390089,1019,65,0,0
22450114,1115,24,0,10,22451089,2139,69,0,0
22504103,1352,32,0,1,22391508,2175,37,0,0
22494696,739,28,0,6,22430935,1963,57,0,0
22389932,1177,54,0,2,22380328,1471,55,0,0
22503683,2503,20,0,1,22452978,217,234,0,0
22439608,1059,41,0,0,22503811,2442,40,0,0
22407305,1549,20,0,11,22445409,608,74,0,0
22428194,1972,29,0,10,22417890,679,25,0,0
22499424,614,26,0,2,22403116,1271,30,0,0
22461820,2150,32,0,1,22386708,1168,29,0,0
22448133,2515,26,0,8,22412486,1441,29,0,0
22494448,613,39,0,1,22490831,856,62,0,0
22425441,427,71,0,1,22505002,672,26,0,0
22427848,1676,44,0,15,22430747,1681,32,0,0
22493609,501,41,0,3,22434968,1108,87,0,0
22499005,1926,75,0,3,22454137,835,119,0,0
22417917,1206,42,0,1,22399165,1115,36,0,0
22437678,1109,32,0,1,22438768,558,45,0,0
22465717,900,14,0,2,22444048,1096,49,0,0
22464442,734,26,0,0,22439115,1684,74,0,0
22495204,1643,18,0,4,22452586,1440,39,0,0
22382354,1164,36,0,4,22453495,371,91,0,0
22397205,412,47,0,2,22414468,915,37,0,0
22444947,1261,27,0,5,22455306,1726,69,0,0
22402321,996,34,0,0,22439535,927,43,0,0
22490379,1175,89,0,2,22485406,914,100,0,0
22427469,1402,72,0,1,22469397,915,110,0,0
22472344,168,26,0,4,22419609,1117,44,0,0
22416542,1606,46,0,2,22478535,1172,49,0,0
22448838,502,35,0,5,22464738,1252,79,0,0
22479688,658,56,0,0,22472661,1155,56,0,0
22411323,1118,49,0,0,22476007,956,46,0,0
22490069,617,59,0,2,22461893,1483,43,0,0
22483139,1118,28,0,2,22447591,1073,31,0,0
22421213,1698,37,0,4,22428316,633,37,0,0
22412351,447,28,0,0,22471523,1670,48,0,0
22446360,799,65,0,1,22422186,1640,26,0,0
22435398,1335,54,0,0,22481504,465,26,0,0
22488611,423,50,0,4,22406114,1572,56,0,0
22495528,1071,28,0,2,22472333,1349,63,0,0
22461557,262,45,0,5,22453659,1328,28,0,0
22450059,667,40,0,0,22465604,1196,31,0,0
22495428,586,49,0,1,22398989,415,23,0,0
22453030,1579,53,0,0,22411964,1831,17,0,0
22385567,1029,53,0,3,22476155,612,229,0,0
22496329,1243,24,0,1,22417955,2244,34,0,0
22470332,928,38,0,3,22436219,2104,20,0,0
22479972,982,29,0,6,22493608,1320,82,0,0
22493005,1599,46,0,4,22396753,1394,49,0,0
22480346,1044,38,0,0,22431568,1948,30,0,0
22419983,985,39,0,6,22391373,613,61,0,0
22405360,2013,63,0,5,22391915,2324,51,0,0
22419109,2358,34,0,1,22422015,1463,33,0,0
22485581,1452,51,0,4,22435864,1894,28,0,0
22430292,1334,46,0,2,22430418,1362,95,0,0
22460315,1795,72,0,0,22481004,927,41,0,0
22453033,2288,46,0,5,22507245,1139,57,0,0
22411668,972,59,0,1,22401475,888,58,0,0
22412029,1518,53,0,0,22390362,883,57,0,0
22420349,1529,24,0,1,22469549,1557,41,0,0
22481632,384,74,0,0,22436920,692,59,0,0
22500642,1591,27,0,1,22490279,1195,52,0,0
22437846,994,26,0,0,22373454,1145,17,0,0
22384671,931,54,0,0,22485333,657,48,0,0
22417370,1192,42,0,4,22499356,765,46,0,0
22412728,2228,66,0,1,22454535,262,59,0,0
22434946,2464,57,0,1,22478716,918,38,0,0
22446114,1374,36,0,0,22445098,1140,109,0,0
22476591,585,46,0,2,22471469,1377,42,0,0
22484871,790,41,0,0,22391306,1549,37,0,0
22386721,1451,46,0,2,22399803,1381,36,0,0
22503562,214,71,0,3,22406481,846,32,0,0
22408845,437,31,0,0,22430874,1424,29,0,0
22427070,930,31,0,2,22405922,1311,30,0,0
22388912,1625,52,0,6,22382316,916,51,0,0
22426823,1564,23,0,0,22385729,871,86,0,0
22482095,1667,38,0,0,22420171,691,77,0,0
22406269,797,24,0,0,22485741,898,47,0,0
22394901,1745,36,0,6,22486295,1399,38,0,0
22392566,922,74,0,2,22430022,2038,31,0,0
22506376,1067,64,0,1,22393010,648,54,0,0
22441547,876,22,0,1,22453483,447,25,0,0
22418166,1408,134,0,1,22463082,1120,35,0,0
22377920,1654,31,0,0,22407631,1141,43,0,0
22384894,1133,31,0,1,22497073,1349,39,0,0
22441737,768,19,0,5,22478308,817,25,0,0
22497100,1628,39,0,1,22441526,831,28,0,0
22503062,1472,58,0,2,22404108,1886,83,0,0
22412632,1092,47,0,0,22431381,1721,40,0,0
22429670,1302,145,0,0,22389465,564,58,0,0
22425245,1499,45,0,0,22410180,1153,41,0,0
22484546,1344,24,0,3,22460420,678,60,0,0
22428100,861,61,0,0,22495395,1575,87,0,0
22445391,1136,51,0,2,22469571,929,58,0,0
22432683,1761,29,0,0,22375952,1769,17,0,0
22477850,658,42,0,2,22404369,704,46,0,0
22500274,890,82,0,0,22493615,425,38,0,0
22414067,1191,40,0,2,22425212,2073,34,0,0
22373621,1056,53,0,0,22403748,1881,46,0,0
22448828,760,50,0,7,22466893,2209,22,0,0
22490245,658,40,0,10,22424987,1089,33,0,0
22505124,1221,48,0,0,22455006,673,53,0,0
22391365,1064,47,0,1,22397258,2272,40,0,0
22406437,878,106,0,1,22451260,2413,35,0,0
22429295,1871,31,0,11,22384769,1235,53,0,0
22418706,802,20,0,3,22472002,612,42,0,0
22411600,2410,34,0,3,22463063,1759,26,0,0
22489158,1601,26,0,1,22450849,983,109,0,0
22422437,1863,35,0,2,22421698,1048,47,0,0
22483512,1372,39,0,0,22461031,1176,17,0,0
22387994,1088,47,0,1,22450081,2457,51,0,0
22455272,557,61,0,1,22468372,1292,25,0,0
22458765,673,31,0,2,22438082,1049,64,0,0
22406861,1991,42,0,0,22468779,2009,43,0,0
22430020,1251,37,0,1,22398580,864,114,0,0
22502374,1379,59,0,2,22490303,1026,120,0,0
22459237,1850,31,0,4,22486892,1212,19,0,0
22432304,961,36,0,1,22407912,2205,21,0,0
22472113,2198,53,0,2,22508793,1611,46,0,0
22483881,947,50,0,10,22506440,694,31,0,0
22456929,616,46,0,2,22465454,742,30,0,0
22395439,1477,66,0,1,22487443,1146,48,0,0
22401700,968,63,0,1,22428180,737,21,0,0
22406532,1197,25,0,3,22440832,1878,22,0,0
22411514,1013,33,0,1,22432302,1144,72,0,0
22490194,1357,35,0,2,22394751,1275,30,0,0
22470851,683,48,0,1,22399175,1490,26,0,0
22473465,1583,42,0,3,22395036,2013,68,0,0
22492831,2136,35,0,2,22464728,995,45,0,0
22410464,1133,35,0,1,22495560,1660,44,0,0
22439738,1682,49,0,2,22429066,539,42,0,0
22448181,767,35,0,0,22453427,672,32,0,0
22428494,2271,51,0,3,22415094,771,53,0,0
22498218,1675,49,0,1,22400818,1441,39,0,0
22388207,1635,59,0,1,22424360,1846,29,0,0
22501052,1088,112,0,1,22485682,1859,51,0,0
22476473,271,82,0,0,22503300,654,89,0,0
22508854,1698,27,0,0,22418146,2121,33,0,0
22395056,998,23,0,0,22447410,267,46,0,0
22413704,814,61,0,4,22475052,896,62,0,0
22509557,1651,47,0,2,22483784,310,46,0,0
22475752,2250,25,0,3,22493111,1136,65,0,0
22417624,1308,42,0,3,22462339,130,44,0,0
22482149,1506,42,0,1,22494348,1750,46,0,0
22389288,854,74,0,0,22464118,1117,107,0,0
22426955,2115,65,0,2,22449441,1176,29,0,0
22477409,1584,65,0,3,22409470,1953,81,0,0
22404532,1792,71,0,2,22449554,1386,42,0,0
22446123,1787,77,0,2,22375996,573,31,0,0
22424290,2356,31,0,0,22413608,475,67,0,0
22467702,1422,47,0,2,22437687,1415,23,0,0
22451838,831,42,0,4,22394615,725,65,0,0
22389745,1593,46,0,1,22438468,641,49,0,0
22435695,969,46,0,2,22425137,1046,50,0,0
22490888,1053,39,0,1,22501602,575,57,0,0
22457485,654,32,0,1,22411775,611,54,0,0
22415906,740,40,0,1,22487505,577,83,0,0
22440439,563,21,0,5,22485120,1587,54,0,0
22437918,2127,62,0,1,22403191,985,26,0,0
22471891,2134,24,0,1,22395791,755,51,0,0
22472489,625,30,0,0,22457354,377,104,0,0
22490528,454,49,0,10,22506094,1004,34,0,0
22438229,1199,61,0,0,22391951,389,58,0,0
22482661,1470,69,0,4,22434913,1301,32,0,0
22515736,726,26,0,1,22422308,728,30,0,0
22509785,2018,34,0,0,22390921,2070,29,0,0
22401788,1364,53,0,0,22494456,1103,42,0,0
22504249,1179,88,0,0,22427125,617,38,0,0
22457839,566,75,0,2,22475445,1376,65,0,0
22408496,775,31,0,8,22389968,469,60,0,0
22494968,736,63,0,7,22480009,1814,95,0,0
22511722,2093,51,0,0,22432616,117,30,0,0
22441545,2356,27,0,2,22392002,1742,42,0,0
22391638,1484,41,0,1,22447252,518,44,0,0
22464676,1085,31,0,4,22506845,728,37,0,0
22434399,2086,53,0,1,22445203,884,53,0,0
22451918,847,74,0,0,22469885,1951,18,0,0
22484749,892,64,0,3,22513582,1384,34,0,0
22493565,964,35,0,3,22488003,1021,31,0,0
22469379,2322,40,0,0,22417869,2014,47,0,0
22446156,755,28,0,1,22407208,614,47,0,0
22517080,644,25,0,1,22424638,307,31,0,0
22433866,1232,29,0,0,22444762,1259,30,0,0
22431063,481,46,0,4,22440635,777,33,0,0
22407961,1063,95,0,0,22407550,696,33,0,0
22439989,649,33,0,1,22495574,1163,27,0,0
22438830,1053,61,0,4,22398208,884,51,0,0
22420585,791,48,0,0,22406079,654,46,0,0
22442031,729,69,0,0,22437772,711,18,0,0
22407604,1680,33,0,1,22463596,172,226,0,0
22440880,1050,31,0,0,22494333,1632,42,0,0
22494421,1280,31,0,1,22495554,1716,56,0,0
22476450,1210,32,0,0,22503116,2025,21,0,0
22394088,1223,59,0,0,22450538,662,68,0,0
22411942,1745,48,0,2,22471295,698,38,0,0
22489292,1182,32,0,0,22448235,1666,55,0,0
22396220,394,54,0,2,22438009,1749,57,0,0
22405525,1806,40,0,1,22428988,1968,39,0,0
22453721,1706,49,0,1,22491853,534,75,0,0
22517593,1740,29,0,4,22510172,1587,37,0,0
22404151,718,50,0,4,22486351,1661,68,0,0
22514427,1564,82,0,0,22412529,1103,14,0,0
22443031,492,46,0,5,22504329,1825,54,0,0
22456741,818,53,0,0,22494833,939,48,0,0
22500637,1106,52,0,1,22510950,1506,21,0,0
22400828,969,29,0,1,22428740,977,77,0,0
22505117,942,90,0,0,22406317,598,47,0,0
22472949,1614,45,0,0,22403437,2410,69,0,0
22461243,1631,44,0,1,22450104,1417,56,0,0
22440014,742,46,0,4,22490529,2170,43,0,0
22474157,1590,37,0,0,22470598,1500,28,0,0
22402285,1863,65,0,0,22455513,1347,49,0,0
22399343,215,25,0,2,22418552,1492,31,0,0
22516023,1514,42,0,6,22487948,129,46,0,0
22414363,228,35,0,5,22416487,989,21,0,0
22457936,1731,29,0,4,22483114,1483,73,0,0
22441878,1983,212,0,2,22392975,1246,26,0,0
22516009,729,31,0,13,22499879,1641,23,0,0
22458823,2083,45,0,5,22397132,2199,31,0,0
22502429,1991,28,0,8,22414121,1036,59,0,0
22431968,760,23,0,4,22454691,832,41,0,0
22444918,2023,39,0,3,22495974,1317,50,0,0
22395263,260,45,0,3,22496137,1082,47,0,0
22421820,697,23,0,10,22432726,1479,45,0,0
22421315,1057,52,0,1,22478192,1499,56,0,0
22437558,1469,27,0,1,22392796,641,61,0,0
22432583,969,29,0,2,22492291,1422,67,0,0
22425940,860,27,0,2,22417051,875,28,0,0
22412070,1263,31,0,2,22454943,1068,51,0,0
22518993,1232,19,0,3,22412748,1030,72,0,0
22416480,797,90,0,4,22418771,1258,38,0,0
22502879,1624,24,0,2,22449173,961,28,0,0
22491012,1230,48,0,0,22491873,1223,54,0,0
22431855,1516,24,0,2,22402410,466,63,0,0
22449325,1705,32,0,1,22494850,501,84,0,0
22509411,1420,49,0,17,22491627,316,74,0,0
22403677,936,40,0,0,22407065,1355,57,0,0
22495525,1746,40,0,1,22464150,1967,42,0,0
22503665,1296,17,0,1,22401781,1157,57,0,0
22441569,1398,53,0,2,22395859,2068,40,0,0
22417409,1771,64,0,1,22519606,844,38,0,0
22472048,709,42,0,5,22457512,600,46,0,0
22392842,699,34,0,0,22490090,2177,34,0,0
22492009,901,28,0,2,22411613,1212,53,0,0
22427113,1587,44,0,4,22437856,1688,46,0,0
22484763,1662,57,0,15,22459204,2175,53,0,0
22407821,2180,46,0,1,22476435,1820,49,0,0
22488184,980,44,0,8,22400362,350,35,0,0
22419346,1465,66,0,3,22448360,1686,55,0,0
22477579,1524,48,0,1,22480375,2158,26,0,0
22431283,1011,42,0,0,22469882,708,25,0,0
22398202,700,79,0,1,22454085,373,91,0,0
22476177,1803,23,0,4,22519267,935,14,0,0
22498057,842,48,0,7,22415017,1260,30,0,0
22494182,1565,45,0,0,22401727,693,34,0,0
22425464,1653,59,0,1,22398337,1078,37,0,0
22441934,1635,26,0,4,22510239,1730,80,0,0
22488983,335,55,0,7,22425675,1230,62,0,0
22500842,1543,49,0,0,22424575,994,49,0,0
22514495,1483,50,0,5,22492240,1463,30,0,0
22497913,864,27,0,3,22400632,696,218,0,0
22485423,1182,56,0,0,22404722,1041,82,0,0
22453091,809,20,0,0,22499212,635,28,0,0
22401630,1008,28,0,0,22457459,1055,18,0,0
22508163,516,131,0,4,22459337,1803,20,0,0
22506073,965,53,0,0,22444889,932,57,0,0
22480821,1281,64,0,1,22481985,1639,32,0,0
22415056,400,38,0,0,22465883,756,26,0,0
22399019,1850,47,0,1,22424103,584,31,0,0
22429133,668,44,0,10,22442334,990,52,0,0
22455533,2080,87,0,1,22449185,746,62,0,0
22505499,1016,56,0,1,22453865,1298,33,0,0
22462704,1883,29,0,0,22476732,1569,51,0,0
22433848,1254,43,0,1,22477057,1115,44,0,0
22460662,688,64,0,0,22438345,1587,35,0,0
22520915,1177,29,0,5,22495507,1514,26,0,0
22462348,1109,126,0,1,22441693,1161,37,0,0
22403870,1550,45,0,4,22481641,751,25,0,0
22480833,1716,40,0,1,22512769,1162,34,0,0
22401377,614,25,0,5,22471470,1021,36,0,0
22424752,1115,53,0,0,22424718,1144,42,0,0
22492571,533,52,0,1,22517380,1513,48,0,0
22522153,2272,32,0,0,22399033,782,52,0,0
22434029,1371,20,0,6,22422361,1283,19,0,0
22433589,1120,92,0,1,22399072,407,30,0,0
22515493,2103,31,0,1,22470145,552,253,0,0
22518374,1263,26,0,3,22458260,1690,69,0,0
22432168,2364,18,0,1,22481929,1160,48,0,0
22486013,926,35,0,0,22486824,272,32,0,0
22517610,1055,19,0,0,22499021,632,75,0,0
22411678,1748,24,0,7,22420382,348,31,0,0
22437104,802,49,0,1,22462082,2128,84,0,0
22518787,739,64,0,0,22484912,496,39,0,0
22431507,1352,31,0,9,22439757,1602,55,0,0
22415593,1321,56,0,3,22439079,1433,18,0,0
22492049,906,14,0,1,22411459,1316,52,0,0
22488531,902,58,0,1,22467640,2167,80,0,0
22467002,2341,27,0,4,22493116,543,104,0,0
22400475,846,42,0,2,22441686,1889,18,0,0
22455309,621,38,0,2,22417500,653,32,0,0
22492418,1762,50,0,0,22454789,1403,45,0,0
22429384,917,33,0,3,22490416,1304,69,0,0
22463311,1801,74,0,6,22510183,2476,95,0,0
22443433,1982,27,0,3,22423415,1611,37,0,0
22449139,2169,24,0,2,22403781,1118,90,0,0
22514872,751,79,0,1,22402365,1168,45,0,0
22401675,2261,30,0,0,22433318,313,59,0,0
22489095,846,40,0,1,22424425,785,39,0,0
22438975,967,69,0,0,22404394,1141,20,0,0
22488250,2054,20,0,0,22460932,1067,37,0,0
22408639,1613,64,0,2,22424856,1422,39,0,0
22421005,925,25,0,0,22398808,941,43,0,0
22413959,909,55,0,6,22430268,1624,55,0,0
22406239,829,18,0,6,22446995,1178,50,0,0
22470289,1119,38,0,2,22460996,2245,56,0,0
22507932,766,42,0,1,22451434,1605,21,0,0
22511724,1764,61,0,4,22418838,2172,29,0,0
22420390,1276,17,0,3,22413899,347,42,0,0
22498310,2598,44,0,0,22403765,734,63,0,0
22419664,1194,34,0,5,22511985,794,97,0,0
22417313,815,47,0,13,22426248,1679,28,0,0
22412313,1966,51,0,2,22417595,1625,34,0,0
22408704,1176,38,0,0,22518517,1477,79,0,0
22483526,912,52,0,2,22457628,630,52,0,0
22505855,2104,49,0,0,22458059,1660,85,0,0
22482452,2112,41,0,0,22407434,264,17,0,0
22497950,1087,72,0,0,22480994,2102,38,0,0
22454017,1148,64,0,2,22444978,1805,64,0,0
22510396,1061,52,0,0,22510772,636,86,0,0
22443190,207,47,0,0,22448368,1252,30,0,0
22487700,259,46,0,4,22444787,680,50,0,0
22459093,2189,33,0,2,22432315,762,53,0,0
22514550,1144,38,0,0,22417902,1749,68,0,0
22403226,1326,45,0,3,22463280,331,57,0,0
22429342,1012,70,0,0,22418051,1194,43,0,0
22421822,1441,33,0,2,22444955,658,56,0,0
22423020,973,16,0,3,22461596,1138,52,0,0
22408988,711,124,0,0,22457452,1554,78,0,0
22492017,1132,27,0,3,22479061,1680,44,0,0
22453889,1108,38,0,3,22490235,905,240,0,0
22412712,1103,26,0,1,22525622,691,40,0,0
22449447,1964,39,0,2,22475103,1408,58,0,0
22460496,1454,55,0,0,22526790,1280,48,0,0
22456259,1109,55,0,3,22438168,1165,38,0,0
22469609,501,75,0,1,22481110,1234,46,0,0
22428877,1902,37,0,2,22407553,2536,37,0,0
22511806,1614,45,0,2,22430745,1188,73,0,0
22494058,1527,62,0,0,22484108,1671,51,0,0
22438934,1096,30,0,3,22448460,1023,16,0,0
22406607,1662,35,0,0,22482865,523,98,0,0
22485905,1811,23,0,4,22406497,752,23,0,0
22428052,819,26,0,0,22500817,111,61,0,0
22486889,1140,35,0,2,22458486,1453,16,0,0
22402945,1035,69,0,6,22521539,824,28,0,0
22477697,1179,31,0,1,22503834,842,45,0,0
22425017,592,62,0,5,22474686,1009,34,0,0
22417996,1120,79,0,1,22518216,1057,33,0,0
22414456,638,15,0,10,22443224,1174,46,0,0
22524856,751,53,0,6,22527064,1954,33,0,0
22467843,404,53,0,0,22497280,420,41,0,0
22483301,265,30,0,5,22449635,1191,101,0,0
22439222,330,28,0,2,22435498,676,58,0,1
22466038,737,68,0,3,22441829,1354,31,0,0
22509290,717,53,0,0,22414171,964,42,0,0
22432975,1109,40,0,2,22437240,1658,76,0,0
22522535,1574,65,0,4,22444133,1113,78,0,0
22512791,1562,33,0,0,22449042,1223,75,0,0
22473668,597,35,0,2,22454277,934,37,0,0
22404782,2441,31,0,1,22422671,1056,58,0,0
22513999,1248,26,0,0,22434716,2129,18,0,0
22446707,1196,33,0,6,22438496,606,36,0,0
22494320,1679,64,0,1,22500834,1116,29,0,0
22526871,167,49,0,2,22454174,1689,27,0,0
22453931,623,70,0,0,22501668,1310,43,0,0
22425761,402,42,0,4,22521263,1573,62,0,0
22403445,1690,90,0,1,22456529,501,39,0,0
22493557,1541,54,0,2,22414732,928,33,0,0
22486168,1741,38,0,1,22513445,1973,42,0,0
22424306,1548,56,0,1,22493229,2283,51,0,0
22431479,1965,14,0,4,22479898,1302,62,0,0
22494303,172,94,0,1,22496882,1732,18,0,0
22423864,609,30,0,0,22467881,264,46,0,0
22450400,949,56,0,2,22451936,281,40,0,0
22435265,1676,71,0,3,22474848,1637,57,0,0
22433740,410,91,0,0,22502298,627,83,0,0
22417456,311,88,0,1,22517471,1166,67,0,0
22460241,1262,45,0,4,22454799,898,18,0,0
22467573,383,39,0,4,22514521,533,40,0,0
22495249,1221,27,0,1,22440425,771,25,0,0
22520284,1158,50,0,0,22435160,421,71,0,0
22454087,842,32,0,2,22413907,1653,58,0,0
22424965,582,27,0,2,22408739,924,73,0,0
22428126,450,20,0,0,22439015,624,77,0,0
22415080,698,17,0,0,22476748,1381,20,0,0
22448325,428,48,0,0,22502579,1107,41,0,0
22412997,1106,25,0,0,22460457,1599,64,0,0
22473622,150,67,0,1,22403684,1199,37,0,0
22509724,1691,15,0,1,22443760,1107,66,0,0
22465837,1983,19,0,1,22521939,1301,48,0,0
22439618,598,30,0,3,22449426,1656,62,0,0
22527250,889,81,0,0,22529463,1298,56,0,0
22435090,248,28,0,7,22517921,1297,48,0,0
22451944,1209,75,0,2,22518320,2187,29,0,0
22470283,1652,23,0,0,22476326,294,29,0,0
22527246,1117,43,0,2,22526876,986,115,0,0
22511293,782,33,0,3,22480496,845,51,0,0
22493726,1449,61,0,7,22447173,1148,86,0,0
22414703,337,33,0,1,22512436,1601,99,0,0
22472985,1126,76,0,4,22424511,1643,32,0,0
22488201,1592,84,0,3,22502744,1714,43,0,0
22461183,1010,36,0,3,22483067,1511,22,0,0
22444956,969,126,0,2,22430369,885,31,0,0
22440540,1002,33,0,2,22490375,2123,68,0,0
22483403,1148,113,0,2,22474678,1228,45,0,0
22527543,1786,41,0,1,22446907,1088,34,0,0
22447404,2505,21,0,1,22474788,2193,25,0,0
22410688,1311,56,0,3,22517847,1088,77,0,0
22438709,961,27,0,1,22499305,1976,35,0,0
22451698,787,49,0,4,22520249,760,30,0,0
22434644,2378,28,0,2,22460570,1066,31,0,0
22505926,1494,53,0,1,22475290,1185,33,0,0
22523098,188,73,0,4,22530564,1829,36,0,0
22449476,695,24,0,2,22471174,1797,68,0,0
22465262,132,61,0,6,22426692,487,95,0,0
22511013,971,43,0,6,22499440,723,85,0,1
22439573,1439,22,0,4,22460717,706,81,0,0
22460145,550,51,0,5,22512354,2219,39,0,0
22523878,1342,48,0,2,22495654,1663,77,0,0
22518485,1467,63,0,1,22500430,1093,26,0,0
22489288,1879,52,0,8,22420371,1692,63,0,0
22440712,2016,83,0,0,22520715,1258,22,0,0
22411081,945,67,0,2,22430238,1675,35,0,0
22487963,853,39,0,1,22518185,980,16,0,0
22507991,987,29,0,0,22517403,1602,25,0,0
22420869,1616,39,0,0,22471036,1246,54,0,0
22463252,1457,47,0,2,22499405,873,51,0,0
22515645,1021,41,0,0,22427148,1956,68,0,0
22419643,1578,51,0,0,22456182,2433,32,0,0
22418048,1980,23,0,5,22486403,1034,33,0,0
22437229,1114,36,0,0,22529682,1384,61,0,0
22435094,1247,43,0,2,22439369,634,48,0,0
22491657,771,37,0,4,22524739,1976,46,0,0
22446606,284,38,0,1,22445536,832,96,0,0
22448880,1008,30,0,0,22454163,641,89,0,0
22449972,1322,23,0,4,22408863,901,74,0,0
22481735,582,39,0,1,22457726,1256,21,0,0
22518069,437,37,0,0,22450483,1324,63,0,0
22511409,889,31,0,7,22515171,2186,20,0,0
22427628,1462,48,0,2,22447597,1840,30,0,0
22493928,317,61,0,9,22476686,1549,46,0,0
22453028,1514,28,0,3,22424619,857,21,0,0
22437661,418,76,0,1,22456032,1795,61,0,0
22472509,1216,44,0,1,22512038,2150,39,0,0
22409109,873,30,0,0,22476055,2149,28,0,0
22456638,1466,40,0,2,22520939,1181,88,0,0
22532059,1317,40,0,0,22480152,1335,26,0,0
22482167,1085,51,0,6,22508682,1826,14,0,0
22451417,2236,41,0,4,22490705,1654,30,0,0
22499485,866,44,0,5,22526903,1160,45,0,0
22414289,309,47,0,2,22449504,1161,57,0,0
22457003,2112,32,0,0,22462118,1607,50,0,0
22495055,2422,43,0,9,22439281,1019,35,0,0
22511512,831,56,0,11,22414070,454,49,0,0
22447683,980,32,0,0,22433205,1031,53,0,0
22509149,1388,22,0,10,22440414,1278,39,0,0
22495218,1199,49,0,1,22497861,1823,40,0,0
22444192,769,53,0,2,22451658,652,39,0,0
22450524,1118,72,0,2,22418977,923,57,0,0
22517534,659,53,0,1,22471757,380,19,0,0
22433871,625,26,0,2,22453241,1798,23,0,0
22451442,688,41,0,1,22505757,1204,29,0,0
22532699,1539,15,0,3,22412530,330,50,0,0
22514666,2060,63,0,5,22495679,1048,43,0,0
22462769,1036,37,0,3,22423773,668,49,0,0
22514992,1499,36,0,3,22484565,876,53,0,0
22455003,1104,59,0,2,22418664,1356,32,0,0
22424491,2124,14,0,2,22487136,1115,45,0,0
22455276,904,54,0,1,22490341,1135,46,0,0
22412114,1986,29,0,1,22418435,1002,18,0,0
22449708,640,76,0,2,22419627,733,37,0,0
22442689,882,41,0,0,22471543,946,31,0,0
22490658,264,29,0,0,22443835,1134,62,0,0
22533120,1885,42,0,1,22408725,552,28,0,0
22458435,768,230,0,1,22446987,1497,60,0,0
22421082,656,39,0,2,22423746,1743,30,0,0
22456872,1795,49,0,1,22457910,1407,44,0,0
22476721,1448,32,0,3,22505598,1362,29,0,0
22454626,2087,19,0,2,22424410,1167,42,0,0
22472265,677,28,0,0,22531860,444,41,0,0
22522477,932,37,0,0,22492265,299,64,0,0
22412602,1320,88,0,1,22507723,2225,44,0,0
22468643,2138,60,0,11,22488048,1139,88,0,0
22471236,1037,36,0,2,22501034,845,31,0,0
22504693,1775,59,0,0,22412360,1416,37,0,0
22433581,2129,32,0,7,22418276,127,22,0,0
22523732,1832,16,0,3,22413249,1653,39,0,0
22522992,999,48,0,1,22459672,1977,32,0,0
22415075,1663,46,0,10,22492644,393,51,0,0
22417492,1662,48,0,7,22510903,667,76,0,0
22441535,2017,26,0,1,22533599,782,54,0,0
22435040,651,56,0,0,22413087,1339,102,0,0
22414476,1133,46,0,3,22460250,568,52,0,0
22529111,618,74,0,4,22444616,274,122,0,0
22425429,1258,68,0,1,22516081,671,38,0,0
22427658,1182,68,0,2,22445941,1050,46,0,0
22508346,831,37,0,2,22419844,1705,43,0,0
22515799,2373,14,0,3,22504473,854,21,0,0
22412671,1423,38,0,1,22458516,103,59,0,0
22482577,1396,65,0,5,22515125,1117,23,0,0
22478588,188,56,0,0,22530060,1354,60,0,0
22455784,420,75,0,2,22445150,1805,39,0,0
22511937,1938,26,0,1,22449514,493,73,0,0
22458439,157,65,0,1,22480673,2033,41,0,0
22517818,1087,61,0,0,22480229,1966,44,0,0
22449579,601,38,0,2,22468664,1747,73,0,0
22534926,1721,59,0,3,22455255,1132,43,0,0
22506125,325,29,0,5,22484368,2538,48,0,0
22478898,1328,57,0,1,22506319,402,58,0,0
22510308,1626,18,0,1,22477243,1729,74,0,0
22434610,629,59,0,1,22438840,693,20,0,0
22458540,1223,76,0,2,22501733,900,29,0,0
22432160,490,66,0,4,22510104,1192,73,0,0
22504595,857,42,0,3,22523603,1540,62,0,0
22504284,1163,423,0,0,22492839,627,50,0,0
22507528,156,51,0,4,22420185,545,106,0,0
22463829,1618,65,0,2,22421159,697,222,0,0
22536490,251,37,0,2,22499877,1118,41,0,0
22507048,938,16,0,1,22473698,1686,29,0,0
22534598,1258,80,0,1,22505922,547,79,0,0
22528140,687,26,0,1,22415824,1723,31,0,0
22508313,1065,52,0,0,22463389,718,66,0,0
22427181,1675,22,0,2,22420717,624,34,0,0
22458346,1431,47,0,0,22489001,212,80,0,0
22476236,887,71,0,0,22439078,956,52,0,0
22470389,898,58,0,5,22465522,1258,40,0,0
22432767,1085,27,0,9,22484564,2660,22,0,0
22482373,1321,83,0,2,22512127,620,43,0,0
22418351,824,37,0,5,22440977,1393,26,0,0
22442840,2149,41,0,3,22432360,1167,62,0,0
22454066,1299,33,0,0,22521624,789,49,0,0
22517404,1489,40,0,1,22529688,1540,60,0,0
22430277,1183,30,0,2,22535432,1165,25,0,0
22439986,841,63,0,1,22515624,2565,37,0,0
22458177,1391,95,0,1,22536354,823,50,0,0
22416270,1840,92,0,3,22535278,2045,30,0,0
22509238,1054,75,0,2,22472607,1934,24,0,0
22505537,1588,44,0,3,22459929,1407,35,0,0
22489450,1551,77,0,1,22519211,632,27,0,0
22416891,1271,31,0,1,22425107,852,65,0,0
22491195,1283,75,0,1,22478024,609,50,0,0
22480017,2199,46,0,3,22512525,343,106,0,0
22502160,1124,51,0,11,22482730,1095,21,0,0
22425280,2043,43,0,9,22508216,432,78,0,0
22510708,277,71,0,0,22526611,1707,36,0,0
22517621,653,37,0,1,22427783,1952,49,0,0
22454347,1652,32,0,1,22419174,1339,32,0,0
22421770,1797,30,0,1,22476235,1756,26,0,0
22525367,1970,23,0,3,22436722,1342,48,0,0
22491611,1121,22,0,0,22417453,1122,25,0,0
22496261,1582,52,0,1,22525178,934,17,0,0
22490677,1176,37,0,3,22518948,998,61,0,0
22470985,1758,82,0,3,22433353,1969,19,0,0
22459703,2141,38,0,0,22427255,1033,48,0,0
22511228,503,25,0,1,22502166,413,70,0,0
22531736,1072,48,0,0,22445106,1647,60,0,0
22483865,1181,136,0,0,22428044,1246,25,0,0
22519229,1925,18,0,2,22420667,1498,26,0,0
22439664,1359,26,0,2,22455833,1183,46,0,0
22430429,1178,87,0,6,22413626,437,17,0,0
22530767,680,18,0,2,22520631,646,32,0,0
22467693,1985,35,0,1,22458801,955,44,0,0
22464855,183,62,0,9,22502538,1231,33,0,0
22421191,1652,44,0,4,22480156,1571,39,0,0
22463040,1768,53,0,9,22442226,1483,38,0,0
22419532,2467,25,0,3,22434820,862,31,0,0
22525447,804,47,0,3,22488459,1541,56,0,0
22499535,1806,37,0,1,22483882,1629,34,0,0
22462421,1885,42,0,1,22474261,1456,32,0,0
22474998,1073,57,0,0,22518668,837,24,0,0
22425686,780,133,0,1,22433915,1290,52,0,0
22503084,779,34,0,3,22467685,891,23,0,0
22489824,1492,40,0,1,22441368,555,68,0,0
22507899,2172,21,0,1,22504211,1256,48,0,0
22423333,879,71,0,5,22500405,1808,41,0,0
22531352,1548,44,0,8,22459844,710,39,0,0
22512453,1274,45,0,1,22487282,659,35,0,0
22496925,862,104,0,1,22504591,1975,35,0,0
22490393,903,15,0,1,22494460,746,55,0,0
22506714,1102,55,0,5,22470009,958,61,0,0
22439195,2049,50,0,1,22472528,613,52,0,0
22467644,787,31,0,5,22438713,1622,32,0,0
22474739,1840,43,0,1,22463774,744,32,0,0
22489637,1892,42,0,1,22532266,2176,40,0,0
22483791,602,74,0,5,22480323,1123,26,0,0
22420829,953,38,0,3,22497413,729,35,0,0
22473019,1709,108,0,0,22518003,998,41,0,0
22499637,658,72,0,1,22432510,924,65,0,0
22456190,641,89,0,0,22453429,1109,34,0,0
22471508,2510,80,0,3,22518463,1233,32,0,0
22469263,881,54,0,4,22501026,689,43,0,0
22448939,1159,32,0,0,22477290,534,41,0,0
22424789,905,55,0,0,22503542,1894,67,0,0
22482195,2134,29,0,1,22465562,1907,51,0,0
22464415,1400,98,0,2,22426995,1131,24,0,0
22495321,992,33,0,5,22452909,1208,48,0,0
22511790,1084,25,0,2,22524635,752,122,0,0
22492038,1091,57,0,7,22533550,683,99,0,0
22417606,227,22,0,1,22415407,702,50,0,0
22499027,2116,28,0,0,22534745,156,34,0,0
22512937,299,38,0,2,22450235,1187,34,0,0
22505269,1530,124,0,2,22418385,883,31,0,0
22426475,1446,51,0,1,22421273,1700,45,0,0
22496207,1307,33,0,0,22533409,355,59,0,0
22447163,727,17,0,0,22447264,792,32,0,0
22494319,1471,46,0,0,22509962,712,81,0,0
22493936,210,54,0,1,22527571,1245,18,0,0
22467171,1237,228,0,0,22443509,264,61,0,0
22447229,562,29,0,0,22442558,765,52,0,0
22478116,1102,56,0,0,22532152,483,28,0,0
22434632,2158,47,0,2,22450537,1075,102,0,0
22461370,1008,61,0,1,22463410,1443,27,0,0
22502363,1300,108,0,0,22512058,1602,24,0,0
22487527,1203,36,0,0,22523190,915,33,0,0
22432455,942,13,0,2,22531686,1263,56,0,0
22443652,1977,18,0,1,22498712,1512,46,0,0
22520346,754,80,0,3,22515124,1136,19,0,0
22441950,837,44,0,11,22454044,739,29,0,0
22454175,938,63,0,0,22447922,1434,23,0,0
22459623,1746,56,0,1,22530412,1440,40,0,0
22429147,1932,50,0,5,22451746,2419,42,0,0
22422978,700,32,0,0,22533538,1835,34,0,0
22450159,2300,138,0,1,22523960,987,38,0,0
22521252,126,22,0,3,22494306,931,24,0,0
22525389,729,75,0,0,22483858,837,32,0,0
22540747,1331,50,0,0,22504682,1046,44,0,0
22425862,559,70,0,1,22432124,556,63,0,0
22450124,778,64,0,1,22435283,149,57,0,0
22478230,980,44,0,0,22497566,1632,25,0,0
22533781,1479,45,0,3,22445605,750,31,0,0
22530319,1251,30,0,1,22530568,850,38,0,0
22423545,1683,28,0,1,22434334,1108,58,0,0
22440604,1636,31,0,0,22475986,1191,42,0,0
22514169,460,108,0,0,22473618,935,18,0,0
22476075,1062,39,0,2,22488024,908,40,0,0
22530650,1204,24,0,5,22449606,1000,47,0,0
22522791,1555,38,0,2,22442852,1284,44,0,0
22457021,1248,130,0,4,22425966,533,42,0,0
22443215,659,29,0,1,22472238,569,71,0,0
22446634,959,38,0,2,22468055,874,74,0,0
22497939,1590,80,0,5,22475744,1704,65,0,0
22531874,250,27,0,0,22450879,1394,28,0,0
22418666,1040,23,0,3,22507007,1194,44,0,0
22526087,1356,25,0,2,22475755,1617,56,0,0
22506265,838,32,0,8,22508460,1115,41,0,0
22479334,531,29,0,0,22527529,288,48,0,0
22434919,1578,68,0,3,22512016,905,48,0,0
22425304,1119,71,0,9,22538319,1304,32,0,0
22487980,879,38,0,1,22485983,949,55,0,0
22468705,592,28,0,1,22503646,752,31,0,0
22516022,978,48,0,3,22420623,1143,31,0,0
22440361,1464,40,0,0,22511117,1104,74,0,0
22476645,714,211,0,0,22525101,1140,32,0,0
22486417,1120,44,0,4,22485465,1185,75,0,0
22527695,1500,37,0,0,22439202,450,56,0,0
22489237,1375,24,0,0,22440283,818,56,0,0
22515574,1097,66,0,0,22483741,870,44,0,0
22421049,2130,27,0,1,22438916,416,26,0,0
22461711,2254,45,0,1,22454668,1009,130,0,0
22534472,1603,40,0,1,22528384,1183,20,0,0
22422153,1004,38,0,3,22498926,1843,34,0,0
22470523,492,87,0,8,22437432,1230,38,0,0
22430424,2055,43,0,1,22489432,990,47,0,0
22505055,1106,134,0,4,22482439,1375,42,0,0
22463987,801,37,0,1,22532405,810,53,0,0
22506963,536,12,0,4,22526482,801,39,0,0
22478425,1079,42,0,2,22450404,1206,16,0,0
22501558,1845,25,0,5,22496319,1542,32,0,0
22449942,1448,73,0,0,22491273,1632,37,0,0
22429911,1234,20,0,5,22511892,1204,27,0,0
22458301,1507,33,0,3,22439727,483,70,0,0
22545126,579,221,0,5,22530120,1420,16,0,0
22447708,1178,19,0,0,22474394,1639,52,0,0
22532988,1196,25,0,0,22544175,824,42,0,0
22521875,1142,58,0,1,22518669,418,33,0,0
22526317,1076,40,0,2,22481150,2199,56,0,0
22500299,336,57,0,5,22450614,1207,62,0,0
22461597,1390,33,0,0,22524852,1208,24,0,0
22485242,1240,26,0,1,22516321,1627,68,0,0
22420635,1937,47,0,0,22525062,1704,44,0,0
22502181,487,58,0,1,22434831,1922,48,0,0
22447695,1720,33,0,1,22525524,1306,38,0,0
22502809,1264,56,0,4,22510430,469,34,0,0
22461769,759,45,0,1,22530335,668,40,0,0
22477790,1121,66,0,4,22490006,1771,31,0,0
22520081,1284,30,0,1,22436766,2413,40,0,0
22476514,955,64,0,1,22500798,667,120,0,0
22434732,1171,62,0,6,22508706,612,67,0,0
22479805,1353,29,0,2,22545620,1649,58,0,0
22538539,2192,42,0,1,22475095,1652,51,0,0
22442514,1406,67,0,3,22521316,1732,70,0,0
22530422,1168,49,0,1,22463010,662,46,0,0
22473429,947,43,0,1,22521562,1076,75,0,0
22521160,1575,27,0,0,22503242,1299,199,0,0
22446820,995,42,0,0,22441131,422,27,0,0
22474123,894,46,0,1,22472125,1820,63,0,0
22450213,500,21,0,1,22517142,1236,42,0,0
22544796,1451,57,0,1,22440781,1793,45,0,0
22523721,1218,56,0,1,22448066,777,84,0,0
22487439,1295,30,0,2,22457871,896,36,0,0
22509004,2146,55,0,7,22449966,1532,40,0,0
22518313,618,56,0,2,22479897,937,51,0,0
22448083,880,35,0,3,22503201,351,37,0,0
22461529,1282,28,0,2,22508888,2594,37,0,0
22505836,533,30,0,1,22535095,1013,47,0,0
22456328,1123,16,0,5,22535339,2031,42,0,0
22508987,677,51,0,3,22481389,1197,35,0,0
22497374,1427,56,0,8,22492091,548,45,0,0
22538937,2022,36,0,6,22532932,877,46,0,0
22475395,1623,68,0,5,22481078,1559,43,0,0
22457856,1531,110,0,1,22441873,1879,68,0,0
22526191,1878,28,0,3,22471831,641,24,0,0
22513310,1148,41,0,2,22545602,2494,37,0,0
22519999,620,33,0,2,22483807,2278,27,0,0
22437845,983,26,0,1,22425200,1532,40,0,0
22483439,679,69,0,4,22515282,1139,29,0,0
22522946,1327,18,0,3,22458019,1653,30,0,0
22526557,871,33,0,0,22534261,992,61,0,0
22482182,1091,74,0,0,22545387,1566,53,0,0
22453397,631,75,0,5,22531901,1425,75,0,0
22546763,2014,41,0,4,22427013,1822,49,0,0
22474385,1175,98,0,5,22423299,2197,43,0,0
22529094,1695,41,0,1,22434387,209,29,0,0
22493553,1697,25,0,1,22452723,1167,45,0,0
22469065,513,33,0,5,22449395,164,57,0,0
22497023,524,60,0,0,22479834,1258,34,0,0
22455496,414,98,0,1,22443852,2211,25,0,0
22471142,346,63,0,7,22534426,959,58,0,0
22527238,1140,57,0,3,22546716,2190,35,0,0
22535066,712,34,0,6,22484180,2343,85,0,0
22508820,1258,28,0,2,22512105,694,30,0,0
22523078,865,25,0,1,22504541,1726,64,0,0
22545071,1088,23,0,1,22521089,183,52,0,0
22428703,964,62,0,3,22505239,838,73,0,0
22452015,1051,49,0,0,22424231,1761,78,0,0
22517225,681,59,0,3,22439256,949,25,0,0
22491527,525,19,0,2,22493329,608,18,0,0
22479246,1497,38,0,0,22463103,1586,47,0,0
22433991,1600,74,0,1,22501461,2120,44,0,0
22516407,2139,63,0,1,22523695,773,26,0,0
22451729,259,59,0,4,22449770,888,46,0,0
22492790,1344,58,0,4,22461669,704,42,0,0
22454579,1191,31,0,1,22498960,1420,22,0,0
22511417,530,35,0,0,22431531,1317,62,0,0
22470620,1314,32,0,1,22450102,2559,63,0,0
22511356,877,34,0,0,22486861,585,29,0,0
22538738,968,159,0,2,22468852,251,47,0,0
22476329,2074,19,0,1,22423857,1963,45,0,0
22507191,1373,46,0,2,22537118,1065,41,0,0
22505587,914,49,0,1,22523260,441,66,0,0
22533396,657,131,0,1,22439950,805,25,0,0
22543210,2067,38,0,0,22449642,772,51,0,0
22518840,733,45,0,2,22512611,1043,55,0,0
22489014,1052,43,0,2,22536885,682,62,0,0
22542508,2053,38,0,3,22445159,658,68,0,0
22521296,2528,32,0,6,22498128,1524,34,0,0
22519831,2526,32,0,1,22463784,1055,41,0,0
22497851,1234,26,0,0,22525298,864,57,0,0
22528407,2081,41,0,2,22489543,1110,210,0,0
22432960,1088,57,0,0,22471493,1005,39,0,0
22429554,1084,35,0,0,22444347,1077,44,0,0
22484938,1772,27,0,6,22448630,1417,53,0,0
22452400,2199,33,0,1,22436709,2153,55,0,0
22511665,675,20,0,0,22482098,1096,71,0,0
22514532,2137,18,0,2,22424509,174,48,0,0
22469264,394,31,0,4,22545596,1315,35,0,0
22530032,105,46,0,2,22429340,1056,39,0,0
22516047,705,92,0,0,22503724,751,50,0,0
22444402,1237,55,0,0,22454020,1959,30,0,0
22450704,893,51,0,1,22424779,1908,37,0,0
22436552,1902,49,0,1,22434122,1172,57,0,0
22479280,2395,64,0,11,22443585,508,61,0,0
22507427,1127,40,0,2,22493207,2031,26,0,0
22430961,353,36,0,0,22454546,2398,41,0,0
22547621,1153,67,0,3,22539960,1722,67,0,0
22477845,1038,36,0,2,22518579,1373,31,0,0
22444106,2199,57,0,0,22529831,1228,25,0,0
22545804,1321,43,0,3,22491130,1485,51,0,0
22499792,1628,14,0,0,22464237,1394,44,0,0
22512927,1376,52,0,4,22432661,977,39,0,0
22532395,641,61,0,2,22494345,2169,20,0,0
22487213,1642,28,0,3,22542862,124,83,0,0
22461289,1739,74,0,3,22465983,1339,46,0,0
22456663,2393,52,0,1,22478608,2359,17,0,0
22471464,1084,28,0,1,22537854,374,45,0,0
22536724,2101,26,0,0,22484458,896,52,0,0
22452832,1911,45,0,6,22461516,1240,49,0,0
22464633,1057,40,0,2,22508823,777,74,0,0
22432396,893,43,0,0,22540433,1594,32,0,0
22431947,2288,28,0,1,22492296,423,39,0,0
22462495,1293,27,0,1,22483127,1376,33,0,0
22517929,1173,57,0,1,22474912,1175,62,0,0
22501012,1890,40,0,7,22546720,1849,29,0,0
22504734,1678,25,0,6,22536664,405,48,0,0
22526652,1962,51,0,5,22459012,1650,69,0,0
22488628,491,72,0,4,22466195,2113,28,0,0
22530212,780,144,0,4,22448122,1197,40,0,0
22534304,2050,41,0,1,22443111,614,27,0,0
22445782,1053,54,0,6,22476861,2180,33,0,0
22523414,1365,43,0,0,22444635,1091,42,0,0
22445227,1860,18,0,12,22456984,1172,136,0,0
22539953,714,16,0,10,22525784,1397,73,0,0
22514593,2568,50,0,3,22526574,862,34,0,0
22493166,1084,72,0,4,22449516,1400,63,0,0
22537177,1641,27,0,3,22520526,1326,47,0,0
22495139,1639,73,0,0,22539767,1417,42,0,0
22454259,209,41,0,1,22543826,459,82,0,0
22496582,1028,67,0,0,22522643,2071,41,0,0
22447381,872,30,0,5,22449803,1574,50,0,0
22461225,1250,38,0,1,22541252,2046,28,0,0
22430890,576,30,0,1,22444247,1303,65,0,0
22489847,306,16,0,0,22504632,653,31,0,0
22497517,713,55,0,0,22522862,1684,54,0,0
22541246,826,50,0,2,22491477,873,44,0,0
22526430,1174,92,0,1,22490545,936,80,0,0
22450698,113,69,0,1,22501821,1211,78,0,0
22468690,1069,87,0,2,22546840,663,288,0,0
22451969,1052,38,0,1,22464229,894,45,0,0
22493304,1440,120,0,3,22510151,845,80,0,0
22482388,285,29,0,2,22507562,1222,31,0,0
22482877,1668,35,0,1,22434161,2206,56,0,0
22486979,1218,24,0,5,22521923,476,34,0,0
22450051,1133,30,0,1,22509117,995,57,0,0
22547137,475,38,0,2,22467505,1386,34,0,0
22436617,1409,58,0,2,22528598,528,47,0,0
22513821,1642,42,0,4,22449323,1171,44,0,0
22506965,2026,30,0,0,22430601,726,130,0,0
22549741,1977,57,0,7,22519155,2062,38,0,0
22463553,453,32,0,2,22486461,1506,50,0,0
22496231,1158,74,0,1,22452547,2592,54,0,0
22480710,1380,37,0,3,22540247,1805,51,0,0
22505660,1843,39,0,4,22524558,1095,42,0,0
22508946,2250,25,0,1,22535084,1677,38,0,0
22505207,1015,35,0,5,22480963,948,52,0,0
22447304,533,19,0,9,22474106,1498,61,0,0
22447370,1184,42,0,0,22521238,1006,53,0,0
22466996,694,48,0,3,22522518,851,27,0,0
22514352,166,41,0,1,22511075,781,82,0,0
22490478,869,30,0,6,22461898,1503,51,0,0
22430338,1055,23,0,4,22481216,634,34,0,0
22471178,1285,53,0,0,22544924,547,47,0,0
22554616,1614,79,0,3,22531720,1879,80,0,0
22521560,1573,55,0,7,22487419,760,54,0,0
22504736,1363,32,0,0,22441527,923,39,0,0
22450204,1697,55,0,1,22447920,1842,79,0,0
22555507,1210,44,0,2,22547075,1923,29,0,0
22479960,1227,29,0,5,22473561,891,25,0,0
22432382,812,35,0,1,22499348,1196,87,0,0
22550867,2002,75,0,2,22444724,1334,50,0,0
22508428,872,77,0,2,22443452,932,29,0,0
22450903,1150,26,0,9,22518590,1504,23,0,0
22444522,1287,40,0,0,22517306,1690,31,0,0
22504190,1977,41,0,7,22481248,1378,70,0,0
22534724,783,41,0,3,22437058,689,32,0,0
22453149,1500,27,0,4,22522021,735,106,0,0
22548132,255,68,0,7,22507882,2535,69,0,0
22499402,940,61,0,0,22511979,1677,31,0,0
22474234,525,37,0,1,22496192,1203,50,0,0
22516317,2102,20,0,2,22464878,2133,30,0,0
22530142,867,58,0,1,22544282,140,70,0,0
22448695,234,44,0,1,22516217,950,45,0,0
22434859,1438,75,0,3,22439220,1126,42,0,0
22500021,1677,17,0,1,22553075,1636,70,0,0
22555441,600,81,0,0,22495814,1080,86,0,0
22511610,1245,30,0,5,22524881,1641,17,0,0
22534035,1198,38,0,3,22431328,1318,64,0,0
22510321,1632,46,0,2,22504091,1135,72,0,0
22524521,860,51,0,3,22494384,2219,77,0,0
22453458,592,41,0,0,22433825,1182,41,0,0
22465618,1259,42,0,0,22488293,1133,57,0,0
22479984,1131,48,0,3,22499848,1221,39,0,0
22540130,1010,37,0,10,22464191,1632,28,0,0
22501468,2589,31,0,5,22502892,305,37,0,0
22462507,987,20,0,1,22471127,1985,68,0,0
22485144,798,41,0,8,22440964,200,88,0,0
22551650,1532,33,0,4,22451115,2142,23,0,0
22547625,2208,52,0,0,22486003,358,50,0,0
22468868,2348,53,0,2,22544508,1874,32,0,0
22496642,693,21,0,5,22510947,850,40,0,0
22471639,1834,18,0,3,22432378,1034,27,0,0
22464292,870,20,0,2,22541748,1376,30,0,0
22510654,2221,32,0,1,22552468,497,37,0,0
22454620,1500,33,0,3,22518033,1105,36,0,0
22503508,964,36,0,1,22461055,557,38,0,0
22468746,651,38,0,4,22453089,1759,70,0,0
22535495,1281,39,0,0,22474162,1661,38,0,0
22555259,1521,57,0,2,22520477,1263,55,0,0
22450940,668,28,0,2,22522095,2562,46,0,0
22444842,1486,95,0,3,22535166,2545,44,0,0
22437447,1275,66,0,4,22545079,1419,49,0,0
22496611,552,33,0,1,22456425,1688,31,0,0
22480358,1277,88,0,2,22534182,634,18,0,0
22539068,1001,35,0,9,22455675,1023,26,0,0
22449623,1102,36,0,2,22471219,850,80,0,0
22444184,1217,24,0,4,22446708,1604,31,0,0
22482834,1916,51,0,0,22459839,882,33,0,0
22464875,1830,32,0,3,22460005,1607,50,0,0
22504208,745,48,0,2,22433075,221,47,0,0
22494118,1963,47,0,2,22555529,1123,114,0,0
22438117,1637,28,0,2,22548435,897,65,0,0
22436366,1346,38,0,1,22502613,1221,35,0,0
22553426,949,20,0,7,22538564,991,44,0,0
22497773,1375,33,0,2,22436693,1272,18,0,0
22485139,1005,28,0,1,22541609,1825,32,0,0
22454944,929,81,0,1,22446006,2074,40,0,0
22498067,845,39,0,7,22527097,1152,79,0,0
22526417,927,48,0,0,22469987,635,220,0,0
22480896,1157,52,0,4,22517086,1233,19,0,0
22510622,656,54,0,2,22494752,2168,31,0,0
22552808,494,45,0,2,22460842,260,50,0,0
22530125,154,43,0,3,22555847,777,28,0,0
22459439,1920,27,0,0,22500421,2211,22,0,0
22549142,615,24,0,0,22507363,1055,39,0,0
22458017,907,47,0,0,22470043,729,36,0,0
22492169,1888,43,0,1,22484039,984,72,0,0
22459101,744,80,0,3,22465255,1244,65,0,0
22451956,320,52,0,3,22511570,1693,40,0,0
22539636,1065,29,0,0,22541273,1071,37,0,0
22462728,618,39,0,1,22549893,908,61,0,0
22556021,564,41,0,2,22552775,1229,73,0,0
22505300,964,49,0,0,22530582,2362,57,0,0
22438039,1982,18,0,0,22464183,1065,102,0,0
22520153,628,17,0,1,22546270,1655,29,0,0
22452483,2257,51,0,14,22523991,976,50,0,0
22508352,1657,20,0,5,22460966,934,50,0,0
22436018,861,32,0,1,22447750,761,57,0,0
22471323,1105,35,0,0,22537628,1686,29,0,0
22536605,367,28,0,0,22490730,1502,67,0,0
22540472,2347,62,0,1,22533776,1242,19,0,0
22526980,222,66,0,3,22450541,689,53,0,0
22526408,1065,21,0,0,22507708,1005,77,0,0
22528806,1285,34,0,5,22552571,936,48,0,0
22513171,1329,49,0,1,22446800,720,54,0,0
22486383,1381,32,0,7,22523068,1395,68,0,0
22459399,1672,28,0,5,22491185,1285,29,0,0
22443839,1383,79,0,1,22551631,1436,27,0,0
22449337,794,31,0,2,22510913,1893,31,0,0
22494039,1055,75,0,1,22557127,543,78,0,0
22445490,739,90,0,7,22458756,1014,27,0,0
22519556,1154,41,0,1,22459121,744,35,0,0
22469988,1116,24,0,0,22490308,1388,31,0,0
22548471,655,24,0,1,22442288,1177,44,0,0
22467594,447,62,0,2,22530857,1519,32,0,0
22544834,1598,58,0,5,22526290,236,50,0,0
22474093,1342,32,0,8,22444006,1077,24,0,0
22459581,1930,21,0,5,22477978,458,40,0,0
22521941,1172,32,0,1,22541634,1547,75,0,0
22554615,1464,107,0,2,22480055,1153,47,0,0
22518433,1070,41,0,5,22546357,1601,36,0,0
22487633,1517,31,0,2,22536292,1025,44,0,0
22492640,231,28,0,3,22447439,930,44,0,0
22523302,989,75,0,3,22554096,1220,44,0,0
22491647,1437,39,0,4,22462262,1590,30,0,0
22530457,1427,54,0,4,22461520,1424,19,0,0
22521055,613,50,0,0,22552307,551,64,0,0
22512800,1914,93,0,1,22447378,882,54,0,0
22457036,1246,60,0,3,22510834,585,81,0,0
22530989,209,346,0,3,22467063,2131,36,0,0
22487686,434,48,0,4,22488083,2348,67,0,0
22544110,853,38,0,0,22441973,686,32,0,0
22535640,579,53,0,1,22510300,883,26,0,0
22445297,301,94,0,3,22478828,703,62,0,0
22549439,1668,56,0,1,22481071,1628,65,0,0
22507939,1948,63,0,0,22519125,1850,28,0,0
22545372,1484,72,0,2,22439532,1932,40,0,0
22547102,947,28,0,4,22505674,2508,37,0,0
22492955,1669,25,0,1,22541374,1027,32,0,0
22445094,2078,14,0,2,22448800,761,40,0,0
22510596,637,41,0,0,22476104,1503,121,0,0
22528807,2179,24,0,4,22451401,1076,32,0,0
22444291,1168,42,0,1,22477096,1316,60,0,0
22490292,1530,30,0,0,22495694,1769,63,0,0
22540709,1591,40,0,2,22464743,435,56,0,0
22543871,2101,45,0,1,22546653,1343,41,0,0
22467740,1633,47,0,1,22495432,944,70,0,0
22538830,2020,63,0,4,22553550,2110,39,0,0
22439719,1985,27,0,1,22520374,923,20,0,0
22498478,1686,25,0,0,22545404,1180,56,0,0
22462726,843,38,0,2,22546920,1179,28,0,0
22451860,1163,75,0,1,22509599,1587,96,0,0
22547918,1840,45,0,0,22466132,1654,39,0,0
22503271,831,44,0,1,22537075,1982,64,0,0
22507074,1158,59,0,0,22539416,704,44,0,0
22467673,1246,52,0,2,22456997,1359,45,0,0
22466805,1545,59,0,0,22456967,1339,29,0,0
22451534,615,57,0,1,22500913,990,69,0,0
22457561,1116,48,0,0,22469993,1615,80,0,0
22464286,1100,27,0,1,22493032,1606,56,0,0
22553660,711,51,0,2,22463812,525,31,0,0
22439134,667,44,0,4,22517495,1827,126,0,0
22452225,1559,129,0,4,22510842,1285,25,0,0
22450264,1112,72,0,2,22530044,1921,39,0,0
22538953,1066,93,0,2,22557884,528,30,0,0
22449986,1694,26,0,0,22461168,1675,54,0,0
22479666,415,33,0,12,22472343,768,67,0,0
22559193,1120,52,0,3,22544938,826,107,0,0
22463078,1299,81,0,3,22558851,800,49,0,0
22455902,2195,37,0,1,22560171,1183,53,0,0
22473024,1473,106,0,0,22460267,568,27,0,0
22502038,1442,26,0,0,22547904,1099,22,0,0
22459635,1677,24,0,0,22497239,909,19,0,0
22532279,1614,55,0,1,22554009,833,42,0,0
22549842,923,57,0,2,22466897,1087,25,0,0
22521752,1108,38,0,4,22507254,953,30,0,0
22468633,1096,45,0,4,22554335,469,38,0,0
22452295,2150,63,0,0,22477141,515,50,0,0
22512198,1322,34,0,0,22469164,1085,65,0,0
22442030,1594,20,0,0,22455832,1135,32,0,0
22503741,777,103,0,4,22531885,1712,21,0,1
22530549,1065,21,0,6,22480132,861,90,0,0
22517521,1557,27,0,2,22479072,641,45,0,0
22502327,1902,33,0,9,22518594,1732,27,0,0
22483323,2467,44,0,4,22493648,1695,32,0,0
22538007,1168,33,0,2,22520256,1097,60,0,0
22513142,824,19,0,5,22552888,2138,70,0,0
22504261,1242,31,0,4,22453182,1060,56,0,0
22463264,1235,38,0,3,22540205,1615,36,0,0
22545788,2198,57,0,0,22525115,515,33,0,0
22520240,1628,85,0,2,22492787,1166,45,0,0
22550148,794,67,0,2,22505034,2167,62,0,0
22525743,448,28,0,3,22510810,757,24,0,0
22484013,1224,43,0,3,22519076,754,34,0,0
22498140,622,44,0,1,22472541,2501,20,0,0
22461935,805,45,0,2,22518609,851,50,0,0
22541382,1161,46,0,1,22502869,699,64,0,0
22447511,1709,25,0,4,22491664,847,61,0,0
22509098,630,41,0,0,22463747,1019,31,0,0
22466769,415,58,0,6,22530316,528,61,0,0
22558025,999,35,0,0,22490979,897,54,0,0
22519468,696,71,0,1,22450619,1008,27,0,0
22521126,100,35,0,4,22535310,1155,61,0,0
22471889,469,30,0,2,22464310,619,13,0,0
22550177,577,41,0,2,22560025,1538,54,0,0
22485424,1453,29,0,3,22537561,1564,56,0,0
22483590,805,26,0,2,22508870,867,48,0,0
22488242,353,56,0,4,22564608,1371,40,0,0
22465039,1695,36,0,0,22448335,1529,28,0,0
22494198,639,81,0,2,22505800,249,36,0,0
22518603,1441,49,0,3,22462215,1307,81,0,0
22462582,956,67,0,0,22503117,1001,46,0,0
22526586,1824,40,0,4,22470689,1042,28,0,0
22456209,706,52,0,2,22451872,601,51,0,0
22496134,2340,45,0,1,22490573,1196,73,0,0
22559144,672,46,0,1,22464813,1653,53,0,0
22563048,2037,34,0,0,22541434,1185,55,0,0
22554499,1620,33,0,4,22485365,1378,39,0,0
22468692,882,43,0,4,22563372,775,52,0,0
22547687,975,204,0,2,22534004,568,42,0,0
22462394,1888,52,0,0,22469127,1141,27,0,0
22466458,1183,49,0,1,22519719,1620,65,0,0
22496289,985,74,0,0,22520279,2124,50,0,0
22520561,1495,70,0,2,22502063,2144,22,0,0
22449970,1602,52,0,5,22482196,670,18,0,0
22554515,642,42,0,0,22516576,1665,39,0,0
22557759,995,69,0,0,22492633,944,223,0,0
22524883,2568,33,0,0,22514910,1148,57,0,0
22522554,2406,59,0,0,22544846,1554,24,0,0
22494799,1393,86,0,0,22472680,879,55,0,0
22450439,530,29,0,1,22479022,736,36,0,0
22478787,456,46,0,0,22453520,1729,86,0,0
22558172,2117,32,0,0,22551312,906,44,0,0
22528749,2481,45,0,0,22517698,1952,57,0,0
22488191,1622,54,0,0,22534665,1865,38,0,0
22550750,889,67,0,0,22549875,587,114,0,0
22533384,1652,167,0,0,22557426,672,42,0,0
22504898,820,20,0,0,22463590,417,19,0,0
22511423,1106,34,0,0,22538185,744,20,0,0
22456502,1917,37,0,0,22529980,1355,26,0,0
22471628,558,47,0,0,22474039,903,34,0,0
22453220,719,72,0,1,22495761,1428,26,0,0
22521936,813,52,0,0,22565830,817,54,0,0
22504850,714,40,0,0,22452269,1148,49,0,0
22537849,2385,71,0,0,22538587,2055,30,0,0
22480261,1366,32,0,0,22530211,2122,59,0,0
22556079,2008,38,0,0,22501881,141,40,0,0
22475258,861,39,0,0,22552387,1010,29,0,0
22538690,1133,36,0,0,22533797,1279,79,0,0
22447716,604,25,0,0,22494027,660,43,0,0
22567251,852,40,0,0,22460181,1717,34,0,0
22503587,1080,31,0,3,22517168,1506,57,0,0
22546809,1120,37,0,1,22448861,844,43,0,0
22457434,1217,41,0,6,22495087,1509,31,0,0
22559945,977,22,0,3,22465816,2251,58,0,0
22519346,988,55,0,0,22511569,1409,61,0,0
22482438,844,42,0,5,22483212,1015,57,0,0
22491642,1099,61,0,6,22453152,1409,24,0,0
22472565,353,35,0,0,22451278,896,27,0,0
22489974,1255,50,0,1,22543158,324,26,0,1
22567762,1119,30,0,0,22447702,1628,29,0,0
22495452,1020,61,0,4,22508315,1759,56,0,0
22540257,978,44,0,0,22479496,1670,124,0,0
22505090,1992,69,0,0,22490383,1252,38,0,0
22485776,980,59,0,0,22552672,750,46,0,0
22561226,370,48,0,0,22525963,414,63,0,0
22532794,1342,53,0,0,22556778,684,61,0,0
22505986,914,36,0,0,22493701,532,26,0,0
22546386,509,30,0,0,22539783,431,59,0,0
22548281,1425,40,0,2,22489440,1108,56,0,0
22450570,1019,26,0,1,22568007,1699,25,0,0
22500287,1253,29,0,0,22564643,1616,39,0,0
22561839,1481,22,0,2,22491449,1487,64,0,0
22459566,1332,26,0,2,22532522,1625,69,0,0
22464421,1135,17,0,7,22489882,1145,74,0,0
22568955,539,37,0,4,22468105,2094,29,0,0
22486852,1258,36,0,4,22490605,1935,26,0,0
22476850,836,15,0,3,22554943,409,60,0,0
22566542,2498,44,0,2,22521667,845,30,0,0
22551509,797,39,0,5,22450952,923,44,0,0
22463751,1353,56,0,0,22470183,919,33,0,0
22567208,2405,18,0,5,22496693,1763,38,0,0
22566123,1339,55,0,1,22483793,536,30,0,0
22501493,1728,45,0,0,22555177,1184,34,0,0
22492732,524,19,0,1,22532211,707,26,0,0
22545824,687,43,0,1,22568876,1706,41,0,0
22551841,1692,43,0,1,22448283,838,37,0,0
22469526,1451,31,0,0,22494436,1619,37,0,0
22497025,817,18,0,2,22490485,551,34,0,0
22558932,2501,61,0,3,22563160,1340,42,0,0
22504445,1750,33,0,5,22484484,792,58,0,0
22459603,1516,32,0,2,22459911,2294,33,0,0
22568227,1985,40,0,3,22505071,1578,30,0,0
22569186,2325,24,0,2,22469381,1934,42,0,1
22538845,1399,51,0,5,22464063,2156,102,0,0
22519959,1885,150,0,0,22505876,1768,44,0,0
22537334,496,44,0,0,22530642,1939,27,0,0
22496158,2062,41,0,1,22491504,1163,36,0,0
22535611,1577,46,0,2,22480535,1023,41,0,0
22469242,1313,100,0,4,22485683,174,19,0,0
22465970,1913,34,0,3,22508293,801,27,0,0
22546061,1367,61,0,0,22536850,255,66,0,0
22500789,1106,50,0,0,22459297,670,34,0,0
22505506,675,18,0,3,22540483,1095,58,0,0
22559219,754,69,0,4,22543491,1337,25,0,0
22509815,147,29,0,0,22503401,1127,47,0,0
22565329,1921,38,0,1,22531251,635,67,0,0
22551818,531,29,0,4,22461012,990,37,0,0
22531698,2268,31,0,4,22471279,1154,43,0,0
22504294,1708,45,0,0,22524278,1198,95,0,0
22544524,244,33,0,0,22458052,2133,80,0,0
22541359,1189,40,0,1,22506085,605,38,0,0
22480434,265,59,0,0,22514166,465,39,0,0
22507004,1293,147,0,14,22449403,644,73,0,0
22570649,2323,53,0,1,22544153,720,60,0,0
22453151,811,48,0,0,22492008,1710,51,0,0
22478869,1877,44,0,5,22512166,2045,27,0,0
22482017,1692,83,0,0,22483868,1569,43,0,0
22520986,622,34,0,1,22501499,1367,72,0,0
22538931,1349,20,0,1,22544158,996,43,0,0
22547735,782,121,0,0,22488345,952,72,0,0
22450092,985,53,0,4,22552902,572,54,0,0
22540364,321,40,0,2,22535684,1097,96,0,0
22538212,744,73,0,3,22509515,2178,14,0,0
22527595,683,71,0,6,22457715,1643,26,0,0
22572131,1033,45,0,2,22500214,2483,31,0,0
22508204,778,34,0,5,22506560,552,77,0,0
22494649,1187,51,0,0,22564767,662,131,0,0
22464143,488,47,0,1,22553083,2093,25,0,0
22534377,1928,117,0,2,22497732,1310,36,0,0
22547836,855,56,0,2,22528858,611,30,0,0
22555463,1631,14,0,0,22481623,1267,37,0,0
22519137,1795,49,0,0,22489491,2057,54,0,0
22527162,1125,51,0,1,22493619,1808,83,0,0
22538093,896,43,0,0,22513689,1687,29,0,0
22567346,1412,53,0,3,22472520,1727,22,0,0
22537687,1392,32,0,1,22492670,496,66,0,0
22457242,1497,84,0,1,22525269,1674,56,0,0
22510148,2009,49,0,5,22553155,1112,38,0,0
22481391,1337,72,0,2,22516306,1151,42,0,0
22450669,749,34,0,1,22548060,1199,21,0,0
22453550,2130,53,0,2,22463506,1534,65,0,0
22486648,722,29,0,7,22518672,754,26,0,0
22469533,1270,97,0,3,22556579,1720,45,0,0
22491915,1136,35,0,1,22463416,1006,59,0,0
22564157,1133,34,0,2,22516172,1618,35,0,0
22558955,1208,23,0,2,22527677,1427,60,0,0
22483371,663,39,0,1,22543410,1982,51,0,0
22518723,713,47,0,2,22518444,1236,35,0,0
22569081,1526,35,0,1,22488669,1872,21,0,0
22549685,1658,45,0,1,22546104,1809,61,0,0
22513182,2215,27,0,2,22510188,1036,67,0,0
22557652,1335,56,0,3,22461610,624,74,0,0
22554565,2612,75,0,7,22458317,1973,39,0,0
22507683,898,46,0,5,22450978,1031,42,0,0
22498937,1200,36,0,0,22486060,1157,28,0,0
22455545,1319,55,0,2,22501836,1412,31,0,0
22471687,1553,34,0,3,22465326,1390,74,0,0
22479206,2187,26,0,1,22462695,1713,31,0,0
22465587,934,34,0,0,22542965,1624,43,0,0
22523785,850,165,0,2,22502330,1722,26,0,0
22516183,1071,51,0,1,22479248,1641,39,0,0
22525233,1116,23,0,0,22471303,1146,55,0,0
22493189,1702,43,0,1,22548331,887,37,0,1
22503984,340,56,0,1,22534859,918,50,0,0
22538267,683,85,0,0,22528449,706,58,0,0
22522069,889,349,0,3,22547160,1625,21,0,0
22464891,208,28,0,1,22545369,541,35,0,0
22496088,671,282,0,5,22529572,1102,34,0,0
22457824,871,55,0,0,22549434,2030,40,0,0
22517056,669,57,0,2,22470408,462,42,0,0
22487446,1675,34,0,1,22521787,560,56,0,0
22463589,1222,39,0,10,22486913,1109,54,0,0
22490205,1139,16,0,1,22536001,953,283,0,0
22465221,1546,57,0,1,22563354,1252,41,0,0
22510206,2198,50,0,4,22540819,1158,53,0,0
22574639,1084,28,0,3,22542184,870,23,0,0
22545385,1959,37,0,1,22528798,724,67,0,0
22572875,811,90,0,2,22495487,1893,39,0,0
22466025,652,48,0,2,22571030,2091,27,0,0
22555333,709,58,0,0,22530771,2165,44,0,0
22563283,1129,30,0,1,22560921,1153,36,0,0
22502601,1207,53,0,5,22474398,334,46,0,0
22481009,1296,54,0,2,22483845,1748,17,0,0
22556237,1189,45,0,0,22456042,401,83,0,0
22470635,672,30,0,6,22545428,369,12,0,0
22552320,794,53,0,1,22555358,2016,43,0,0
22548234,1377,43,0,1,22493675,630,26,0,0
22575880,2175,34,0,2,22520288,1487,14,0,0
22461560,759,36,0,9,22472571,1045,68,0,0
22555745,607,38,0,1,22550912,694,48,0,0
22532622,1830,37,0,8,22486303,641,57,0,0
22552550,1197,58,0,1,22549723,1654,26,0,0
22567724,1024,43,0,1,22484883,1267,43,0,0
22500193,1341,50,0,2,22501350,852,27,0,0
22518065,1614,26,0,1,22487431,403,223,0,0
22542489,774,74,0,1,22480039,623,49,0,0
22457322,1287,26,0,1,22511353,1145,63,0,0
22567394,996,60,0,3,22578077,1719,58,0,0
22484222,1642,27,0,0,22532064,1171,190,0,0
22462513,890,52,0,0,22454356,227,32,0,0
22510167,293,63,0,3,22468694,362,59,0,0
22516536,1122,14,0,1,22537673,1216,46,0,0
22565568,1414,41,0,1,22469923,1100,38,0,0
22569853,1758,62,0,6,22556681,1000,28,0,0
22537546,1102,46,0,2,22544278,1992,44,0,0
22570166,556,33,0,2,22477047,876,30,0,0
22484134,871,54,0,3,22495755,1227,55,0,0
22455046,2169,73,0,1,22461874,1695,53,0,0
22476934,385,27,0,0,22571499,1667,41,0,0
22572242,933,42,0,4,22533758,918,57,0,0
22558546,1781,65,0,6,22482107,942,17,0,0
22458196,1144,37,0,5,22509487,1165,36,0,0
22539367,1546,20,0,6,22543130,1108,77,0,0
22462016,1048,68,0,1,22572008,699,49,0,0
22482223,1293,51,0,5,22530647,1338,28,0,0
22478862,967,27,0,0,22574335,784,56,0,0
22475400,1897,58,0,0,22502362,948,41,0,0
22479974,398,22,0,1,22487982,1019,44,0,0
22466723,106,42,0,1,22526397,1290,24,0,0
22574818,1443,24,0,0,22522248,1198,60,0,0
22536477,2401,54,0,1,22481901,693,34,0,0
22555223,1247,40,0,0,22504945,1704,42,0,0
22553879,1121,36,0,1,22456196,2208,28,0,0
22521323,670,62,0,0,22578656,1314,53,0,0
22490976,987,30,0,2,22512204,1449,47,0,0
22522125,861,47,0,1,22507109,1138,46,0,0
22459564,1859,22,0,4,22511686,1245,47,0,0
22462749,730,79,0,1,22492343,700,46,0,0
22487917,1974,13,0,1,22528121,1301,30,0,0
22509499,2274,20,0,4,22507921,1654,69,0,0
22518676,1778,83,0,0,22455633,1181,192,0,0
22460603,2084,33,0,1,22508784,1595,60,0,0
22514444,921,102,0,3,22528255,1813,25,0,0
22495014,812,40,0,2,22573308,876,22,0,0
22567213,1471,26,0,0,22474758,1463,72,0,0
22471863,631,55,0,0,22512663,2272,37,0,0
22524821,1471,35,0,2,22470736,1744,47,0,0
22455342,1286,69,0,5,22549588,679,61,0,0
22519215,359,52,0,3,22467166,1265,75,0,0
22566683,2048,22,0,1,22463487,2624,26,0,0
22496784,1906,28,0,4,22479311,1079,93,0,0
22492211,202,32,0,1,22482120,1134,96,0,0
22524076,1123,45,0,4,22493531,2481,41,0,0
22522812,1866,54,0,0,22516617,1101,47,0,0
22479493,1034,62,0,3,22500993,923,61,0,0
22504177,1651,21,0,0,22478904,893,56,0,0
22471238,1158,33,0,3,22530263,723,58,0,0
22558097,1485,44,0,0,22550543,628,22,0,0
22477173,2116,22,0,2,22475223,1204,42,0,0
22494184,1014,57,0,0,22503901,1407,62,0,0
22524427,1357,50,0,0,22482930,744,155,0,0
22532786,766,64,0,0,22506674,1011,209,0,0
22534245,1262,50,0,0,22528249,826,44,0,0
22573858,1182,31,0,0,22551278,1160,83,0,0
22496445,771,33,0,2,22516782,1503,37,0,0
22482965,1319,71,0,1,22579720,658,19,0,0
22560148,1519,54,0,8,22567330,1464,45,0,0
22461351,700,27,0,0,22478711,1374,74,0,0
22445756,1125,56,0,0,22564332,1862,56,0,0
22547604,1269,41,0,2,22488181,1127,53,0,0
22527070,1302,44,0,5,22479077,689,122,0,0
22472242,1038,41,0,1,22513044,1132,68,0,0
22563150,909,60,0,0,22534076,917,20,0,0
22543501,1668,42,0,0,22562655,1672,229,0,0
22487997,1632,26,0,3,22549887,1159,49,0,0
22519906,1113,61,0,0,22508547,1145,51,0,0
22512889,805,44,0,1,22497573,1623,53,0,0
22482144,1071,49,0,2,22538168,2150,36,0,0
22565898,215,58,0,1,22452481,1464,32,0,0
22445423,824,52,0,0,22523675,679,57,0,0
22545992,1123,51,0,1,22511516,152,47,0,0
22558316,1386,111,0,1,22560271,811,28,0,0
22568112,1563,64,0,0,22459749,892,60,0,0
22556773,1471,82,0,3,22559079,1600,58,0,0
22470642,779,94,0,0,22499769,2535,23,0,0
22537674,889,48,0,6,22491110,1246,26,0,0
22449672,1224,73,0,0,22509799,739,33,0,0
22554418,835,25,0,2,22565317,1601,62,0,0
22446249,701,33,0,0,22548325,2002,75,0,0
22503120,956,19,0,5,22545902,1642,32,0,0
22538707,678,82,0,2,22516054,643,27,0,0
22527367,1060,51,0,1,22574067,1630,73,0,0
22564159,189,48,0,0,22466175,896,33,0,0
22448402,1591,35,0,4,22525440,993,30,0,0
22463849,1191,20,0,0,22484756,1272,23,0,0
22552646,1087,60,0,1,22515821,623,35,0,0
22504262,1690,25,0,1,22530761,650,71,0,0
22515436,1328,25,0,1,22528979,1212,102,0,0
22554733,173,67,0,0,22532995,2327,74,0,0
22566398,752,43,0,2,22465638,1401,41,0,0
22565440,823,32,0,2,22508621,539,32,0,0
22507685,1232,29,0,0,22481631,831,32,0,0
22534354,1181,36,0,0,22518795,1787,43,0,0
22570023,1926,40,0,2,22474375,550,74,0,0
22508289,840,35,0,1,22480836,1674,45,0,0
22527869,324,45,0,2,22499518,1190,36,0,0
22497254,1172,32,0,0,22541174,1796,31,0,0
22460520,802,55,0,1,22509081,1640,78,0,0
22557233,1373,70,0,1,22543172,620,80,0,0
22523304,2203,29,0,2,22540432,906,34,0,0
22510647,1359,57,0,3,22521913,1346,66,0,0
22520905,1113,35,0,2,22501274,615,35,0,0
22562221,2592,35,0,0,22495206,703,56,0,0
22512070,1188,48,0,1,22524556,1818,61,0,0
22528577,652,32,0,1,22563097,1101,35,0,0
22531696,1060,45,0,0,22477428,1265,35,0,0
22509763,550,36,0,2,22488695,902,41,0,0
22508454,1417,31,0,1,22491312,1501,48,0,0
22556837,437,35,0,0,22546491,2150,36,0,0
22487615,1328,49,0,1,22566251,1655,35,0,0
22517431,301,118,0,0,22532372,310,23,0,0
22473278,1330,80,0,0,22484784,2549,25,0,0
22517878,1066,27,0,1,22522199,1363,48,0,0
22544268,1245,42,0,1,22577252,798,15,0,0
22501737,1548,40,0,2,22497255,1559,30,0,0
22460161,1217,22,0,1,22581296,653,39,0,0
22471261,1522,21,0,3,22503212,1740,45,0,0
22471139,1587,55,0,3,22515010,655,22,0,0
22521564,1091,50,0,0,22470823,1067,63,0,0
22461151,1258,22,0,2,22529707,657,49,0,0
22564090,944,35,0,0,22538480,1133,31,0,0
22556393,2268,42,0,2,22471494,1674,50,0,0
22566696,860,44,0,2,22534081,1309,69,0,0
22460458,612,63,0,2,22474207,641,34,0,0
22533259,367,123,0,1,22559205,949,45,0,0
22572969,873,44,0,1,22558341,1420,74,0,0
22498094,743,82,0,1,22471844,538,32,0,0
22530751,582,33,0,1,22480625,809,68,0,0
22541192,1304,51,0,4,22556432,1523,77,0,0
22570377,1043,44,0,1,22481479,1145,46,0,0
22550564,1473,79,0,2,22472146,1346,26,0,0
22471099,2033,74,0,1,22550592,588,34,0,0
22512311,2025,92,0,1,22475608,779,21,0,0
22559082,1381,26,0,1,22581961,2391,34,0,0
22575776,1169,17,0,11,22554609,1750,23,0,0
22532616,1991,13,0,0,22502978,638,57,0,0
22534070,1791,25,0,2,22468465,1227,41,0,0
22512383,1365,47,0,11,22484111,1296,27,0,0
22551540,2170,99,0,1,22575059,2077,43,0,0
22488527,1135,26,0,5,22490405,1450,29,0,0
22467736,995,47,0,0,22584431,663,39,0,0
22460237,1249,22,0,1,22486104,639,46,0,0
22531829,707,46,0,1,22510508,1397,61,0,0
22469039,917,61,0,0,22496016,1266,17,0,0
22482506,1836,47,0,1,22560503,2172,40,0,0
22519007,673,35,0,4,22522367,302,24,0,0
22571599,291,58,0,3,22462610,2291,37,0,0
22527193,2128,26,0,5,22478460,1204,95,0,0
22570560,1713,43,0,1,22564158,1117,179,0,0
22492674,1148,41,0,4,22556458,419,87,0,0
22565312,1616,49,0,2,22466431,974,66,0,0
22584148,2328,72,0,3,22479949,1491,68,0,0
22492294,1153,32,0,1,22501600,352,43,0,0
22536572,1786,20,0,0,22535536,690,18,0,0
22519390,776,28,0,2,22570894,1200,35,0,0
22506059,1292,28,0,0,22539166,796,41,0,0
22485099,2137,16,0,2,22492287,1422,59,0,0
22557474,1191,21,0,3,22470262,1396,39,0,0
22490623,1162,58,0,0,22525818,394,42,0,0
22510217,1654,37,0,5,22487224,2469,39,0,0
22485225,229,40,0,4,22505947,975,34,0,0
22475210,1942,35,0,0,22565756,873,30,0,0
22488919,2420,56,0,5,22517890,2283,45,0,0
22522649,2105,57,0,1,22554450,1189,47,0,0
22569276,929,40,0,0,22514672,195,60,0,0
22485394,1101,55,0,2,22497325,1325,49,0,0
22552815,1041,49,0,0,22517016,1421,39,0,0
22551208,382,39,0,0,22463214,1178,50,0,0
22522773,2164,31,0,0,22530614,1114,65,0,0
22503408,1956,92,0,8,22544418,1382,36,0,1
22501187,1163,64,0,0,22570680,843,37,0,0
22541127,838,40,0,3,22510845,819,39,0,0
22577033,900,41,0,4,22530605,1113,54,0,0
22495246,437,17,0,4,22511605,1122,38,0,0
22576764,1660,29,0,8,22516233,708,32,0,0
22513752,463,80,0,7,22501400,1518,69,0,0
22495328,1439,14,0,10,22536405,1161,49,0,0
22547092,801,30,0,3,22574812,919,38,0,0
22553949,928,46,0,1,22534661,485,53,0,0
22513330,438,92,0,0,22527235,584,61,0,0
22565242,1139,87,0,1,22495831,1028,69,0,0
22545618,1489,49,0,1,22483537,350,66,0,0
22481468,1765,46,0,3,22463896,882,27,0,0
22541963,2116,81,0,0,22556426,1827,40,0,0
22471927,1828,37,0,5,22578199,1443,91,0,0
22478565,916,28,0,1,22465893,1172,60,0,0
22492386,1399,28,0,4,22501740,1704,64,0,0
22520721,1416,49,0,0,22474629,962,54,0,0
22580353,1503,31,0,3,22468267,1828,35,0,0
22539566,1315,52,0,2,22576424,1674,40,0,0
22585152,380,64,0,1,22499416,1688,46,0,0
22528292,206,44,0,0,22524280,776,34,0,0
22493626,632,69,0,2,22583899,683,51,0,0
22558894,592,29,0,9,22497297,2138,20,0,0
22587025,884,55,0,0,22490832,1107,30,0,0
22562125,1002,104,0,0,22580849,2541,30,0,0
22532601,776,37,0,2,22566922,918,46,0,0
22482415,2440,42,0,4,22547318,1180,31,0,0
22476669,938,26,0,3,22471108,1626,56,0,0
22530977,1818,74,0,0,22532275,1692,22,0,0
22474692,1496,66,0,3,22481751,1844,19,0,0
22570467,604,79,0,3,22497205,1482,37,0,0
22465891,1696,56,0,0,22483654,2650,28,0,0
22486291,2102,64,0,3,22517454,629,41,0,0
22589030,876,84,0,2,22484381,1895,98,0,0
22549288,162,47,0,2,22548750,1457,42,0,0
22522571,1629,28,0,0,22554715,1285,39,0,0
22574745,790,84,0,1,22549293,1901,57,0,0
22511802,1192,83,0,1,22538677,2032,105,0,0
22554583,1740,35,0,2,22537092,921,32,0,0
22565889,1016,47,0,0,22502687,1507,53,0,0
22513714,1430,47,0,1,22518635,1551,34,0,0
22581315,994,95,0,4,22464000,1203,25,0,0
22552586,1464,26,0,1,22536144,746,73,0,0
22504398,108,29,0,0,22489898,1239,100,0,0
22524164,557,40,0,1,22529129,2556,42,0,0
22492673,1251,46,0,2,22588632,1089,30,0,0
22487887,754,48,0,1,22513585,1182,78,0,0
22497767,895,44,0,4,22572995,616,47,0,0
22538296,710,23,0,0,22505170,1194,17,0,0
22513965,744,36,0,3,22528337,1644,51,0,0
22552690,565,45,0,3,22482102,664,32,0,0
22530436,907,30,0,8,22490913,897,81,0,0
22576137,1694,52,0,2,22549620,2134,39,0,0
22515205,1265,59,0,1,22589434,785,40,0,0
22506006,2071,36,0,3,22509197,2151,46,0,0
22469246,937,58,0,2,22535041,992,69,0,0
22553940,765,46,0,3,22509116,922,68,0,0
22535408,1919,104,0,0,22464876,1814,30,0,0
22516683,1882,49,0,5,22504024,527,43,0,0
22559291,164,28,0,1,22469428,1180,22,0,0
22495119,1069,53,0,1,22583997,1686,53,0,0
22567090,1048,27,0,1,22572575,473,70,0,0
22575089,546,36,0,2,22523034,2564,33,0,0
22546339,884,18,0,2,22529023,1946,27,0,0
22537877,1132,33,0,0,22482041,1429,57,0,0
22468697,2258,60,0,2,22521753,1034,81,0,0
22478101,1944,38,0,0,22497759,1049,37,0,0
22538987,1602,47,0,1,22524910,1127,61,0,0
22508786,1353,41,0,1,22515730,1288,64,0,0
22527608,1193,24,0,0,22478067,1495,43,0,0
22519609,1181,89,0,3,22470914,972,19,0,0
22593779,107,55,0,1,22523650,871,31,0,0
22545431,288,37,0,4,22568773,1027,18,0,0
22566430,1954,62,0,1,22506978,735,49,0,0
22557577,1471,49,0,2,22520775,2160,37,0,0
22538144,1491,35,0,0,22558273,640,89,0,0
22535898,2609,47,0,1,22548370,519,44,0,0
22503144,1698,57,0,1,22487541,868,55,0,0
22501915,166,73,0,1,22529595,1107,32,0,0
22566131,813,45,0,1,22579985,746,27,0,0
22512563,833,74,0,7,22480456,1430,42,0,0
22524215,481,25,0,0,22484906,1017,87,0,0
22509086,937,32,0,2,22520940,1499,27,0,0
22485490,723,55,0,3,22482543,2182,32,0,0
22524831,863,60,0,3,22574031,1608,21,0,0
22475603,1274,36,0,0,22479240,1421,23,0,0
22585679,1991,15,0,1,22563714,1665,36,0,0
22581829,1161,25,0,1,22594562,1676,66,0,0
22582484,1704,56,0,2,22591174,2412,55,0,0
22575596,1436,38,0,1,22575577,1061,103,0,0
22509797,283,69,0,1,22547982,1197,61,0,0
22482895,638,23,0,0,22555523,1289,75,0,0
22530532,1482,53,0,4,22488795,1376,29,0,0
22586349,1302,35,0,1,22497338,160,52,0,0
22525312,1275,51,0,0,22557924,1763,37,0,0
22502028,1171,26,0,2,22532091,1975,27,0,0
22565442,2436,21,0,0,22553108,2380,43,0,0
22490968,1386,46,0,3,22511903,2161,37,0,0
22573248,1212,30,0,0,22486814,1066,32,0,0
22479881,989,42,0,6,22532411,1650,79,0,0
22495393,2183,45,0,0,22494620,782,117,0,0
22555687,795,23,0,2,22589429,1466,50,0,0
22563667,1060,41,0,2,22506890,1085,47,0,0
22472244,814,55,0,3,22511901,821,29,0,0
22473398,1186,56,0,7,22479416,2577,28,0,0
22534971,512,41,0,2,22518690,2099,33,0,0
22468204,925,41,0,4,22585235,958,56,0,0
22509892,512,92,0,2,22511803,865,33,0,0
22532050,1826,26,0,1,22480507,881,60,0,0
22592805,1117,50,0,1,22510111,1075,25,0,0
22591965,880,29,0,3,22528894,1286,36,0,0
22592007,1099,18,0,0,22586832,1612,60,0,0
22555577,845,43,0,3,22570732,1828,26,0,0
22476871,1499,36,0,1,22583621,1064,37,0,0
22568371,1759,45,0,3,22504018,467,35,0,0
22557085,695,83,0,4,22540569,650,96,0,0
22573121,469,31,0,5,22540032,2028,34,0,0
22551079,1191,41,0,3,22521493,1093,23,0,0
22564374,1042,17,0,1,22483026,862,36,0,0
22500973,2012,52,0,5,22525142,947,18,0,0
22583131,1464,37,0,4,22565573,1466,38,0,0
22474305,826,21,0,1,22506833,2543,56,0,0
22507567,249,42,0,4,22541622,2181,41,0,0
22482122,1524,28,0,3,22539924,1187,30,0,0
22563605,955,28,0,4,22496568,1439,40,0,0
22506610,676,76,0,1,22487787,1114,67,0,0
22578593,324,56,0,0,22580492,1342,23,0,0
22559917,1316,19,0,0,22476253,888,73,0,0
22559410,1006,39,0,2,22509662,1144,66,0,0
22595459,1098,24,0,1,22542138,1982,33,0,0
22537717,1348,78,0,3,22565764,571,20,0,0
22545201,2652,32,0,6,22568454,1868,64,0,0
22587625,954,75,0,4,22589422,319,50,0,0
22581709,1679,33,0,2,22529432,1554,49,0,0
22517163,1234,55,0,0,22497368,816,17,0,0
22480775,494,50,0,0,22550894,1034,34,0,0
22506047,1391,36,0,2,22558622,2266,38,0,0
22490479,717,54,0,1,22549616,1626,26,0,0
22493585,1167,27,0,4,22493663,1272,46,0,0
22478923,1264,25,0,2,22560083,281,15,0,0
22484437,932,44,0,5,22517486,2139,38,0,0
22573627,1240,35,0,2,22512230,788,61,0,0
22587595,656,52,0,3,22531930,496,47,0,0
22534560,1123,36,0,0,22522109,1641,31,0,0
22492116,1345,56,0,10,22485632,1353,40,0,0
22567137,1092,33,0,1,22520874,1411,32,0,0
22524570,481,30,0,1,22584544,1494,46,0,0
22530452,1125,37,0,1,22548642,1200,47,0,0
22571317,1473,52,0,1,22498941,596,57,0,0
22566367,446,38,0,1,22477958,1562,32,0,0
22493659,1831,43,0,0,22493293,1942,60,0,0
22552421,1081,102,0,4,22497673,789,24,0,0
22577788,1172,40,0,0,22488053,1319,70,0,0
22511624,2258,91,0,1,22553544,2101,43,0,0
22562730,2236,65,0,0,22569541,1472,26,0,0
22491655,1202,53,0,6,22491556,888,25,0,0
22522391,1540,30,0,2,22552485,1678,36,0,0
22472254,1004,59,0,3,22487077,901,46,0,0
22488963,967,61,0,7,22546542,941,32,0,0
22473578,1000,23,0,2,22515136,721,37,0,0
22583193,1167,50,0,2,22588207,1914,39,0,0
22592476,1628,47,0,2,22491489,1262,26,0,0
22543018,231,14,0,0,22503079,1177,35,0,0
22581958,1093,49,0,5,22498628,590,39,0,0
22532721,559,45,0,1,22505701,1441,73,0,0
22488724,2115,62,0,1,22582962,740,28,0,0
22544011,1123,63,0,2,22599948,1108,41,0,0
22522225,695,73,0,2,22514398,1096,38,0,0
22539658,610,48,0,1,22485638,889,80,0,0
22555655,1406,49,0,0,22532795,1140,50,0,0
22543428,620,73,0,1,22572955,2532,61,0,0
22512512,2585,18,0,2,22579895,635,44,0,0
22584964,878,49,0,4,22549835,992,57,0,0
22516310,1630,49,0,2,22554422,1528,26,0,0
22515232,1996,23,0,0,22511346,608,61,0,0
22588284,621,49,0,4,22476259,585,52,0,0
22504305,874,26,0,1,22538081,161,27,0,0
22478807,1662,136,0,5,22570779,1125,42,0,0
22566700,310,58,0,0,22556694,502,70,0,0
22559452,1763,46,0,4,22534433,1511,20,0,0
22500148,1892,60,0,0,22491883,336,44,0,0
22541739,921,34,0,1,22596686,305,33,0,0
22479718,1123,71,0,2,22569896,2067,55,0,0
22557559,910,58,0,1,22527638,2196,47,0,0
22585116,2134,43,0,1,22581778,1111,31,0,0
22504724,1299,39,0,0,22516705,660,79,0,0
22594470,175,20,0,0,22551676,1244,55,0,0
22506356,915,27,0,2,22492276,723,65,0,0
22494928,1240,76,0,1,22497674,1395,84,0,0
22578135,646,55,0,5,22499636,1307,92,0,0
22478758,628,59,0,1,22569326,1333,56,0,0
22560623,1646,30,0,5,22589966,773,24,0,0
22578225,2132,45,0,5,22586393,210,65,0,0
22525929,800,19,0,4,22546895,1536,44,0,0
22550299,2183,35,0,3,22564456,1328,114,0,0
22599534,277,111,0,6,22565158,1156,31,0,0
22567827,1051,39,0,1,22521956,681,80,0,0
22501200,968,40,0,3,22476056,1231,82,0,0
22532548,1621,69,0,12,22517113,1903,53,0,0
22505180,2179,29,0,1,22555975,1725,34,0,0
22482276,646,42,0,2,22596312,817,59,0,0
22513453,1467,27,0,2,22546737,1042,28,0,0
22519303,2150,61,0,2,22584326,2197,40,0,0
22578878,1935,35,0,0,22523317,2234,41,0,0
22527222,1156,37,0,2,22510606,507,119,0,0
22513970,1017,62,0,2,22545152,2257,68,0,0
22541639,1588,30,0,1,22575079,1659,15,0,0
22485509,1678,60,0,1,22577658,1976,35,0,0
22515845,299,211,0,0,22475351,569,25,0,0
22544086,713,63,0,4,22582900,1853,47,0,0
22499301,2540,76,0,7,22541379,1541,44,0,0
22491708,642,42,0,1,22527204,255,34,0,0
22584718,401,84,0,3,22526321,2043,34,0,0
22475946,647,32,0,1,22521109,1131,40,0,0
22557486,790,34,0,2,22595907,1944,94,0,0
22529890,429,60,0,2,22546612,1958,68,0,0
22533904,642,44,0,6,22489006,629,42,0,0
22578972,778,18,0,4,22530695,258,61,0,0
22559604,947,39,0,1,22490017,300,63,0,0
22593305,1864,23,0,2,22496442,1854,37,0,0
22556571,1410,20,0,1,22499898,1673,62,0,0
22552950,1650,46,0,3,22522264,2373,60,0,0
22516712,440,41,0,4,22535300,1038,48,0,0
22586978,223,301,0,0,22499108,2573,52,0,0
22507922,754,35,0,1,22532109,1191,68,0,0
22602749,656,47,0,3,22485836,849,59,0,0
22570318,1501,26,0,3,22580395,935,44,0,0
22506867,1186,49,0,6,22547011,757,76,0,0
22575208,1287,22,0,1,22571867,1160,23,0,0
22503356,1180,39,0,3,22488738,1799,23,0,0
22565537,617,73,0,2,22584771,1278,201,0,0
22554135,1222,24,0,1,22563156,679,43,0,0
22490670,1089,19,0,2,22490963,791,27,0,0
22592058,827,37,0,0,22592220,176,58,0,0
22487399,945,40,0,5,22591007,2247,56,0,1
22517139,1163,95,0,3,22527425,701,15,0,0
22549757,1911,26,0,2,22595676,530,16,0,0
22592168,682,45,0,2,22567343,716,38,0,0
22495049,832,41,0,5,22505141,1944,39,0,0
22519014,1274,28,0,3,22520684,1682,45,0,0
22501032,1160,35,0,0,22543885,2089,27,0,0
22589402,2436,59,0,3,22549665,1765,82,0,0
22508414,1856,14,0,2,22523069,1326,25,0,0
22604890,1019,26,0,1,22580465,1875,20,0,0
22564492,2148,27,0,0,22587975,1320,71,0,0
22528344,534,36,0,2,22571988,746,76,0,0
22584785,869,33,0,3,22542447,800,67,0,0
22571777,675,48,0,4,22583095,520,54,0,0
22563246,444,68,0,3,22599835,887,64,0,0
22548917,1540,33,0,0,22525458,1311,33,0,0
22487941,1813,62,0,0,22597584,721,30,0,0
22507226,1513,49,0,1,22490707,1510,112,0,0
22564085,289,58,0,4,22581807,826,31,0,0
22541301,799,24,0,10,22551931,602,100,0,0
22557289,1171,35,0,1,22552099,840,39,0,0
22542972,880,47,0,3,22552891,116,62,0,0
22501158,870,53,0,4,22519935,588,26,0,0
22522953,999,77,0,0,22486535,1464,21,0,0
22490122,682,60,0,1,22571107,229,49,0,0
22482485,1256,42,0,5,22584813,1396,46,0,0
22528400,1372,50,0,0,22500957,1259,62,0,0
22580176,1161,43,0,4,22558311,445,33,0,0
22508649,705,54,0,1,22553056,2276,62,0,0
22553305,1145,32,0,6,22595587,1861,52,0,0
22550855,1169,42,0,3,22501797,1819,42,0,0
22507378,978,94,0,0,22479739,1142,45,0,0
22580579,509,45,0,0,22498704,1050,22,0,0
22555359,779,54,0,0,22489206,743,33,0,0
22565241,765,39,0,8,22585264,1433,124,0,0
22580294,1807,31,0,8,22528888,1505,22,0,0
22563199,1760,77,0,9,22501671,603,51,0,0
22568338,1938,48,0,3,22590797,931,52,0,0
22486124,842,62,0,1,22568665,1772,49,0,0
22604831,2367,30,0,1,22497713,645,51,0,0
22496692,1953,37,0,0,22530859,2400,43,0,0
22544549,1203,43,0,1,22512130,1404,26,0,0
22564156,1312,37,0,1,22493534,617,50,0,0
22508756,550,30,0,3,22580237,2339,29,0,0
22546444,2273,44,0,4,22547853,1585,36,0,0
22504099,657,40,0,2,22548157,922,17,0,0
22480791,1530,34,0,1,22541909,1186,38,0,0
22505909,1857,20,0,4,22561009,1739,28,0,0
22532756,686,43,0,2,22547494,804,77,0,0
22509836,184,50,0,4,22592260,581,34,0,0
22480670,1925,38,0,1,22503040,2435,36,0,0
22601261,857,52,0,1,22606993,1138,79,0,0
22544151,432,36,0,1,22489343,1182,18,0,0
22499804,1167,68,0,2,22595969,1130,28,0,0
22561762,343,39,0,2,22570580,1553,77,0,0
22506151,1062,39,0,2,22495225,1292,53,0,0
22510081,1239,46,0,3,22506900,1418,42,0,0
22556185,533,33,0,0,22595511,734,42,0,0
22511376,877,38,0,0,22484809,920,43,0,0
22590931,2016,66,0,1,22522512,1364,50,0,0
22545921,2577,39,0,0,22572873,1561,27,0,0
22557351,1500,52,0,1,22494750,1313,18,0,0
22507080,1224,67,0,1,22546392,1620,39,0,0
22527149,826,64,0,3,22542399,1187,113,0,0
22516170,798,38,0,0,22532448,1969,64,0,0
22564903,731,27,0,0,22514391,1587,26,0,0
22544469,524,52,0,3,22484872,988,78,0,0
22525284,1191,43,0,1,22534755,384,27,0,0
22520588,1384,79,0,1,22508276,910,55,0,0
22508716,1949,37,0,2,22522124,1988,52,0,0
22559119,1605,41,0,3,22529316,1142,42,0,0
22559272,1777,58,0,3,22535580,1105,30,0,0
22546243,682,96,0,1,22550928,935,62,0,0
22510609,1700,104,0,0,22555342,2007,36,0,0
22598580,1462,39,0,1,22606471,1205,38,0,0
22526470,1601,62,0,0,22577964,1578,94,0,0
22529405,1682,56,0,0,22607655,977,27,0,0
22547748,1073,36,0,2,22561691,1633,33,0,0
22605510,1109,42,0,1,22517974,1485,23,0,0
22560002,1120,51,0,0,22506813,936,53,0,0
22556972,1109,55,0,1,22586682,1408,48,0,0
22580644,990,23,0,2,22521048,1159,97,0,0
22545970,703,26,0,0,22550526,693,56,0,0
22550066,1031,88,0,4,22571530,2107,41,0,0
22594026,1944,30,0,2,22506930,888,33,0,0
22533639,1573,35,0,1,22497268,2558,23,0,0
22597737,1016,49,0,1,22571676,1454,76,0,0
22536454,825,43,0,0,22556287,1135,44,0,0
22560178,1542,47,0,0,22572542,701,29,0,0
22491770,1620,62,0,1,22506140,1639,18,0,0
22597330,1206,84,0,5,22512450,210,42,0,0
22540203,1995,40,0,1,22496087,1012,209,0,0
22546473,657,33,0,5,22503137,838,39,0,0
22581547,664,28,0,0,22563181,1473,47,0,0
22542298,991,93,0,0,22519310,1779,59,0,0
22544477,1120,17,0,1,22609730,817,57,0,0
22501163,1302,80,0,3,22509767,2233,39,0,0
22536717,1001,31,0,7,22597579,883,54,0,0
22532092,1547,15,0,4,22499865,1540,31,0,0
22559293,1084,43,0,2,22555257,1574,61,0,0
22500466,1086,45,0,1,22550632,2210,32,0,0
22555398,934,27,0,2,22590991,702,55,0,0
22500241,417,24,0,5,22555055,1194,78,0,0
22553359,1379,125,0,2,22548478,1841,49,0,0
22557580,2592,53,0,3,22544544,1875,60,0,0
22577354,741,32,0,2,22537241,1312,26,0,0
22485409,314,52,0,6,22501719,1431,45,0,0
22590357,701,68,0,5,22488912,1132,52,0,0
22601859,1554,39,0,0,22520694,404,60,0,0
22587646,1344,18,0,0,22510244,1710,107,0,0
22551569,1969,39,0,5,22531041,1351,28,0,0
22587374,790,32,0,1,22531228,1210,25,0,0
22511988,1404,225,0,1,22597324,1189,23,0,0
22532951,701,75,0,1,22488578,1045,65,0,0
22550333,1655,27,0,3,22545750,1211,37,0,0
22556990,1613,45,0,5,22530978,941,81,0,0
22488439,1871,46,0,4,22578860,743,53,0,0
22529321,1626,37,0,5,22585660,1400,51,0,0
22595790,1488,67,0,6,22602927,878,77,0,0
22554128,944,39,0,0,22510099,1656,56,0,0
22538207,685,62,0,1,22489226,1623,28,0,0
22549577,937,49,0,1,22486551,363,113,0,0
22567803,1483,27,0,2,22585247,2372,33,0,0
22490984,1170,30,0,11,22607042,1179,47,0,0
22541849,1182,60,0,5,22568883,251,43,0,0
22521891,526,13,0,0,22535294,1274,59,0,0
22500602,1544,24,0,5,22532848,1331,42,0,0
22553140,1022,61,0,2,22529088,985,82,0,0
22503515,1992,17,0,3,22584294,849,15,0,0
22494777,906,36,0,1,22502665,901,108,0,0
22564376,1816,36,0,2,22589875,1429,39,0,0
22550708,593,96,0,2,22537037,1707,64,0,0
22496932,643,44,0,2,22586808,1693,33,0,0
22486448,1834,73,0,0,22542206,1368,41,0,0
22546151,2108,43,0,0,22556209,1888,56,0,0
22518390,910,42,0,1,22503127,1845,20,0,1
22599179,434,19,0,1,22594466,1710,55,0,0
22486978,280,31,0,4,22578698,2456,55,0,0
22561300,742,32,0,0,22605323,2412,49,0,0
22559467,1785,48,0,0,22545471,599,27,0,0
22533143,394,74,0,8,22578261,1360,76,0,0
22587851,1792,36,0,6,22514269,1553,98,0,0
22538056,2072,34,0,7,22493237,908,41,0,0
22507790,639,16,0,5,22527317,1129,28,0,0
22563672,614,24,0,9,22603897,1868,47,0,0
22535106,312,43,0,1,22584005,668,47,0,0
22586047,977,31,0,2,22529380,669,64,0,0
22560247,1406,45,0,3,22549247,2102,73,0,0
22610640,1251,13,0,2,22520676,2040,26,0,0
22597924,258,53,0,4,22562019,479,61,0,0
22564358,621,18,0,0,22536875,1650,40,0,0
22517392,1198,204,0,1,22523273,616,167,0,0
22614478,533,62,0,2,22607240,1655,37,0,0
22510046,611,42,0,5,22586582,606,42,0,0
22527004,1226,20,0,1,22554711,956,43,0,0
22560233,884,94,0,2,22540292,1740,52,0,0
22538200,1128,40,0,1,22589675,696,45,0,0
22584014,249,71,0,0,22559479,2192,20,0,0
22521826,1384,26,0,3,22525603,1341,50,0,0
22549282,1210,47,0,12,22614310,1381,32,0,0
22489593,373,40,0,5,22576468,727,65,0,0
22533730,1624,48,0,4,22496077,1623,49,0,0
22515708,814,60,0,0,22567924,999,25,0,0
22556529,646,35,0,0,22501270,1152,43,0,0
22529189,1234,34,0,3,22571372,1159,48,0,0
22555682,1376,20,0,3,22593688,326,44,0,0
22492413,915,26,0,0,22496174,1585,65,0,0
22516653,1213,43,0,2,22583043,997,38,0,0
22609040,1976,46,0,1,22523387,1081,18,0,0
22592978,1692,26,0,9,22596946,605,116,0,0
22580108,2140,31,0,1,22495480,1887,65,0,0
22582179,847,49,0,2,22511039,620,31,0,0
22564362,1168,54,0,1,22513912,2301,49,0,0
22594701,1158,48,0,5,22511916,813,32,0,0
22518867,1996,42,0,1,22520604,438,60,0,0
22527389,1622,49,0,2,22531904,1050,47,0,0
22596760,850,45,0,5,22578413,734,53,0,0
22614867,1155,30,0,6,22600356,1014,26,0,0
22555751,911,60,0,6,22515746,1131,28,0,0
22552355,1403,56,0,2,22502752,1494,24,0,0
22502745,1404,17,0,2,22518404,912,45,0,0
22505623,761,50,0,3,22546026,2569,40,0,0
22570712,136,87,0,1,22592045,1012,35,0,0
22599636,588,82,0,0,22503668,469,12,0,0
22611547,1582,34,0,4,22536367,788,27,0,0
22525039,2096,85,0,2,22536923,1892,31,0,0
22528489,1561,36,0,8,22544461,691,40,0,0
22506076,689,43,0,0,22573172,1563,82,0,0
22591154,753,32,0,1,22512197,206,71,0,0
22509782,281,22,0,2,22563451,1890,59,0,0
22510214,1156,36,0,2,22581121,1057,49,0,0
22536501,968,86,0,6,22601721,645,60,0,0
22517091,1128,38,0,1,22583934,1188,45,0,0
22529068,384,32,0,3,22563228,1768,38,0,0
22613641,556,25,0,0,22495485,824,72,0,0
22492158,480,21,0,0,22490694,922,41,0,0
22600705,1891,30,0,3,22582110,302,125,0,0
22587601,677,66,0,4,22520236,877,38,0,0
22504863,2326,67,0,2,22609710,2179,35,0,0
22533491,1660,48,0,1,22565423,1606,81,0,0
22490227,1481,55,0,5,22508697,1862,24,0,0
22569396,457,71,0,0,22492157,1186,21,0,0
22503312,2039,19,0,0,22507406,1042,48,0,0
22594499,1100,55,0,2,22526701,943,26,0,0
22568374,947,54,0,1,22613228,1086,31,0,0
22584538,1777,36,0,3,22556715,630,18,0,0
22546844,868,40,0,0,22498852,849,32,0,0
22542834,1179,34,0,0,22612347,1265,49,0,0
22490115,968,49,0,3,22581565,1677,51,0,0
22566622,909,25,0,2,22567031,868,66,0,0
22526092,904,63,0,1,22513760,304,43,0,0
22528224,1922,32,0,0,22575539,1217,23,0,0
22597439,1402,42,0,0,22523939,1500,23,0,0
22592739,1453,28,0,4,22511577,1884,29,0,0
22513880,985,74,0,0,22578345,606,30,0,0
22595028,1646,73,0,2,22544052,642,37,0,0
22573286,1770,22,0,3,22535474,1517,78,0,0
22609150,537,75,0,0,22585634,1342,52,0,0
22597112,2451,21,0,3,22567274,705,33,0,0
22508000,2215,27,0,1,22536075,698,147,0,1
22568390,1522,29,0,0,22580660,1200,18,0,0
22601184,1885,77,0,1,22611267,978,65,0,0
22494025,1161,34,0,0,22617915,363,45,0,0
22519203,505,31,0,3,22566390,1155,89,0,0
22586030,772,20,0,4,22559724,137,44,0,0
22520339,1037,47,0,2,22614881,1669,50,0,0
22535779,1073,57,0,2,22495276,827,63,0,0
22502220,486,63,0,0,22578776,843,25,0,0
22580925,1598,27,0,5,22553448,2055,39,0,0
22538087,1644,59,0,2,22537791,1514,42,0,0
22584152,1049,44,0,0,22536649,2192,43,0,0
22493607,303,46,0,0,22558684,1762,46,0,0
22591463,1245,48,0,1,22568246,1982,79,0,0
22565552,1598,70,0,6,22516533,240,36,0,0
22500626,2251,18,0,0,22547116,1464,21,0,0
22585380,2548,64,0,0,22507375,1676,72,0,0
22532962,736,64,0,3,22603719,867,59,0,0
22526411,1606,58,0,4,22513831,1199,33,0,0
22535880,1881,32,0,6,22522063,582,56,0,0
22498250,879,36,0,9,22589456,917,41,0,0
22492228,1898,96,0,0,22567344,740,58,0,0
22530031,1269,27,0,0,22528072,355,28,0,0
22581634,1170,46,0,1,22606057,1795,30,0,0
22539464,2115,32,0,13,22534460,734,40,0,0
22492634,1592,14,0,14,22617612,1759,26,0,0
22598551,1683,42,0,5,22521226,1795,75,0,0
22594715,250,81,0,4,22562179,1105,38,0,0
22593516,355,47,0,0,22555335,1267,25,0,0
22494893,2224,71,0,2,22615384,1942,21,0,0
22530861,674,53,0,3,22559228,1891,38,0,0
22547977,1433,40,0,2,22562002,1937,27,0,0
22515508,2150,44,0,0,22618834,967,55,0,0
22597527,1328,67,0,3,22548447,1472,27,0,0
22538404,2083,34,0,6,22535732,737,32,0,0
22518807,1046,38,0,2,22494902,1040,28,0,0
22525581,238,89,0,3,22508508,1710,48,0,0
22596848,1596,30,0,1,22534762,860,30,0,0
22602233,499,32,0,3,22618457,749,28,0,0
22572555,1121,47,0,3,22596907,657,54,0,0
22535500,843,23,0,5,22617062,782,51,0,0
22577748,974,37,0,1,22588617,502,41,0,0
22499564,1070,31,0,1,22556347,1600,82,0,0
22564985,947,31,0,4,22526513,391,86,0,0
22580382,823,55,0,1,22531796,2131,31,0,0
22524605,1566,87,0,5,22583687,519,242,0,0
22614488,671,49,0,0,22537309,1088,40,0,0
22562255,979,32,0,2,22560680,455,46,0,0
22598233,613,44,0,2,22575730,944,36,0,0
22509223,1283,57,0,0,22498911,2100,44,0,0
22507183,1065,49,0,4,22520682,1850,66,0,0
22515398,1062,47,0,1,22619857,985,50,0,0
22534027,1417,15,0,2,22503174,1184,56,0,0
22515310,1354,25,0,4,22530420,628,20,0,0
22554853,2289,38,0,1,22529010,1593,49,0,0
22526292,1655,41,0,3,22553859,1706,38,0,0
22542049,1494,16,0,3,22602661,1380,36,0,0
22514929,1003,79,0,0,22607736,2143,46,0,0
22617798,1601,46,0,4,22511738,619,33,0,0
22575866,1140,27,0,2,22581629,1032,32,0,0
22610670,672,57,0,1,22538873,1050,29,0,0
22567844,399,53,0,2,22537999,1507,21,0,0
22607614,2074,63,0,3,22521981,1235,43,0,0
22521962,1982,36,0,0,22494584,904,17,0,0
22541836,1143,25,0,3,22537115,1712,25,0,0
22536970,2276,25,0,4,22607931,2337,50,0,1
22559047,1151,40,0,1,22521587,602,92,0,0
22525971,1852,27,0,0,22554404,1316,26,0,0
22508221,1359,54,0,6,22548444,1411,64,0,0
22546179,891,36,0,0,22516852,1487,44,0,0
22520481,1161,21,0,1,22505004,180,26,0,0
22520424,485,77,0,2,22530937,150,67,0,0
22612366,888,83,0,1,22621397,1174,66,0,0
22618806,1785,37,0,5,22617481,2196,42,0,0
22603280,2574,52,0,0,22548973,807,18,0,0
22585403,1145,36,0,0,22501421,2005,37,0,0
22567175,1319,40,0,2,22507699,205,49,0,0
22528919,1483,34,0,1,22544129,1710,48,0,0
22494906,1805,48,0,0,22607713,968,30,0,0
22537204,1232,65,0,4,22502657,1413,29,0,0
22501460,821,38,0,2,22604736,1326,81,0,0
22601375,1366,23,0,1,22594666,1822,41,0,0
22498247,238,75,0,5,22527249,1793,44,0,0
22519335,1635,45,0,3,22620548,1015,46,0,0
22557056,850,45,0,8,22573758,861,78,0,0
22552113,1222,70,0,5,22595704,1124,47,0,0
22582979,1527,29,0,4,22523358,1158,66,0,0
22554479,1986,62,0,2,22538562,1313,57,0,0
22504477,2201,63,0,0,22538041,978,60,0,0
22524489,1440,38,0,0,22509671,2232,18,0,0
22545139,2011,27,0,0,22529976,1929,20,0,0
22602973,1988,22,0,7,22571293,1666,35,0,0
22548216,215,76,0,3,22623440,1618,87,0,0
22509217,2585,41,0,3,22531144,1096,35,0,0
22517327,1702,29,0,4,22514897,731,45,0,0
22500676,1584,20,0,2,22531984,992,45,0,0
22576888,1613,49,0,2,22588393,1007,30,0,0
22531246,2172,51,0,0,22565418,2372,36,0,0
22587099,747,37,0,1,22500204,1112,46,0,0
22597422,1213,41,0,4,22530364,824,98,0,0
22608346,1202,23,0,3,22616517,2007,54,0,0
22589123,1796,53,0,0,22553273,1652,46,0,0
22535503,779,37,0,3,22623518,1114,42,0,0
22564580,1889,30,0,1,22500839,1200,46,0,0
22546883,924,52,0,3,22592873,2015,41,0,0
22530846,1365,25,0,3,22577857,873,49,0,0
22623086,881,36,0,1,22519613,414,40,0,0
22502522,1134,77,0,3,22511957,1094,28,0,0
22597201,1124,71,0,2,22583763,2199,39,0,1
22596459,1477,56,0,1,22608424,684,103,0,0
22591535,510,57,0,1,22552134,1591,44,0,0
22538384,653,34,0,1,22593187,1524,23,0,0
22545091,2121,31,0,1,22569378,1526,38,0,0
22582091,729,73,0,1,22518885,1150,34,0,0
22553154,1182,78,0,1,22587840,1462,18,0,0
22504483,787,112,0,0,22516792,609,39,0,0
22537327,1734,92,0,1,22583228,1995,76,0,0
22555409,718,42,0,5,22570011,741,29,0,0
22608834,732,41,0,3,22617350,149,242,0,0
22582051,1704,19,0,3,22599357,429,48,0,0
22525618,931,50,0,3,22596476,1138,47,0,0
22505820,1616,49,0,5,22500934,1032,70,0,0
22530575,401,125,0,0,22528011,1169,40,0,0
22542759,1117,72,0,0,22581341,2393,93,0,0
22570513,1011,52,0,1,22614231,1206,28,0,0
22622949,1646,22,0,3,22498244,641,104,0,0
22585611,1658,60,0,5,22603650,1067,64,0,0
22593576,1035,45,0,5,22551127,846,18,0,0
22525921,1412,40,0,1,22543293,759,28,0,0
22545270,1434,53,0,3,22607940,933,60,0,0
22602087,2505,94,0,1,22597811,1434,21,0,0
22499435,2058,39,0,0,22505248,997,32,0,0
22601651,637,61,0,1,22554126,615,56,0,0
22548260,614,73,0,6,22547071,1643,59,0,0
22539919,788,25,0,0,22542097,1170,29,0,0
22519139,686,234,0,1,22517121,1085,23,0,0
22504050,730,57,0,1,22566986,780,51,0,0
22580389,1102,48,0,5,22551216,2398,49,0,0
22561706,689,40,0,2,22551749,1769,41,0,0
22591280,1692,43,0,0,22556551,1977,34,0,0
22504729,560,53,0,0,22537455,2058,35,0,0
22601330,977,66,0,0,22600213,1804,32,0,0
22497758,341,66,0,1,22626431,1184,43,0,0
22574095,716,45,0,1,22546221,1474,50,0,0
22503709,1287,45,0,4,22538985,1976,87,0,0
22517280,1119,32,0,1,22547769,2013,38,0,0
22579548,215,61,0,0,22593743,138,48,0,0
22581228,1261,46,0,2,22581686,1090,38,0,0
22526266,966,46,0,3,22571661,2073,59,0,0
22619495,1423,30,0,3,22604336,929,63,0,0
22618529,1445,22,0,4,22538856,2514,38,0,0
22507944,881,140,0,3,22618830,1983,39,0,0
22513148,1036,43,0,1,22556311,918,87,0,0
22575071,765,58,0,1,22506371,2144,93,0,0
22515910,850,39,0,2,22620578,686,23,0,0
22590680,1890,34,0,0,22604444,1132,21,0,0
22505224,1446,55,0,7,22589421,890,42,0,0
22537562,1552,67,0,1,22612955,1224,22,0,0
22575237,1465,40,0,2,22577870,1915,61,0,0
22611812,1374,60,0,4,22515288,643,35,0,0
22513450,1028,76,0,2,22609205,2567,42,0,0
22603990,1786,98,0,0,22584104,689,59,0,0
22608061,372,99,0,1,22595635,1402,50,0,0
22610301,1327,33,0,3,22597484,628,36,0,0
22597655,2306,32,0,0,22526640,1679,53,0,0
22595884,1190,78,0,1,22579149,943,65,0,0
22555696,1552,21,0,4,22502606,1140,29,0,0
22541887,563,31,0,5,22569928,1186,46,0,0
22531202,1331,46,0,6,22506935,2192,68,0,0
22503296,993,66,0,0,22559374,1446,45,0,0
22510437,313,48,0,2,22565519,1600,72,0,0
22517308,2214,30,0,1,22540254,893,70,0,0
22600007,473,35,0,1,22516894,1018,35,0,0
22509175,985,62,0,6,22604535,2045,45,0,0
22537532,1043,89,0,0,22522024,443,85,0,0
22595362,1176,22,0,0,22560276,1302,29,0,0
22592698,663,39,0,8,22518584,1702,40,0,0
22507857,1906,17,0,6,22523520,1004,89,0,0
22534306,617,51,0,3,22579906,879,57,0,0
22609101,824,52,0,3,22539002,985,44,0,0
22518212,874,28,0,4,22563147,994,38,0,0
22543709,1668,29,0,7,22556341,249,43,0,0
22607842,1675,27,0,1,22574391,1147,55,0,0
22553444,1876,24,0,1,22570809,706,73,0,0
22614662,816,38,0,3,22512607,1803,71,0,0
22560679,2049,22,0,1,22579927,1126,82,0,0
22596374,1720,22,0,1,22628948,1162,39,0,0
22551115,1590,79,0,2,22574726,1470,29,0,0
22617050,1225,80,0,1,22613717,1742,28,0,0
22527732,1185,50,0,3,22566505,961,62,0,0
22609270,648,33,0,1,22611422,232,152,0,0
22563534,846,38,0,2,22626449,1759,32,0,0
22582424,2057,29,0,5,22542299,255,64,0,0
22534192,1037,67,0,2,22627164,1168,56,0,0
22586460,581,60,0,5,22588359,1116,48,0,0
22576885,646,58,0,0,22558976,1612,40,0,0
22626427,1189,31,0,3,22550861,1055,66,0,0
22511584,1148,18,0,0,22542051,1215,41,0,0
22603731,637,59,0,2,22522999,1383,57,0,0
22605766,1061,71,0,1,22499561,788,53,0,0
22537215,1052,28,0,1,22535465,1017,30,0,0
22533844,1450,67,0,6,22592472,1555,46,0,0
22566081,801,29,0,2,22567665,1222,37,0,0
22545454,998,49,0,4,22621857,1178,42,0,0
22527035,754,67,0,0,22537642,1590,64,0,0
22576573,295,51,0,0,22551283,1527,36,0,0
22516985,830,38,0,2,22585473,2057,18,0,0
22555383,1372,43,0,2,22584518,1218,71,0,0
22583815,835,29,0,5,22572767,1549,26,0,0
22604702,2018,35,0,3,22625913,2305,26,0,0
22608413,984,43,0,1,22538948,2041,52,0,0
22556146,1668,62,0,1,22507335,1328,39,0,0
22571913,358,52,0,1,22556569,1940,29,0,0
22583189,850,72,0,0,22631332,267,50,0,0
22627955,2032,25,0,3,22555891,1514,67,0,0
22573923,1733,54,0,2,22515906,644,42,0,0
22559451,873,49,0,1,22544786,785,22,0,0
22628444,506,78,0,3,22517787,1677,29,0,0
22545257,1389,54,0,1,22577044,1319,34,0,0
22531029,1634,26,0,0,22596525,1929,58,0,0
22594424,798,37,0,4,22518764,2150,25,0,0
22576176,932,42,0,0,22516483,1651,66,0,0
22550134,1951,41,0,8,22569795,972,20,0,0
22506482,657,33,0,0,22576159,1216,76,0,0
22618889,1170,27,0,1,22541364,2109,39,0,0
22568794,711,48,0,3,22552439,993,25,0,0
22503927,436,84,0,1,22601456,1856,51,0,0
22544018,946,40,0,5,22536111,1955,39,0,0
22556387,1727,55,0,2,22551244,314,38,0,0
22578188,152,49,0,4,22532037,717,45,0,0
22612338,534,45,0,1,22509477,614,70,0,0
22535446,1551,76,0,0,22515260,1689,52,0,0
22575926,1251,49,0,3,22519285,713,23,0,0
22561347,890,44,0,1,22536300,828,41,0,0
22625297,1408,27,0,1,22546789,2473,36,0,0
22532968,2145,44,0,3,22628222,1227,51,0,0
22627268,1015,44,0,2,22551600,775,50,0,0
22511251,576,69,0,3,22539361,1199,24,0,0
22536718,1007,35,0,3,22537162,834,59,0,0
22562235,874,50,0,2,22614774,248,52,0,0
22503722,1698,56,0,3,22585712,793,18,0,0
22524060,1326,50,0,1,22527965,1195,70,0,0
22552965,1056,51,0,1,22616746,630,12,0,0
22520532,1305,30,0,6,22606456,513,55,0,0
22584869,1188,83,0,4,22554084,551,59,0,0
22619272,607,52,0,0,22565384,1080,38,0,0
22589368,169,101,0,3,22513315,931,57,0,0
22591685,1446,63,0,5,22591721,1685,41,0,0
22629968,211,57,0,2,22574438,625,117,0,0
22601872,1118,30,0,10,22611745,1559,23,0,0
22608039,1643,28,0,7,22577737,1160,84,0,0
22611110,1000,38,0,0,22536508,915,27,0,0
22533551,1101,21,0,3,22505095,1433,61,0,0
22612906,1715,29,0,4,22523950,1896,27,0,0
22568927,630,89,0,1,22512701,613,35,0,0
22618500,625,65,0,2,22576228,1612,27,0,0
22610625,679,50,0,8,22552745,821,31,0,0
22559044,2165,56,0,1,22583902,1145,96,0,0
22588882,2182,17,0,1,22517812,1668,26,0,0
22538156,1375,40,0,2,22617080,1001,51,0,0
22532597,1275,58,0,0,22508585,1192,31,0,0
22533307,803,53,0,4,22597392,608,80,0,0
22605508,1606,109,0,0,22522660,1659,21,0,0
22535652,629,154,0,5,22523101,954,35,0,0
22523286,922,36,0,6,22620855,1113,48,0,0
22540997,1588,38,0,6,22596935,595,56,0,0
22526078,741,65,0,1,22566827,452,97,0,0
22553367,712,31,0,2,22512251,807,52,0,0
22600674,844,77,0,0,22587383,2188,65,0,0
22600733,770,31,0,1,22577504,933,48,0,0
22554063,893,63,0,4,22578757,631,125,0,0
22580543,831,63,0,1,22602401,1430,25,0,0
22589320,350,39,0,1,22596469,2404,26,0,0
22566380,501,70,0,2,22574990,2076,47,0,0
22549853,647,32,0,1,22578394,1670,38,0,0
22597512,1699,40,0,0,22507368,1130,37,0,0
22584589,869,17,0,1,22548555,2465,19,0,0
22527659,857,42,0,1,22540428,1747,54,0,0
22595944,1558,25,0,2,22526742,1631,49,0,0
22561220,296,35,0,0,22605042,2542,72,0,0
22535024,1187,49,0,0,22619391,683,35,0,0
22557689,1113,59,0,9,22609528,1595,38,0,0
22625974,802,22,0,0,22546776,755,51,0,0
22539941,1748,48,0,1,22629096,1288,90,0,0
22628103,1484,68,0,1,22594034,770,46,0,0
22541243,1853,27,0,0,22509495,1185,44,0,0
22520093,397,51,0,2,22591708,1911,20,0,0
22634392,1060,26,0,2,22549600,2299,30,0,0
22515156,142,69,0,3,22529836,402,58,0,0
22567384,1651,21,0,0,22593448,883,55,0,0
22544347,1647,40,0,0,22580776,1171,49,0,0
22578579,221,59,0,2,22565638,1035,84,0,0
22591715,1271,30,0,0,22526131,1346,34,0,0
22551725,1044,89,0,1,22618407,142,238,0,0
22607879,1497,60,0,1,22549297,1112,38,0,0
22515458,2057,40,0,0,22527286,135,87,0,0
22529466,1047,55,0,0,22529349,857,39,0,0
22636764,1495,66,0,8,22518455,2456,36,0,0
22525803,1259,115,0,2,22550106,1140,42,0,0
22630838,653,33,0,0,22556165,1164,41,0,0
22582622,916,47,0,2,22635883,200,42,0,0
22522127,425,35,0,2,22518556,1778,77,0,0
22546340,2583,44,0,1,22574564,977,55,0,0
22550155,1201,40,0,5,22518025,1648,80,0,0
22531549,1435,42,0,10,22604004,1377,32,0,0
22606307,857,65,0,1,22636835,704,47,0,0
22560405,1493,49,0,1,22600873,1253,44,0,0
22604121,1437,39,0,2,22624718,1133,48,0,0
22512511,1399,34,0,2,22579064,2303,28,0,0
22612526,778,34,0,1,22600661,901,36,0,0
22577605,1284,37,0,2,22580593,406,47,0,0
22629253,1107,40,0,5,22552717,830,34,0,0
22554655,1116,52,0,0,22549590,204,85,0,0
22631796,629,37,0,1,22606658,1886,106,0,0
22584645,554,51,0,1,22534961,2165,21,0,0
22512641,459,34,0,2,22635098,251,52,0,0
22568884,272,18,0,2,22533081,2161,38,0,0
22596959,1123,63,0,2,22514576,222,43,0,0
22553982,740,50,0,2,22529394,858,47,0,0
22620576,694,54,0,1,22562623,604,35,0,0
22596109,1825,16,0,1,22563716,684,42,0,0
22587764,708,46,0,2,22544264,1779,21,0,0
22557078,641,37,0,6,22512869,1557,33,0,0
22574242,528,32,0,4,22559608,1465,49,0,0
22569678,2141,57,0,5,22631892,1749,58,0,0
22581782,1674,77,0,13,22580221,918,32,0,0
22533604,587,54,0,0,22635571,1567,75,0,0
22610679,1079,27,0,1,22532981,1116,22,0,0
22524009,1844,41,0,1,22534632,1201,55,0,0
22581535,2272,56,0,2,22585495,188,52,0,0
22608611,1000,29,0,1,22559167,1495,66,0,0
22538752,994,37,0,2,22579762,461,51,0,0
22606784,872,87,0,10,22636537,1594,45,0,0
22555516,1187,24,0,0,22539534,1654,41,0,0
22596252,914,51,0,0,22601694,965,52,0,0
22614769,1263,95,0,5,22628528,672,50,0,0
22554114,1269,52,0,1,22586294,1430,20,0,0
22528795,608,16,0,4,22614096,1590,50,0,0
22532920,704,33,0,0,22595303,1334,69,0,0
22558925,272,44,0,2,22516484,946,43,0,0
22601452,707,40,0,0,22577705,1269,34,0,0
22598009,718,55,0,1,22597313,1117,41,0,0
22531751,668,43,0,1,22573936,1237,29,0,0
22521434,1248,43,0,4,22566910,768,44,0,0
22604616,746,49,0,0,22582353,501,58,0,0
22534980,2069,44,0,2,22587933,1771,34,0,0
22540681,757,35,0,6,22637068,1513,22,0,0
22546318,1421,37,0,0,22534851,681,17,0,0
22602638,846,70,0,0,22509864,1668,53,0,0
22628581,1271,33,0,5,22531881,640,27,0,0
22570013,1631,50,0,1,22569279,1732,45,0,0
22525755,293,40,0,0,22589160,443,91,0,0
22533016,552,56,0,0,22535376,1776,41,0,0
22552916,1343,63,0,2,22572042,1012,24,0,0
22613551,368,49,0,1,22556780,817,67,0,0
22539952,1391,26,0,0,22511468,1665,47,0,0
22637302,1829,31,0,1,22531279,1897,34,0,0
22597183,723,64,0,2,22601634,715,39,0,0
22589045,1307,18,0,4,22615998,1553,30,0,0
22514932,1197,94,0,1,22534149,1442,39,0,0
22589656,980,25,0,0,22578052,131,90,0,0
22637953,760,32,0,1,22558205,183,127,0,0
22575287,1879,49,0,8,22516236,603,22,0,0
22564079,2339,64,0,4,22578154,1593,60,0,0
22524909,877,58,0,0,22604974,582,79,0,0
22608951,759,62,0,5,22596191,831,47,0,0
22540818,944,102,0,2,22534074,1171,55,0,0
22608169,1356,39,0,3,22551107,1805,29,0,0
22592370,1408,23,0,6,22632994,539,55,0,0
22575094,1377,52,0,3,22562434,1023,70,0,0
22530305,1537,43,0,3,22569567,478,44,0,0
22626029,1826,27,0,1,22609009,1362,57,0,0
22567436,401,79,0,1,22617401,2593,60,0,0
22582791,1195,37,0,2,22552618,1831,28,0,0
22515632,1417,30,0,1,22641524,1885,34,0,0
22633720,1329,35,0,4,22614448,729,83,0,0
22565774,817,63,0,11,22555658,594,61,0,0
22552481,1353,45,0,3,22604035,1254,28,0,0
22558136,1564,56,0,1,22640763,1868,58,0,0
22542012,1521,9,0,4,22565492,1533,21,0,0
22584585,822,67,0,4,22600953,587,54,0,0
22532339,2198,56,0,0,22584677,991,53,0,0
22629728,2169,41,0,2,22544745,1835,24,0,0
22546485,1118,35,0,1,22516913,862,38,0,0
22513539,1118,107,0,0,22631624,969,19,0,0
22589202,642,31,0,2,22585839,369,80,0,0
22592923,1168,33,0,2,22611518,519,80,0,0
22524779,2334,43,0,1,22620351,1296,58,0,0
22640530,1778,27,0,0,22539473,1176,44,0,0
22583216,2503,32,0,2,22539030,674,39,0,0
22552631,1123,80,0,12,22634873,1105,64,0,0
22618351,1195,148,0,3,22615748,842,43,0,0
22574265,983,75,0,0,22542468,197,63,0,0
22537345,2430,31,0,2,22617512,1444,58,0,0
22630206,1002,66,0,0,22541344,1102,27,0,0
22591610,836,54,0,0,22542322,1503,46,0,0
22577061,1508,32,0,1,22566480,606,45,0,0
22544318,732,38,0,3,22585471,1192,38,0,0
22544296,372,46,0,2,22547922,913,33,0,0
22618214,1504,47,0,10,22594202,1200,44,0,0
22517884,915,42,0,3,22527463,573,79,0,0
22565376,560,43,0,1,22532047,2548,54,0,0
22590339,616,48,0,2,22596742,1315,28,0,0
22629495,1742,49,0,1,22566441,1756,25,0,0
22578913,818,36,0,1,22515412,740,55,0,0
22566429,854,24,0,1,22576097,1020,39,0,0
22547643,1389,27,0,3,22549699,1209,46,0,0
22563492,1220,54,0,2,22535013,1573,43,0,0
22633054,678,57,0,4,22616004,928,31,0,0
22622420,783,109,0,0,22556751,1352,82,0,0
22598204,424,65,0,1,22628674,1064,46,0,0
22580839,612,38,0,4,22534646,756,34,0,0
22611973,1961,55,0,3,22605859,1354,39,0,0
22517014,642,39,0,1,22624063,612,57,0,0
22573418,533,70,0,1,22605377,1097,45,0,1
22619473,827,82,0,1,22531635,422,99,0,0
22582563,2072,59,0,2,22553472,865,79,0,0
22603115,1933,41,0,7,22539542,653,133,0,0
22542388,2350,34,0,2,22539078,1196,31,0,0
22517263,1456,24,0,0,22612604,1553,24,0,0
22556577,1461,37,0,1,22618419,1602,37,0,0
22591224,1540,62,0,2,22531764,1446,74,0,0
22566143,1858,74,0,0,22633417,859,66,0,0
22591820,928,44,0,5,22605384,1089,37,0,0
22528313,815,33,0,2,22530668,2017,24,0,0
22637645,1778,26,0,1,22628803,1014,35,0,0
22544374,2310,67,0,3,22622212,718,42,0,0
22572227,1541,35,0,3,22576527,921,14,0,0
22543250,1153,92,0,1,22620658,1660,26,0,0
22554285,331,37,0,5,22570984,1317,56,0,0
22567783,912,30,0,5,22602919,1248,135,0,0
22572928,778,27,0,1,22610555,730,33,0,0
22596380,1231,51,0,5,22517438,784,35,0,1
22592819,765,57,0,0,22529095,1079,63,0,0
22525212,1268,62,0,5,22621078,1693,68,0,0
22550550,2135,32,0,0,22591275,1516,21,0,0
22642422,1014,23,0,2,22610343,1122,43,0,1
22639099,1126,16,0,1,22611911,502,36,0,0
22526832,1673,64,0,4,22588681,1244,26,0,0
22583552,728,49,0,3,22621341,1552,61,0,0
22607402,2157,28,0,1,22546355,1144,31,0,0
22550996,1634,18,0,3,22558346,1196,24,0,0
22541886,1111,18,0,1,22581310,2594,27,0,0
22630148,704,18,0,6,22540742,938,57,0,0
22547685,1486,72,0,4,22609627,1431,71,0,0
22602460,656,39,0,1,22566272,828,38,0,0
22612976,1182,62,0,1,22600867,607,32,0,0
22626212,625,32,0,1,22525757,1100,63,0,0
22524710,976,44,0,2,22529977,691,74,0,0
22581473,2166,56,0,5,22607936,854,37,0,0
22535885,652,23,0,0,22559081,877,17,0,0
22524981,409,58,0,3,22635541,224,55,0,0
22548760,1123,15,0,0,22558300,1065,58,0,0
22561963,1234,27,0,7,22558321,857,68,0,0
22554482,1658,42,0,5,22532983,640,61,0,0
22580488,2186,37,0,0,22554088,2055,42,0,0
22617201,1244,26,0,1,22520638,1822,66,0,0
22549751,1118,32,0,0,22566328,628,35,0,0
22525120,880,35,0,1,22598920,1410,33,0,0
22539944,1678,40,0,1,22601641,1070,41,0,0
22529474,851,36,0,0,22600724,403,59,0,0
22532823,1158,21,0,0,22536281,950,31,0,0
22557838,870,59,0,1,22590459,1669,38,0,0
22520190,1465,72,0,0,22568759,515,39,0,0
22519657,546,77,0,3,22597323,1618,46,0,0
22603278,247,92,0,3,22548091,1181,70,0,0
22539608,826,79,0,1,22558002,1595,21,0,0
22646873,975,62,0,2,22606812,817,16,0,0
22563135,968,27,0,1,22605479,1056,45,0,0
22563544,2493,40,0,3,22637733,758,68,0,0
22641518,1852,32,0,0,22615370,628,55,0,0
22531116,1709,33,0,1,22568330,936,54,0,0
22621046,1340,76,0,1,22538042,1080,42,0,0
22521579,1863,22,0,0,22562853,1688,23,0,0
22557324,1689,61,0,3,22522720,1188,41,0,0
22609476,716,68,0,0,22636078,876,211,0,0
22539026,1557,49,0,4,22632947,1422,29,0,0
22538333,1574,35,0,0,22600786,1451,30,0,0
22520082,683,17,0,2,22555058,690,49,0,0
22546394,1764,51,0,2,22601821,1176,23,0,0
22578073,939,18,0,1,22646413,1042,27,0,0
22642710,729,29,0,5,22598189,1628,27,0,0
22550880,1371,58,0,0,22638790,1183,140,0,0
22629270,1089,71,0,7,22618755,1103,53,0,0
22567373,411,35,0,6,22560506,578,60,0,0
22597374,686,56,0,1,22581763,974,31,0,0
22567659,1196,36,0,0,22565026,1533,65,0,0
22541906,340,22,0,3,22553413,886,88,0,0
22560701,569,28,0,6,22623008,296,40,0,0
22530498,1986,26,0,9,22596798,1891,35,0,0
22561309,341,66,0,9,22570883,1690,40,0,0
22630650,729,23,0,6,22545438,2138,47,0,0
22608305,1618,16,0,0,22546908,1320,26,0,0
22632394,1124,39,0,1,22560887,1440,25,0,0
22597635,589,135,0,2,22536721,953,60,0,0
22633682,1144,45,0,2,22564766,980,45,0,0
22601313,1090,46,0,0,22612126,687,22,0,0
22562208,167,40,0,0,22562191,1576,64,0,0
22567336,2553,38,0,1,22606396,274,72,0,0
22546042,2248,32,0,4,22647904,961,38,0,0
22630190,1096,41,0,0,22625398,692,38,0,0
22602166,2326,26,0,4,22617449,992,36,0,0
22614362,2075,53,0,1,22601000,2305,22,0,0
22596636,854,105,0,2,22609939,1525,22,0,0
22646007,822,42,0,1,22562322,2478,38,0,0
22535653,1050,39,0,1,22621314,195,54,0,0
22585556,771,55,0,1,22645228,1259,50,0,0
22548735,941,37,0,1,22640092,1285,29,0,0
22618340,1344,83,0,0,22554636,1976,36,0,0
22600641,1319,18,0,4,22586594,2094,45,0,0
22600600,886,24,0,1,22591732,1698,66,0,0
22603798,2293,28,0,8,22570933,2156,50,0,0
22639629,1044,69,0,2,22639084,1397,45,0,0
22525959,2485,36,0,9,22559329,1044,62,0,0
22584561,251,120,0,9,22570853,1377,25,0,0
22585669,1977,23,0,5,22588405,1634,37,0,0
22589206,1170,36,0,1,22594177,875,27,0,0
22632568,1017,23,0,6,22565234,832,86,0,0
22604998,561,40,0,0,22578002,1182,28,0,0
22547487,929,27,0,2,22582983,685,50,0,0
22581842,1553,29,0,4,22541021,1699,25,0,0
22618168,854,64,0,1,22526836,1197,26,0,0
22637066,526,56,0,6,22611190,2191,29,0,0
22529051,969,35,0,3,22638169,1405,56,0,0
22580214,781,36,0,2,22556301,1694,47,0,0
22568630,1937,39,0,1,22577837,716,37,0,0
22529472,1762,94,0,2,22582517,799,40,0,0
22577568,526,57,0,0,22598656,1984,54,0,0
22585788,1635,87,0,3,22608246,551,65,0,0
22538621,324,54,0,1,22524891,1177,45,0,0
22537848,1844,21,0,1,22574084,2446,41,0,0
22573747,620,40,0,1,22540753,1083,58,0,0
22528512,702,32,0,5,22574201,1405,26,0,0
22535415,421,53,0,0,22547009,900,44,0,0
22612811,1353,39,0,2,22559358,553,66,0,0
22540124,1483,43,0,5,22553742,451,84,0,0
22530630,1371,46,0,6,22565711,2183,21,0,0
22552750,1697,35,0,1,22553381,414,39,0,0
22603703,898,28,0,1,22579988,348,67,0,0
22619590,591,50,0,1,22609644,1120,36,0,0
22622554,1881,48,0,3,22619249,1169,54,0,0
22596448,826,24,0,2,22642836,768,26,0,0
22541655,1144,46,0,1,22649511,1158,44,0,0
22635328,1222,36,0,0,22589080,653,44,0,0
22571685,1308,70,0,2,22575453,1102,21,0,0
22604946,1129,40,0,9,22640422,1951,47,0,0
22605539,1198,36,0,3,22619706,617,53,0,0
22606528,1239,18,0,0,22594342,657,12,0,0
22635859,1150,73,0,2,22640170,2191,71,0,0
22531308,213,81,0,3,22550301,788,41,0,0
22635047,1735,46,0,1,22599275,1283,40,0,0
22569376,1460,76,0,4,22555662,1873,41,0,0
22604691,503,100,0,5,22584654,551,110,0,0
22614527,1181,46,0,2,22630335,1077,39,0,0
22592131,2622,19,0,5,22554965,1492,33,0,0
22633403,657,26,0,0,22562516,1304,49,0,0
22626791,1959,26,0,0,22526526,1676,45,0,0
22644525,1422,50,0,3,22618420,846,48,0,0
22580060,1668,35,0,3,22609738,2578,28,0,0
22557435,257,30,0,0,22548645,456,28,0,0
22575272,1223,55,0,9,22550215,1496,31,0,0
22638249,2334,20,0,0,22554591,909,39,0,0
22566802,1459,111,0,2,22549495,488,38,0,0
22595954,1801,51,0,0,22536032,1442,52,0,0
22580489,2217,33,0,1,22640697,797,28,0,0
22552195,193,41,0,0,22623510,1951,51,0,0
22562183,1184,39,0,1,22627311,646,32,0,1
22563325,1462,42,0,7,22650387,1185,34,0,0
22593802,1341,34,0,20,22555663,1328,61,0,0
22557668,1562,91,0,4,22614036,1487,62,0,0
22525894,1659,35,0,3,22622395,207,50,0,0
22531274,1065,40,0,0,22644169,1540,56,0,0
22649041,2389,29,0,0,22529351,1009,31,0,0
22647632,901,91,0,4,22604294,1572,64,0,0
22651459,970,92,0,0,22536305,1449,23,0,0
22579739,1404,56,0,1,22536890,824,59,0,0
22578309,1152,41,0,2,22577487,772,164,0,0
22601976,1749,33,0,0,22643463,1437,56,0,0
22594351,1574,66,0,0,22651128,1780,159,0,0
22574205,1155,46,0,2,22530941,1322,46,0,0
22544053,1511,36,0,1,22559345,1419,44,0,0
22528228,260,27,0,5,22645466,1051,62,0,0
22567560,1083,85,0,1,22539058,705,55,0,0
22652635,1114,79,0,5,22562185,1265,33,0,0
22615537,1292,37,0,14,22555630,819,40,0,0
22550388,1638,45,0,1,22581787,1121,34,0,0
22635078,817,59,0,0,22601799,847,38,0,0
22646966,1276,18,0,2,22611625,650,54,0,0
22535315,743,23,0,5,22567484,477,84,0,0
22652472,1051,31,0,3,22532487,1760,27,0,0
22535316,368,52,0,2,22617464,1104,38,0,0
22576175,1039,49,0,0,22630112,838,32,0,0
22635123,1430,54,0,1,22536105,2266,55,0,0
22602146,180,98,0,4,22594510,1935,26,0,0
22554899,856,28,0,4,22596317,1305,37,0,0
22537602,961,50,0,0,22592850,2185,41,0,0
22609153,944,22,0,6,22530809,1180,70,0,0
22545401,1072,24,0,3,22611073,1947,57,0,0
22537034,1126,51,0,0,22553621,945,56,0,0
22625118,2320,69,0,5,22615745,1584,25,0,0
22587884,674,41,0,0,22604157,2071,63,0,0
22623486,658,76,0,0,22555906,677,18,0,0
22562344,1471,29,0,2,22594426,1784,77,0,0
22621206,147,50,0,1,22594147,1275,55,0,0
22551122,720,62,0,4,22561892,489,64,0,0
22543168,629,60,0,3,22572772,1402,33,0,0
22648501,688,58,0,2,22650770,1634,93,0,0
22640211,2149,42,0,1,22577983,2246,30,0,0
22618403,157,36,0,3,22564221,1942,72,0,0
22635688,291,67,0,2,22575654,815,93,0,0
22646848,1285,147,0,1,22593983,691,43,0,0
22605981,1898,35,0,0,22614971,964,43,0,0
22531855,984,99,0,0,22647376,1737,83,0,0
22624387,532,91,0,9,22559896,1817,54,0,0
22595016,966,40,0,4,22615932,1512,41,0,0
22630591,1610,72,0,3,22581406,2298,86,0,0
22578804,1155,42,0,6,22575611,1325,42,0,0
22600085,1973,36,0,3,22613555,1300,56,0,0
22656531,1015,61,0,0,22597914,636,62,0,0
22622327,2414,43,0,3,22624640,1692,51,0,0
22586088,1871,44,0,2,22557963,848,60,0,0
22652621,1626,40,0,3,22541969,705,34,0,0
22652544,721,33,0,1,22602306,500,87,0,0
22548812,636,32,0,0,22549250,1099,32,0,0
22602254,2630,22,0,0,22596698,1447,93,0,0
22545134,651,47,0,1,22600128,899,20,0,0
22548310,1653,64,0,6,22537353,948,26,0,0
22609784,531,102,0,0,22545233,2339,95,0,0
22534445,1173,62,0,3,22566370,1083,28,0,0
22617058,1126,29,0,3,22626756,1634,44,0,0
22600313,902,25,0,1,22632778,2051,21,0,0
22544634,1899,64,0,3,22603372,448,53,0,0
22642413,277,71,0,2,22622307,635,111,0,0
22535544,917,40,0,1,22534496,900,26,0,0
22621450,771,36,0,1,22553147,636,42,0,0
22545144,1392,45,0,5,22559484,359,47,0,0
22602609,1285,24,0,1,22642054,2317,43,0,0
22602960,1369,207,0,7,22533833,328,47,0,0
22537952,954,39,0,4,22610907,417,70,0,0
22625682,1542,43,0,3,22644814,595,56,0,0
22559580,2141,40,0,0,22648563,1054,37,0,0
22644252,1025,38,0,0,22569552,1389,124,0,0
22618327,1511,47,0,14,22531260,929,39,0,0
22647563,1600,44,0,3,22569239,1897,23,0,0
22563766,1145,46,0,0,22658076,781,65,0,0
22574606,721,49,0,0,22537013,659,42,0,0
22576392,410,46,0,0,22573023,1125,45,0,0
22646436,1236,78,0,1,22621100,777,55,0,0
22544051,876,39,0,8,22635749,332,31,0,0
22602414,1994,23,0,0,22568872,1302,54,0,0
22598190,604,37,0,1,22623164,2438,33,0,0
22631236,1632,15,0,0,22597704,1501,49,0,0
22611529,1518,36,0,8,22562678,971,39,0,0
22565392,847,23,0,4,22626989,505,27,0,0
22615706,1034,59,0,2,22588820,2526,34,0,0
22550940,1368,45,0,3,22612215,872,84,0,0
22614289,874,50,0,0,22651807,2148,56,0,0
22631435,844,33,0,1,22531468,1210,34,0,0
22655965,1057,17,0,10,22647517,1661,26,0,0
22607927,252,51,0,6,22532504,1602,50,0,0
22620080,2370,33,0,1,22571056,383,25,0,0
22554938,348,48,0,2,22636941,908,17,0,0
22558991,1333,76,0,2,22620863,1131,25,0,0
22650690,408,17,0,1,22637624,1151,70,0,0
22561871,1987,27,0,7,22555619,1150,79,0,0
22547534,1243,51,0,2,22622628,1390,31,0,0
22558528,1771,45,0,2,22547568,2138,41,0,0
22641903,1415,42,0,0,22590226,1622,23,0,0
22607307,942,90,0,8,22626582,1596,23,0,0
22610751,1768,38,0,3,22540308,1610,36,0,0
22550159,1442,21,0,0,22560299,1569,41,0,0
22617635,1372,17,0,1,22553476,1867,52,0,0
22574861,1374,47,0,1,22633223,1146,34,0,0
22578262,2242,31,0,2,22569418,1075,28,0,0
22597408,1283,28,0,2,22629394,1020,18,0,0
22543618,1302,42,0,2,22642272,850,60,0,0
22606394,874,25,0,2,22545315,1084,29,0,0
22545869,1863,56,0,3,22617900,355,50,0,0
22598364,1644,171,0,5,22536325,1199,33,0,0
22607555,709,63,0,4,22650970,1255,76,0,0
22644654,564,29,0,3,22588974,1523,23,0,0
22651657,699,55,0,2,22617163,933,21,0,0
22560390,1738,60,0,0,22614565,990,46,0,0
22597207,457,35,0,1,22642086,1138,46,0,0
22585673,2420,60,0,1,22653506,1055,20,0,0
22609312,1175,26,0,1,22548506,1670,28,0,0
22546797,1040,17,0,12,22533715,1206,39,0,0
22641644,1409,47,0,0,22609119,647,43,0,0
22573041,695,56,0,0,22573961,807,65,0,0
22581562,1085,35,0,1,22552785,793,118,0,0
22534307,2414,34,0,1,22604064,608,43,0,0
22537527,1593,26,0,1,22622950,475,58,0,0
22571094,422,44,0,1,22543443,1026,82,0,0
22540594,976,26,0,0,22627171,1152,73,0,0
22589956,1815,50,0,0,22538610,1367,44,0,0
22600859,1161,20,0,2,22628949,2007,40,0,0
22652708,1744,39,0,1,22641156,1349,85,0,0
22571016,403,47,0,2,22643750,369,51,0,0
22617366,1447,31,0,1,22585537,613,95,0,0
22557271,229,24,0,1,22590718,2163,26,0,0
22582801,1132,26,0,2,22595281,1548,69,0,0
22647459,946,45,0,2,22660232,1493,32,0,0
22645442,2022,46,0,1,22619713,1612,30,0,0
22569878,1291,56,0,1,22629235,674,33,0,0
22589512,1646,40,0,2,22597272,1924,44,0,0
22641529,1500,50,0,3,22598088,1075,70,0,0
22601351,1254,25,0,4,22587385,1196,34,0,0
22651331,2152,34,0,2,22588763,364,55,0,0
22656070,1772,55,0,10,22570422,861,83,0,0
22625403,895,71,0,2,22561354,1139,44,0,0
22551599,383,47,0,1,22636589,1012,55,0,0
22621736,341,64,0,2,22570863,1278,30,0,0
22584271,352,33,0,1,22637672,1190,11,0,0
22642206,1138,26,0,2,22658348,2024,37,0,0
22596645,909,66,0,0,22618568,1128,45,0,0
22541030,1657,56,0,0,22622531,1647,88,0,0
22542020,691,58,0,7,22546899,700,34,0,0
22542628,409,29,0,1,22540209,1396,24,0,0
22658073,217,31,0,1,22628893,1929,31,0,0
22537174,651,43,0,5,22584243,1658,46,0,0
22591093,807,30,0,1,22556441,541,29,0,0
22541518,1027,40,0,0,22562141,1157,69,0,0
22641134,1759,39,0,3,22633714,1402,53,0,0
22617476,1228,32,0,2,22548803,1728,58,0,0
22568704,652,53,0,0,22585185,1126,69,0,0
22580939,2370,38,0,2,22574654,909,38,0,0
22605305,664,22,0,1,22662834,1703,37,0,0
22604815,1365,49,0,2,22613733,1096,12,0,0
22571164,1754,40,0,4,22539423,477,71,0,0
22583951,1524,35,0,5,22656183,1177,83,0,0
22565625,995,22,0,2,22541265,1561,34,0,0
22554351,1615,60,0,1,22535048,666,51,0,0
22603692,881,24,0,1,22583557,518,19,0,0
22616435,2235,23,0,2,22550228,200,55,0,0
22655627,268,74,0,2,22662912,120,79,0,0
22616598,1897,29,0,2,22584353,1313,48,0,0
22651898,1296,38,0,1,22580194,911,57,0,0
22542008,102,62,0,2,22569018,961,38,0,0
22591252,622,47,0,1,22616614,719,38,0,0
22659641,642,69,0,1,22657027,1398,65,0,0
22564064,888,41,0,7,22632503,1088,70,0,0
22624144,453,86,0,2,22553811,797,93,0,0
22609189,2222,41,0,1,22635594,1634,82,0,0
22593175,1121,24,0,3,22570386,1149,39,0,0
22536271,1690,60,0,1,22633911,1455,21,0,0
22645277,2138,45,0,2,22623697,2190,54,0,0
22644863,1455,31,0,3,22610902,1173,84,0,0
22572005,1789,42,0,0,22568923,2453,59,0,0
22632641,1196,33,0,6,22565803,1277,46,0,0
22632959,2563,73,0,2,22632703,780,43,0,0
22602544,1627,27,0,0,22603154,1363,46,0,0
22546558,349,66,0,1,22644965,1926,55,0,0
22656645,564,19,0,2,22569088,2167,40,0,0
22547133,1873,73,0,1,22614275,1076,83,0,0
22592318,797,148,0,2,22623242,802,152,0,0
22662849,1457,46,0,2,22578085,1206,30,0,0
22651441,1308,20,0,2,22537703,1273,54,0,0
22594840,1804,28,0,4,22611060,1695,65,0,0
22626567,946,183,0,2,22630700,844,95,0,0
22539983,1692,25,0,2,22613647,2155,48,0,0
22563620,1236,17,0,3,22613511,378,18,0,0
22539326,949,38,0,4,22643818,1209,33,0,0
22597130,1914,30,0,0,22551247,1071,76,0,0
22601332,937,43,0,0,22633092,561,32,0,0
22563583,876,33,0,0,22556072,363,35,0,0
22660006,1221,32,0,0,22638027,951,43,0,0
22571139,1654,75,0,8,22574165,1111,56,0,0
22644483,744,41,0,1,22625599,933,83,0,0
22545099,557,33,0,3,22652853,750,36,0,0
22550360,2114,51,0,0,22629013,558,23,0,0
22599060,942,96,0,1,22636298,836,48,0,0
22560949,1389,151,0,4,22632492,851,41,0,0
22600087,959,56,0,0,22586520,1550,59,0,0
22613135,780,63,0,1,22572084,991,57,0,0
22571365,243,71,0,4,22603377,1443,31,0,0
22604241,903,109,0,1,22621985,1113,52,0,0
22662938,1680,42,0,5,22665220,2325,31,0,0
22560174,1103,70,0,3,22620890,1346,72,0,0
22563319,707,40,0,1,22615389,1142,51,0,0
22548986,1438,27,0,0,22563606,1035,33,0,0
22565930,293,57,0,2,22624650,1800,32,0,0
22573787,1592,33,0,1,22545933,851,55,0,0
22643514,1148,75,0,10,22564521,1632,43,0,0
22537916,619,41,0,10,22541108,544,103,0,0
22598358,1018,67,0,2,22624919,1870,36,0,0
22616190,914,28,0,2,22618585,860,75,0,0
22635225,1382,17,0,4,22583658,541,66,0,0
22547478,1247,37,0,4,22570976,1132,41,0,0
22654757,823,30,0,3,22559579,743,61,0,0
22619014,295,40,0,4,22639169,1072,36,0,0
22558902,1358,32,0,2,22662179,1416,58,0,0
22574431,765,31,0,6,22616319,1120,99,0,0
22656581,1042,65,0,0,22636066,1236,55,0,0
22556872,602,41,0,1,22619328,920,81,0,0
22655635,902,57,0,4,22612881,1113,25,0,0
22622923,997,38,0,1,22580130,1917,14,0,0
22544804,411,16,0,1,22568680,1275,38,0,0
22634993,1486,35,0,1,22625534,1831,39,0,0
22587797,1033,26,0,5,22648147,942,31,0,0
22595633,1100,48,0,3,22634771,1417,32,0,0
22555923,1443,32,0,1,22629652,2306,54,0,0
22613194,1218,40,0,1,22598700,1309,30,0,0
22618496,1129,40,0,5,22573431,1702,61,0,0
22565655,1424,30,0,0,22662950,1441,51,0,0
22618221,1630,42,0,1,22586577,1285,47,0,0
22615645,491,70,0,2,22616578,1943,29,0,0
22578691,972,40,0,2,22658332,821,37,0,0
22612663,1067,113,0,1,22538823,1430,45,0,0
22544126,772,29,0,0,22570159,2133,102,0,0
22594013,724,35,0,3,22642647,700,48,0,0
22652889,1999,30,0,5,22630992,583,135,0,0
22570538,1269,80,0,3,22570393,423,55,0,0
22570622,923,54,0,1,22596608,891,38,0,0
22650436,917,25,0,2,22543205,1636,41,0,0
22554716,610,49,0,11,22565762,866,57,0,0
22541340,1137,37,0,4,22654374,1106,29,0,0
22571925,1345,32,0,4,22666211,2464,36,0,0
22643806,264,48,0,0,22548931,1154,41,0,0
22600772,1446,33,0,0,22590056,1499,44,0,0
22561890,1821,41,0,8,22606602,290,47,0,0
22661026,766,39,0,12,22616560,680,29,0,0
22631557,1187,35,0,0,22564712,1057,32,0,0
22661724,187,79,0,4,22665814,747,36,0,0
22573726,1282,53,0,3,22592948,1574,24,0,0
22543233,1522,33,0,0,22654032,1316,53,0,0
22598669,1167,36,0,4,22580952,483,16,0,0
22553043,1391,45,0,4,22568532,1590,45,0,0
22635201,381,76,0,0,22659793,1220,77,0,0
22601347,1310,45,0,0,22540788,1047,60,0,0
22667449,209,24,0,3,22560353,1127,44,0,0
22580569,1132,70,0,4,22550900,1024,30,0,0
22561257,1621,43,0,9,22569984,127,82,0,0
22640769,1774,85,0,3,22584043,1615,51,0,0
22575379,1732,30,0,2,22555586,704,233,0,0
22610208,2043,79,0,0,22592443,2178,53,0,0
22552488,563,171,0,1,22642618,365,36,0,0
22585522,765,42,0,2,22639347,942,55,0,0
22542123,987,25,0,1,22583944,1482,44,0,0
22578196,1101,15,0,0,22573749,749,52,0,0
22640863,1583,32,0,2,22651765,1124,29,0,0
22654150,701,78,0,2,22578312,439,34,0,0
22555484,1892,66,0,4,22548777,1447,18,0,0
22542052,129,31,0,8,22639078,218,47,0,0
22548126,1618,39,0,2,22620786,108,31,0,0
22665812,224,28,0,1,22572421,1641,39,0,0
22561560,1202,94,0,7,22655386,625,18,0,0
22663569,1861,77,0,2,22628605,1325,23,0,0
22665978,1310,61,0,3,22604602,2151,26,0,0
22598576,1917,37,0,2,22548640,1668,57,0,0
22635901,636,27,0,3,22583181,1581,39,0,0
22584875,1212,31,0,3,22580529,1461,63,0,0
22557773,1891,86,0,0,22561581,676,29,0,0
22626072,1598,25,0,2,22552759,1912,23,0,0
22546725,1351,36,0,1,22640881,1126,42,0,0
22574475,1143,92,0,0,22656353,2333,42,0,0
22624585,2056,22,0,1,22553552,2101,46,0,0
22554190,298,70,0,0,22667354,526,65,0,0
22584434,2050,46,0,6,22612892,1337,20,0,0
22658021,1153,50,0,4,22654068,982,46,0,0
22580927,1301,25,0,4,22605398,1333,64,0,0
22592529,1661,39,0,5,22544054,1936,72,0,0
22577385,1348,62,0,5,22656960,1152,51,0,0
22566145,606,164,0,2,22634293,805,48,0,0
22591269,1377,76,0,1,22559551,1449,28,0,0
22541662,2291,21,0,1,22546673,682,53,0,0
22541587,1248,18,0,2,22542383,2108,59,0,0
22656330,426,18,0,1,22656483,1681,38,0,0
22542657,1821,51,0,1,22652459,511,78,0,0
22546423,1021,28,0,0,22549377,1923,68,0,0
22655720,890,52,0,1,22625417,972,37,0,0
22568178,1031,33,0,1,22555594,133,71,0,0
22668451,372,30,0,0,22618242,1695,40,0,0
22637832,871,39,0,1,22576347,1186,34,0,0
22573191,1138,63,0,2,22650111,1075,56,0,0
22548177,353,72,0,2,22544939,767,69,0,0
22635118,595,34,0,5,22650085,2157,43,0,0
22620399,677,25,0,1,22609278,1624,31,0,0
22663861,470,121,0,1,22630731,1089,65,0,0
22614390,1437,43,0,3,22631212,1377,39,0,0
22552923,1843,23,0,14,22562356,1394,58,0,0
22549766,1401,85,0,0,22648198,682,64,0,0
22558685,1162,103,0,3,22654710,1392,36,0,0
22616284,1615,39,0,3,22548346,1143,35,0,0
22549389,1408,48,0,10,22652290,336,87,0,0
22606081,1548,17,0,0,22646983,878,41,0,0
22630880,1274,49,0,0,22604770,1536,18,0,0
22607183,785,64,0,1,22579252,2164,42,0,0
22583268,414,47,0,2,22566875,1634,39,0,0
22574246,1426,34,0,0,22612994,952,19,0,0
22664150,1068,31,0,2,22661411,777,71,0,0
22600036,2339,32,0,1,22606579,1140,28,0,0
22596089,865,30,0,5,22660721,537,44,0,0
22577332,701,70,0,2,22549995,1619,25,0,0
22645288,1597,77,0,0,22618181,1610,31,0,0
22589389,1602,30,0,2,22570030,1188,38,0,0
22543967,990,35,0,1,22633497,930,26,0,0
22643700,1001,14,0,1,22614110,1687,22,0,0
22613595,799,40,0,0,22552250,928,35,0,0
22578136,1450,24,0,5,22560241,1757,15,0,0
22611413,1340,26,0,1,22568988,477,33,0,0
22561823,414,39,0,0,22645443,363,68,0,0
22553962,880,19,0,1,22635840,2063,20,0,0
22563394,2217,28,0,0,22550815,2429,46,0,0
22584397,1745,58,0,2,22663633,1524,36,0,0
22651570,785,49,0,0,22615833,1146,25,0,0
22642327,820,26,0,0,22550589,1916,52,0,0
22619432,1101,14,0,3,22661851,1087,37,0,0
22617731,231,147,0,0,22607058,1165,43,0,0
22600886,283,90,0,1,22618292,404,106,0,0
22592864,689,74,0,0,22569924,636,31,0,0
22596627,2077,51,0,0,22637101,443,39,0,0
22565502,1030,51,0,2,22618813,1220,64,0,0
22665615,915,46,0,1,22660989,1374,33,0,0
22545863,1638,39,0,4,22663648,1882,43,0,0
22576881,833,37,0,3,22661399,1039,40,0,0
22562456,1292,34,0,1,22670400,2517,62,0,0
22639471,735,17,0,0,22575338,1642,32,0,0
22578546,763,27,0,2,22549902,679,53,0,0
22637365,1620,80,0,15,22663249,1724,53,0,0
22615577,121,183,0,7,22564962,797,69,0,0
22572435,2127,57,0,0,22594464,1708,80,0,0
22557687,1731,43,0,0,22662996,850,34,0,0
22641455,970,28,0,3,22648296,599,50,0,0
22608053,593,48,0,1,22599874,1559,42,0,0
22660379,1442,59,0,0,22657995,473,25,0,0
22626986,1043,53,0,2,22616755,1526,28,0,0
22613948,530,42,0,2,22659673,406,75,0,0
22653374,430,27,0,0,22612903,1398,40,0,0
22674492,1082,73,0,4,22550709,962,60,0,0
22661646,729,96,0,0,22633292,1355,30,0,0
22568703,1772,21,0,4,22616290,1532,21,0,0
22560455,1252,43,0,3,22633135,1601,65,0,0
22606491,1287,44,0,0,22576007,481,38,0,0
22616993,1015,24,0,0,22588868,2599,41,0,0
22599642,422,52,0,2,22574597,526,51,0,0
22638463,619,63,0,1,22602722,662,30,0,0
22620281,334,21,0,1,22620868,1651,71,0,0
22602416,145,32,0,4,22638328,1170,46,0,0
22625309,1568,33,0,2,22562605,827,42,0,0
22593938,935,48,0,2,22598727,1176,87,0,0
22659391,689,59,0,1,22610738,1768,31,0,0
22638123,1392,11,0,6,22618449,1933,17,0,0
22561231,1262,49,0,0,22622116,1390,60,0,0
22658571,861,51,0,3,22582735,1101,26,0,0
22583446,1829,46,0,4,22609134,2110,16,0,0
22564727,1398,32,0,1,22654989,1110,26,0,0
22589690,854,37,0,4,22547805,801,24,0,0
22617148,1222,71,0,1,22664706,1248,31,0,0
22596821,928,15,0,2,22649803,1178,38,0,0
22622993,2192,57,0,0,22565614,561,43,0,0
22547006,1921,44,0,1,22674385,639,94,0,0
22653997,1308,54,0,6,22580004,436,55,0,0
22641971,344,38,0,2,22598995,1177,104,0,0
22557468,1549,50,0,2,22559637,962,31,0,0
22582356,1545,60,0,4,22631456,1117,74,0,0
22582149,1274,46,0,0,22634547,745,109,0,0
22650635,1847,29,0,0,22620081,1433,40,0,0
22578642,537,30,0,0,22674770,1707,39,0,0
22579280,1204,35,0,1,22619808,1101,30,0,0
22566104,1602,19,0,3,22627020,432,76,0,0
22602333,2593,44,0,2,22667461,1324,35,0,0
22552112,526,26,0,3,22638144,400,25,0,0
22577951,463,94,0,1,22557629,1236,41,0,0
22573960,681,33,0,0,22676984,1641,41,0,0
22619262,466,70,0,3,22562362,864,25,0,0
22577762,663,30,0,4,22654557,758,31,0,0
22589337,1498,39,0,5,22648832,2412,33,0,0
22624768,993,15,0,8,22658130,339,22,0,0
22556656,695,46,0,0,22677566,695,178,0,0
22624964,920,76,0,3,22563455,413,72,0,0
22623505,1570,28,0,6,22661302,1073,63,0,0
22603142,1828,49,0,2,22579267,1128,37,0,0
22586317,1220,31,0,1,22653440,905,35,0,0
22607633,806,61,0,1,22669061,784,59,0,0
22586141,499,74,0,2,22574125,1195,68,0,0
22592083,743,45,0,2,22570685,1131,46,0,0
22606388,1448,16,0,4,22553284,1989,58,0,0
22649982,1472,84,0,2,22672602,1874,39,0,0
22586849,1266,36,0,2,22580053,680,104,0,0
22580584,745,30,0,2,22676514,1653,32,0,0
22652223,2046,95,0,0,22643252,616,42,0,0
22646114,281,51,0,2,22578048,756,33,0,0
22571449,2086,51,0,2,22603040,2053,34,0,0
22673225,888,47,0,3,22665179,1313,82,0,0
22609952,739,42,0,2,22647816,1288,31,0,0
22563957,944,30,0,1,22626233,1218,49,0,0
22596695,537,40,0,0,22665555,1828,35,0,0
22590437,1080,55,0,7,22595524,1354,55,0,0
22592095,2226,33,0,0,22648229,1076,37,0,0
22571732,834,38,0,0,22558994,680,60,0,0
22606441,603,56,0,9,22549226,2070,65,0,0
22640515,987,32,0,2,22655005,150,82,0,0
22609195,1145,50,0,4,22573177,2160,16,0,0
22667633,698,27,0,3,22555878,739,47,0,0
22598395,1550,42,0,1,22654438,1425,24,0,0
22588830,1588,47,0,1,22638474,842,40,0,0
22629895,527,28,0,0,22646813,632,37,0,0
22585720,1084,55,0,1,22624484,849,48,0,0
22673117,1636,27,0,1,22594482,1205,29,0,0
22629853,2514,40,0,2,22635894,878,50,0,0
22605158,708,37,0,0,22608076,1466,46,0,0
22616208,1547,24,0,0,22628573,1618,43,0,0
22643348,885,26,0,2,22609758,2418,94,0,0
22598350,1415,47,0,0,22573692,1177,26,0,0
22575704,2079,104,0,1,22550689,1257,35,0,0
22550598,1050,65,0,1,22598045,449,25,0,0
22573128,1505,60,0,0,22658082,1486,29,0,0
22595272,1099,27,0,2,22671230,631,25,0,0
22604428,616,209,0,3,22667162,483,32,0,0
22611035,1424,37,0,1,22641551,1032,43,0,0
22584452,1199,37,0,3,22648463,717,41,0,0
22659884,1537,60,0,0,22599388,822,70,0,0
22618997,1438,31,0,0,22576978,1341,43,0,0
22612681,1883,31,0,0,22603193,1241,51,0,0
22655947,2504,36,0,0,22590643,497,205,0,0
22593076,484,34,0,4,22678374,1834,34,0,0
22580679,392,101,0,3,22675219,2317,27,0,0
22677620,691,43,0,1,22658659,860,25,0,0
22655715,1168,42,0,2,22567456,1999,49,0,0
22576058,1035,64,0,2,22590166,2247,51,0,0
22602585,2352,33,0,1,22594997,898,80,0,0
22559146,955,50,0,5,22559754,1576,63,0,0
22647969,729,36,0,4,22658056,474,24,0,0
22624683,1712,21,0,6,22636498,130,51,0,0
22640958,717,39,0,1,22562704,1985,64,0,0
22614580,1059,24,0,0,22591381,1691,50,0,0
22609810,659,41,0,2,22667339,1742,74,0,0
22582661,1302,28,0,1,22672166,705,16,0,0
22639016,1436,43,0,4,22634083,1610,57,0,0
22619548,2419,43,0,6,22555590,1402,34,0,0
22551529,374,55,0,0,22579444,708,63,0,0
22609010,620,39,0,4,22603405,694,60,0,0
22608820,649,98,0,1,22678685,1674,46,0,0
22614430,986,36,0,0,22646745,1082,18,0,0
22585972,1076,26,0,3,22592607,800,62,0,0
22669798,2473,45,0,8,22662467,821,35,0,0
22639422,1665,51,0,0,22615647,1319,30,0,0
22570899,1049,61,0,0,22554704,319,55,0,0
22604979,1156,27,0,0,22636107,832,75,0,0
22581028,2589,33,0,7,22631695,194,26,0,0
22680127,758,47,0,4,22575507,1612,65,0,0
22632364,706,67,0,1,22592924,1009,32,0,0
22643176,2380,35,0,2,22651910,1143,65,0,0
22588860,1489,39,0,3,22560086,347,112,0,0
22612508,2127,57,0,4,22590533,922,57,0,0
22632591,1960,31,0,0,22645504,1123,50,0,0
22571587,192,51,0,0,22682715,410,28,0,0
22610181,1149,65,0,2,22679281,1877,42,0,0
22588387,1491,40,0,5,22564239,1579,53,0,0
22679652,498,47,0,3,22574169,500,34,0,0
22556481,461,25,0,3,22605034,614,24,0,0
22585543,1634,60,0,2,22648485,2090,42,0,0
22637484,935,74,0,2,22613204,705,63,0,0
22674630,749,24,0,8,22563680,839,33,0,0
22668957,1207,77,0,15,22610274,696,86,0,0
22584977,1056,38,0,1,22562479,1619,32,0,0
22571476,935,71,0,2,22665775,559,43,0,0
22653831,875,57,0,2,22612537,809,50,0,0
22633849,837,39,0,2,22615960,630,47,0,0
22661167,1001,46,0,0,22587759,208,51,0,0
22601013,793,17,0,5,22677754,1462,46,0,0
22683195,1699,37,0,0,22640234,704,26,0,0
22651367,801,58,0,2,22657771,863,40,0,0
22668385,603,86,0,3,22587855,1158,63,0,0
22641797,1950,35,0,2,22559129,509,29,0,0
22601078,1229,25,0,1,22672685,1321,80,0,0
22614375,915,79,0,5,22632892,1103,43,0,0
22633512,1758,32,0,1,22591828,283,76,0,0
22617838,1166,71,0,2,22676552,866,54,0,0
22593072,1812,110,0,4,22666550,1638,60,0,0
22556373,1678,20,0,0,22588053,683,79,0,0
22599142,315,44,0,1,22578069,1350,45,0,0
22662927,678,61,0,1,22608072,1121,48,0,0
22575118,1692,52,0,0,22641173,2026,40,0,0
22663097,534,45,0,0,22581701,1693,37,0,0
22598312,734,320,0,0,22617459,1105,38,0,0
22558169,1324,60,0,1,22572973,2465,29,0,0
22583506,1041,81,0,3,22553446,254,65,0,0
22572488,761,37,0,1,22634229,1680,30,0,0
22672145,788,32,0,2,22570983,1295,65,0,0
22602898,1696,33,0,2,22673233,870,55,0,0
22677804,1106,10,0,3,22575259,998,45,0,0
22670816,761,110,0,5,22618081,1218,72,0,0
22626237,1442,48,0,1,22648055,845,80,0,0
22562443,1874,37,0,8,22661013,355,83,0,0
22574413,1138,68,0,8,22556019,1501,33,0,0
22580940,1023,15,0,1,22667186,1668,42,0,0
22666501,950,53,0,0,22647625,1630,62,0,0
22582373,1154,20,0,3,22600866,1913,11,0,0
22615741,560,22,0,1,22554286,886,41,0,0
22578538,686,29,0,2,22592055,1807,29,0,0
22613003,295,60,0,1,22578989,2375,37,0,0
22673064,710,44,0,5,22604561,1165,35,0,0
22576287,1130,43,0,0,22563587,431,47,0,0
22604698,1630,33,0,0,22634725,2072,60,0,0
22575135,826,41,0,0,22579530,1940,26,0,0
22622061,1708,52,0,3,22667529,625,18,0,0
22601674,553,36,0,3,22590532,1421,24,0,0
22670378,2058,38,0,1,22669513,600,37,0,0
22613954,1809,48,0,0,22657561,728,157,0,0
22673808,669,58,0,1,22612751,703,34,0,0
22677793,605,26,0,2,22637449,923,49,0,0
22661231,126,52,0,6,22594702,1100,64,0,0
22570995,669,61,0,1,22627895,1555,43,0,0
22593116,881,68,0,5,22605057,1679,35,0,0
22586287,637,85,0,1,22613426,2007,56,0,0
22592389,685,58,0,0,22600336,914,29,0,0
22631066,951,52,0,11,22657951,677,64,0,0
22566777,885,53,0,0,22567934,1611,51,0,0
22603820,2692,60,0,1,22624652,1346,28,0,0
22685505,1081,30,0,3,22593377,618,64,0,0
22666489,1482,19,0,1,22636254,1222,27,0,0
22672286,1231,27,0,1,22587815,999,18,0,0
22617501,2219,19,0,3,22677627,805,50,0,0
22672051,1250,63,0,0,22647434,587,22,0,0
22669396,923,36,0,2,22636239,872,49,0,0
22593995,482,79,0,6,22682422,1420,46,0,0
22648190,1073,33,0,1,22636643,964,27,0,0
22681754,628,36,0,2,22652057,1470,46,0,0
22618209,694,19,0,3,22678912,1275,46,0,0
22643531,1443,23,0,2,22678121,1385,67,0,0
22645339,256,44,0,4,22663689,1010,41,0,0
22612507,1738,54,0,0,22633710,1163,33,0,0
22667727,542,30,0,3,22647041,1698,52,0,0
22672241,340,55,0,0,22669921,915,51,0,0
22586881,2326,36,0,1,22630028,1487,44,0,0
22685375,1019,33,0,5,22612719,531,34,0,0
22612858,1723,43,0,1,22596926,1828,26,0,0
22591763,1726,28,0,3,22601272,316,66,0,0
22556443,355,49,0,3,22593925,2069,47,0,0
22629443,1306,52,0,4,22591836,906,35,0,0
22613107,2053,35,0,1,22639420,597,28,0,0
22622757,622,29,0,0,22582522,747,22,0,0
22636543,1664,63,0,2,22578995,1136,37,0,0
22571343,1411,51,0,2,22604216,1228,43,0,0
22624334,651,32,0,3,22586890,1309,70,0,0
22665989,1761,31,0,2,22564128,1248,52,0,0
22559453,1376,47,0,1,22673579,909,41,0,0
22642387,1774,69,0,2,22684680,946,32,0,0
22586012,2439,43,0,4,22669589,2596,33,0,0
22589846,445,32,0,0,22678590,1554,21,0,0
22608077,737,52,0,0,22595042,1787,45,0,0
22668973,1893,72,0,3,22586407,199,51,0,0
22564451,1754,64,0,1,22575590,832,22,0,0
22616685,738,27,0,2,22583210,1888,54,0,0
22559190,1126,66,0,0,22615525,1328,42,0,0
22561908,950,72,0,4,22661822,883,35,0,0
22679820,823,84,0,7,22620021,951,18,0,0
22624344,1185,29,0,5,22641881,504,67,0,0
22623205,1514,32,0,0,22576455,1246,26,0,0
22652649,471,24,0,3,22627917,667,34,0,0
22593821,541,75,0,0,22669623,548,43,0,0
22616833,415,94,0,1,22581367,1914,31,0,0
22666801,1697,32,0,2,22562149,2041,55,0,0
22592273,2501,47,0,1,22563330,669,71,0,0
22671079,359,37,0,2,22611144,411,43,0,0
22641924,932,18,0,2,22624851,1654,26,0,0
22564042,789,38,0,1,22657212,718,33,0,0
22654312,687,64,0,3,22626539,1177,49,0,0
22604859,695,70,0,0,22602455,1644,35,0,0
22571957,602,32,0,0,22682021,1323,49,0,0
22576141,1040,51,0,0,22599256,1781,40,0,0
22678283,420,29,0,0,22593239,447,43,0,0
22666416,1004,44,0,1,22688246,1668,19,0,0
22655812,2177,37,0,4,22688847,684,76,0,0
22586898,576,163,0,2,22642457,2493,27,0,0
22562326,1454,35,0,2,22597766,1148,38,0,0
22649548,1405,68,0,1,22620035,2267,40,0,0
22589755,1382,34,0,2,22683577,1949,27,0,0
22592832,250,54,0,0,22688301,512,56,0,0
22688141,687,42,0,3,22598953,145,64,0,0
22655172,1820,39,0,0,22566275,804,42,0,0
22614862,2067,36,0,0,22636000,1122,24,0,0
22648170,1168,49,0,1,22643794,1481,22,0,0
22657781,116,24,0,0,22683012,1241,58,0,0
22648175,763,39,0,1,22635908,1110,33,0,0
22684409,2512,46,0,1,22565719,1239,50,0,0
22682824,581,17,0,0,22635209,934,62,0,0
22683687,1589,29,0,1,22653422,307,20,0,0
22677886,2121,81,0,0,22651890,2125,35,0,0
22670944,1257,45,0,1,22592110,1761,24,0,0
22564645,1074,67,0,4,22563906,1308,117,0,0
22668248,1223,34,0,2,22667251,1493,18,0,0
22581119,607,86,0,3,22582866,1521,54,0,0
22684285,1404,61,0,1,22671770,839,43,0,0
22679539,1146,34,0,1,22614599,1197,49,0,0
22647330,787,63,0,5,22561393,1684,47,0,0
22682526,1869,50,0,5,22588406,1580,36,0,0
22559255,1895,41,0,0,22645584,722,79,0,0
22668471,719,19,0,1,22579058,1057,89,0,0
22631028,1454,70,0,1,22604055,1474,35,0,0
22639876,1284,24,0,1,22568055,2505,68,0,0
22649901,1204,39,0,1,22652129,2337,63,0,0
22577091,593,49,0,2,22618110,1233,61,0,1
22597813,1330,28,0,0,22610127,1885,30,0,0
22635593,993,40,0,1,22583722,947,48,0,0
22656107,2125,29,0,2,22645556,859,51,0,0
22651614,368,70,0,0,22612011,223,37,0,0
22621254,810,90,0,3,22604515,836,30,0,0
22661500,1158,51,0,0,22606358,1788,41,0,0
22601722,1059,33,0,3,22624655,1736,40,0,0
22584466,663,67,0,0,22691139,2188,31,0,0
22636293,1015,40,0,1,22604264,1289,32,0,0
22683508,127,69,0,1,22654327,1147,33,0,0
22657459,1882,33,0,1,22674169,1019,55,0,0
22633692,1493,31,0,3,22686828,1030,49,0,0
22589515,630,70,0,0,22561388,1284,22,0,0
22683357,727,55,0,0,22602866,1546,49,0,0
22629070,1168,37,0,2,22619995,1956,109,0,0
22687753,732,56,0,1,22638842,1317,52,0,0
22615397,2140,46,0,1,22591006,1755,61,0,0
22615649,706,72,0,3,22589441,2076,27,0,0
22676061,1370,73,0,0,22688939,765,84,0,0
22662925,1421,53,0,4,22644704,121,72,0,0
22571558,1299,39,0,1,22625911,1023,60,0,0
22689925,852,31,0,0,22606202,1939,19,0,0
22593581,1187,30,0,1,22654154,880,55,0,0
22681994,1016,17,0,0,22662515,1563,54,0,0
22611789,1979,26,0,0,22573031,2004,38,0,0
22603457,960,41,0,3,22618201,963,60,0,0
22594049,1556,66,0,0,22596497,1639,55,0,0
22651586,1577,31,0,2,22680697,813,89,0,0
22632981,1027,76,0,1,22593993,1489,44,0,0
22572424,1760,62,0,0,22664023,1304,115,0,0
22628703,1831,33,0,2,22634232,2010,18,0,0
22691262,672,46,0,2,22671245,1348,78,0,0
22632284,1082,225,0,0,22610944,415,52,0,0
22683863,781,33,0,2,22563086,860,45,0,0
22571192,2161,64,0,0,22628898,525,93,0,0
22593406,934,40,0,6,22645996,1895,34,0,0
22637171,2151,15,0,2,22619830,1186,31,0,0
22619730,1103,19,0,2,22570065,1621,66,0,0
22615916,1969,49,0,2,22639775,1159,43,0,0
22611736,1855,17,0,0,22606480,1710,33,0,0
22664842,1574,49,0,3,22622995,1404,40,0,0
22594029,2014,51,0,1,22654131,1456,34,0,0
22671746,1710,30,0,0,22563765,886,32,0,0
22657365,609,39,0,4,22642262,1053,40,0,0
22562577,1805,45,0,2,22677134,1010,20,0,0
22655402,1352,68,0,3,22570942,2365,29,0,0
22677034,980,83,0,0,22690547,1099,52,0,0
22673681,1697,43,0,3,22645849,1652,24,0,0
22647414,1408,34,0,1,22637413,964,19,0,0
22602340,2547,62,0,0,22620112,1451,45,0,0
22635037,1290,28,0,0,22684543,1165,30,0,0
22662128,2406,15,0,5,22618739,1287,27,0,0
22595106,1087,31,0,1,22601764,1104,30,0,0
22630294,605,65,0,7,22566072,1048,48,0,0
22635185,1179,69,0,2,22606299,463,39,0,0
22657808,703,47,0,0,22616201,719,53,0,0
22678155,821,22,0,12,22677280,610,86,0,0
22569147,1498,29,0,2,22630855,1735,40,0,0
22606735,979,66,0,3,22593601,370,37,0,0
22684024,662,61,0,0,22672935,726,42,0,0
22596078,826,52,0,1,22650658,888,47,0,0
22631007,820,30,0,0,22679594,504,38,0,0
22617109,512,67,0,3,22593630,1438,34,0,0
22643494,1392,127,0,1,22651349,1370,69,0,0
22662970,663,77,0,3,22625314,1701,25,0,0
22627551,1358,42,0,2,22582310,1434,12,0,0
22661892,1055,27,0,5,22592779,1280,38,0,0
22640994,1618,59,0,2,22674034,1976,33,0,0
22583434,1153,23,0,1,22600583,889,79,0,0
22580973,400,25,0,0,22601812,1910,28,0,0
22612589,968,112,0,2,22631705,1151,59,0,0
22655953,577,63,0,0,22687600,2051,33,0,0
22582126,1103,19,0,0,22635555,1673,51,0,0
22662490,439,36,0,2,22562083,1208,77,0,0
22669625,956,71,0,4,22640801,881,27,0,0
22611869,952,82,0,0,22584963,1377,71,0,0
22589746,1611,34,0,4,22650686,1192,48,0,0
22582298,1514,91,0,6,22611280,1707,72,0,0
22681516,832,42,0,3,22584954,865,37,0,0
22591143,635,52,0,3,22603387,1826,72,0,0
22567110,1204,24,0,2,22644508,836,41,0,0
22598145,522,57,0,0,22587527,2138,22,0,0
22675115,1811,44,0,0,22612877,865,22,0,0
22626120,980,48,0,6,22671210,1110,39,0,0
22568232,1876,38,0,6,22660077,2304,59,0,0
22584171,355,72,0,3,22579586,1228,34,0,0
22692695,1044,26,0,1,22616924,1191,46,0,0
22693216,1474,41,0,6,22595918,1823,41,0,0
22634195,1230,31,0,2,22610568,1166,41,0,0
22675861,385,101,0,15,22618241,2298,52,0,0
22574683,1450,67,0,3,22691736,2561,19,0,0
22567519,2565,28,0,1,22676630,973,30,0,0
22685419,433,56,0,3,22654903,805,34,0,0
22613454,694,67,0,1,22674569,1258,57,0,0
22608990,1174,27,0,9,22580650,610,20,0,0
22596122,511,42,0,7,22593339,1195,22,0,0
22581729,1876,37,0,0,22672444,1233,54,0,0
22692295,2293,38,0,2,22590928,726,44,0,0
22686915,1238,19,0,0,22605070,810,58,0,0
22642382,769,88,0,1,22681856,1133,79,0,0
22685911,225,45,0,5,22628652,969,34,0,0
22603834,751,37,0,2,22662753,1099,81,0,0
22645779,2047,81,0,2,22598288,2543,44,0,0
22640049,1366,36,0,4,22623659,1630,36,0,0
22598167,509,56,0,3,22566813,2010,29,0,0
22680549,240,34,0,1,22674715,1166,84,0,0
22565444,1142,28,0,0,22642254,1348,91,0,0
22590212,904,40,0,0,22610689,516,35,0,0
22651893,1138,42,0,0,22582851,922,48,0,0
22633959,1664,45,0,3,22564388,781,81,0,0
22590670,667,46,0,3,22671125,630,76,0,0
22619795,755,31,0,2,22572046,1762,27,0,0
22625727,1179,39,0,3,22635442,1715,34,0,0
22661108,1255,39,0,3,22627507,1377,64,0,0
22683373,1693,51,0,0,22682747,1858,48,0,0
22590499,1704,46,0,2,22634944,1665,29,0,0
22613939,1149,83,0,3,22575082,861,38,0,0
22690725,1240,54,0,1,22593318,702,23,0,0
22674403,1811,63,0,3,22606367,1615,30,0,0
22644579,1316,34,0,3,22647145,951,66,0,0
22592270,574,44,0,1,22565407,877,58,0,0
22604464,622,27,0,1,22641927,1371,49,0,0
22679475,1651,65,0,1,22622795,2328,38,0,0
22676679,1472,43,0,1,22635781,836,46,0,0
22672230,1882,23,0,2,22659507,560,28,0,0
22663819,1209,40,0,1,22670930,175,58,0,0
22631475,899,31,0,2,22677704,1423,30,0,0
22590582,1054,59,0,3,22668099,659,161,0,0
22685238,1094,70,0,2,22625973,1328,45,0,0
22668144,1774,42,0,1,22629355,1330,25,0,0
22602893,154,148,0,2,22667979,1789,62,0,0
22619459,1113,25,0,3,22683301,1582,43,0,0
22577023,1706,49,0,7,22565847,1283,39,0,0
22680020,816,31,0,3,22624207,735,36,0,0
22670220,814,74,0,1,22683691,923,36,0,0
22590286,1213,26,0,0,22696341,2028,61,0,0
22610974,783,34,0,1,22616469,1275,27,0,0
22663444,2585,33,0,1,22568931,1545,131,0,0
22615813,344,40,0,1,22668722,1145,47,0,0
22662355,1451,29,0,2,22570673,1153,65,0,0
22591579,1170,55,0,3,22571457,1398,25,0,0
22611012,796,71,0,2,22600540,851,60,0,0
22646622,753,42,0,1,22636406,1001,49,0,0
22668920,1482,28,0,1,22676501,401,37,0,0
22635340,1099,55,0,0,22580304,2332,57,0,0
22632103,1344,49,0,1,22685324,1381,27,0,0
22598077,666,26,0,0,22685465,1390,54,0,0
22615870,998,25,0,3,22614822,1969,48,0,0
22634769,1568,51,0,2,22647117,997,66,0,0
22570675,751,58,0,5,22596218,1168,28,0,0
22632593,1135,15,0,1,22673586,2183,41,0,0
22611426,961,79,0,1,22688823,858,93,0,0
22683043,1210,38,0,1,22625263,1339,52,0,0
22669504,1257,33,0,0,22567869,1465,68,0,0
22578547,566,66,0,8,22576945,1465,12,0,0
22584183,214,25,0,1,22582585,1592,42,0,0
22569215,2036,26,0,8,22635314,2022,45,0,0
22689942,716,45,0,9,22630082,1125,34,0,0
22603836,1021,37,0,8,22639040,1250,101,0,0
22691586,1441,83,0,1,22698555,480,22,0,0
22652209,1792,30,0,3,22603624,2102,42,0,0
22644440,608,53,0,0,22659807,636,43,0,0
22632345,471,45,0,1,22632044,710,54,0,0
22573690,1591,39,0,2,22630615,1121,38,0,0
22663223,496,22,0,1,22663821,2168,50,0,0
22623662,986,30,0,2,22599280,1244,62,0,0
22618683,1335,71,0,4,22610339,1513,32,0,0
22637710,2051,28,0,0,22614400,1666,40,0,0
22651630,971,34,0,1,22664868,2232,63,0,0
22673538,668,63,0,1,22677021,399,118,0,0
22614669,755,43,0,3,22583240,844,67,0,0
22646362,1013,68,0,0,22585508,1271,54,0,0
22667298,2181,41,0,10,22598680,1334,28,0,0
22679100,895,57,0,17,22628331,1174,27,0,0
22646572,891,68,0,4,22669170,1420,64,0,0
22651984,1041,44,0,1,22666460,732,121,0,0
22614410,1190,36,0,2,22689257,573,45,0,0
22603511,1736,29,0,1,22656097,1704,12,0,0
22610996,990,40,0,3,22602115,1137,50,0,0
22615070,1420,42,0,3,22583000,1356,28,0,0
22635431,1169,50,0,3,22678667,1196,23,0,0
22576612,2006,25,0,5,22688168,1312,31,0,0
22624215,1747,52,0,5,22628229,663,25,0,0
22697660,673,64,0,0,22642974,689,61,0,0
22610276,1819,33,0,2,22631129,2218,35,0,0
22630529,697,63,0,1,22646472,1310,79,0,0
22628002,1497,60,0,0,22677473,1483,31,0,0
22700094,813,35,0,2,22629866,785,21,0,0
22576946,1659,43,0,6,22677378,409,62,0,0
22682669,1032,55,0,5,22606452,1931,30,0,0
22687906,1654,59,0,2,22610951,1485,44,0,0
22639708,915,40,0,1,22695727,1052,33,0,0
22631397,1842,58,0,2,22663526,1181,56,0,0
22626474,793,42,0,0,22691613,1087,33,0,0
22628128,567,37,0,1,22619376,1102,42,0,0
22610038,2059,35,0,0,22698453,1330,27,0,0
22666891,396,37,0,5,22639994,619,76,0,0
22606440,1131,36,0,4,22689174,2334,24,0,0
22627565,1379,28,0,0,22643570,1423,30,0,0
22632670,584,33,0,0,22600865,1889,31,0,0
22649338,1683,65,0,0,22640420,1271,40,0,0
22640700,227,26,0,1,22641997,985,50,0,0
22595194,1200,73,0,6,22650102,514,27,0,0
22585015,611,30,0,1,22653817,985,54,0,0
22636486,800,17,0,8,22581500,731,58,0,0
22671712,1378,46,0,5,22689159,671,24,0,0
22648098,1158,47,0,1,22671979,819,22,0,0
22656329,530,62,0,0,22590376,363,17,0,0
22629326,892,24,0,3,22653691,1075,114,0,0
22607592,1442,21,0,1,22662843,775,114,0,0
22672071,1213,44,0,4,22625521,1718,21,0,0
22679942,1642,35,0,3,22648204,635,31,0,0
22647981,1712,29,0,2,22614852,425,15,0,0
22575008,718,28,0,0,22685817,1102,44,0,0
22625028,1031,81,0,2,22572125,1052,39,0,0
22629581,996,40,0,2,22689460,1362,60,0,0
22645248,1054,31,0,1,22610145,1323,42,0,0
22687415,1077,34,0,1,22695254,1281,19,0,0
22603355,2182,67,0,2,22655021,1011,53,0,0
22612140,1712,33,0,0,22692182,643,89,0,0
22604577,1201,78,0,0,22687785,1911,47,0,0
22632338,267,51,0,1,22651464,1172,61,0,0
22627734,1308,40,0,3,22569608,800,44,0,0
22645831,2523,19,0,2,22584584,930,29,0,0
22697531,1062,62,0,1,22591602,2102,41,0,0
22617374,1595,35,0,1,22684754,1139,36,0,0
22624675,2197,49,0,0,22610318,1209,25,0,0
22696210,2247,33,0,1,22590887,1070,48,0,0
22673769,2370,36,0,2,22675782,767,192,0,0
22590275,1503,23,0,1,22570575,960,62,0,0
22591350,1463,50,0,0,22680802,623,67,0,0
22641977,1169,76,0,2,22677514,967,33,0,0
22605605,1732,58,0,2,22571644,797,42,0,0
22697747,917,41,0,5,22590985,1499,41,0,0
22695050,2462,56,0,4,22639955,1283,59,0,0
22650161,1324,31,0,5,22573680,1525,32,0,0
22586699,813,36,0,1,22677511,983,68,0,0
22630555,1380,61,0,5,22571389,1166,37,0,0
22689343,837,93,0,2,22599543,1247,26,0,0
22625166,1275,202,0,0,22605734,406,38,0,0
22620506,1560,27,0,7,22574301,506,31,0,0
22675961,1733,31,0,4,22699315,907,57,0,0
22636640,2198,31,0,1,22659694,1187,24,0,0
22700708,1166,35,0,3,22642311,752,51,0,0
22615721,471,79,0,4,22586822,1189,49,0,0
22648163,2169,26,0,3,22573669,2190,41,0,0
22595004,1625,31,0,2,22639628,634,81,0,0
22669829,1374,36,0,3,22665110,1374,43,0,0
22580802,1103,56,0,0,22581523,157,95,0,0
22609979,991,76,0,2,22676242,1356,57,0,0
22610909,1355,86,0,3,22638281,2000,41,0,0
22680327,1361,49,0,4,22691154,2592,78,0,0
22676911,2466,71,0,4,22603276,2286,35,0,0
22615160,2242,68,0,1,22603444,789,58,0,0
22597348,1186,71,0,1,22627685,1417,43,0,0
22607420,1161,56,0,1,22646324,1488,58,0,0
22607891,1691,18,0,1,22669638,1063,34,0,0
22645332,1396,45,0,5,22697723,797,44,0,0
22664668,837,60,0,1,22640885,824,46,0,0
22630826,1124,65,0,0,22704667,1527,46,0,0
22681942,723,30,0,3,22576067,2326,55,0,0
22613558,681,23,0,2,22703789,836,22,0,0
22571099,1543,26,0,2,22657720,1648,47,0,0
22660211,642,44,0,1,22630142,1637,54,0,0
22667608,989,24,0,1,22671948,1612,29,0,0
22621093,1496,60,0,1,22658580,1437,66,0,0
22615416,464,70,0,4,22618482,961,61,0,0
22685268,256,25,0,2,22614388,1683,22,0,0
22694500,1902,13,0,0,22677509,694,51,0,0
22636686,1049,38,0,6,22658553,209,27,0,0
22616329,1058,33,0,4,22685524,1925,50,0,0
22629345,2468,34,0,1,22678337,1224,46,0,0
22701529,1044,55,0,1,22576026,415,40,0,0
22596486,525,29,0,2,22645571,672,50,0,0
22583901,1029,24,0,5,22657133,1049,76,0,0
22571566,623,93,0,3,22615293,563,38,0,0
22596460,1093,37,0,0,22590000,1643,34,0,0
22667455,1116,42,0,2,22620902,1063,44,0,0
22690561,1071,56,0,0,22627260,1618,59,0,0
22658840,779,73,0,2,22578272,1680,72,0,0
22599787,2168,41,0,4,22632752,801,78,0,0
22586697,2363,21,0,0,22695342,689,42,0,0
22681915,1122,59,0,0,22630634,238,77,0,0
22576526,1010,42,0,2,22697772,698,57,0,0
22653569,2096,60,0,1,22674018,1019,28,0,0
22683288,810,41,0,2,22572323,875,78,0,0
22614242,958,44,0,1,22698373,1642,38,0,0
22573338,2227,59,0,6,22660749,574,18,0,0
22645163,736,27,0,0,22679193,1100,48,0,0
22634119,621,27,0,0,22697138,992,19,0,0
22618525,1014,33,0,2,22668805,395,21,0,0
22588377,189,53,0,1,22596378,2074,32,0,0
22684238,1504,71,0,1,22651878,1564,57,0,0
22573409,663,49,0,1,22691209,1650,50,0,0
22684040,790,26,0,0,22627244,1428,46,0,0
22694301,2145,33,0,0,22656848,632,44,0,0
22583468,2038,116,0,2,22609418,1567,38,0,0
22576722,1583,87,0,4,22667066,1149,60,0,0
22612229,983,65,0,0,22674824,1664,34,0,0
22626596,574,27,0,0,22656379,1385,67,0,0
22703343,1411,143,0,0,22675097,1578,29,0,0
22663162,1169,47,0,3,22573703,1325,37,0,0
22638603,1686,107,0,3,22648436,1320,32,0,0
22662923,1171,25,0,1,22639391,1788,18,0,0
22657369,2257,40,0,3,22575391,1225,74,0,0
22696570,459,29,0,1,22603200,972,46,0,0
22682473,618,22,0,3,22579854,1972,50,0,0
22698728,281,77,0,4,22655150,1149,56,0,0
22616703,947,50,0,0,22668538,1036,89,0,0
22595280,1690,52,0,3,22676478,1196,31,0,0
22683795,2168,55,0,5,22702179,1316,42,0,0
22600565,1123,83,0,2,22598362,1543,86,0,0
22585009,628,95,0,6,22662919,994,66,0,0
22685489,905,70,0,0,22640466,1682,35,0,0
22633908,1459,52,0,0,22702544,1236,137,0,0
22644628,1657,24,0,5,22575090,923,209,0,0
22636653,1512,31,0,3,22692444,2355,43,0,0
22587544,1624,25,0,0,22707906,1951,30,0,0
22658695,277,89,0,1,22628435,509,36,0,0
22608266,254,27,0,0,22703965,1671,35,0,0
22702827,1434,46,0,6,22641582,1671,41,0,0
22697034,1597,43,0,11,22700557,1166,25,0,0
22642218,1150,29,0,5,22662973,1679,58,0,0
22675671,1027,24,0,0,22691226,1763,39,0,0
22641569,674,43,0,2,22651947,1111,37,0,0
22693737,1445,41,0,4,22600543,1437,17,0,0
22585388,1175,46,0,5,22653561,1508,57,0,0
22639902,913,23,0,2,22589268,962,31,0,0
22707686,1194,51,0,2,22669019,622,35,0,0
22601131,2526,30,0,5,22604471,978,49,0,0
22658003,1104,41,0,3,22703677,1206,40,0,0
22703771,341,34,0,1,22575789,1673,88,0,0
22622485,604,40,0,9,22578939,138,101,0,0
22616897,614,76,0,4,22685466,644,65,0,0
22675451,1538,31,0,3,22632954,1551,67,0,0
22633214,1840,40,0,2,22656714,1700,45,0,0
22706573,2362,36,0,1,22651310,1207,53,0,0
22673819,1480,33,0,2,22626392,1688,33,0,0
22629210,699,64,0,0,22648616,1029,28,0,0
22598152,1124,20,0,5,22688056,480,48,0,0
22596020,673,36,0,1,22648073,956,144,0,0
22610109,793,30,0,6,22596653,200,84,0,0
22682665,1100,59,0,0,22620305,1066,41,0,0
22580348,1282,26,0,4,22694337,844,32,0,0
22579558,635,31,0,3,22598474,835,84,0,0
22580886,1213,44,0,1,22624696,1401,74,0,0
22665261,599,43,0,1,22697040,1544,36,0,0
22642653,1633,37,0,7,22630583,731,25,0,0
22699012,952,81,0,2,22692397,1628,70,0,0
22657864,1296,44,0,1,22638038,478,51,0,0
22584308,2080,29,0,1,22656622,1741,62,0,0
22640589,2328,24,0,1,22618944,672,16,0,0
22701099,1418,52,0,1,22639332,660,206,0,0
22706671,2566,15,0,7,22603952,649,78,0,0
22701620,2114,48,0,2,22644230,1264,38,0,0
22673312,711,43,0,1,22650535,1221,27,0,0
22622765,1071,28,0,2,22666645,786,25,0,0
22701167,2107,36,0,3,22632833,1140,74,0,0
22605499,1926,37,0,1,22698007,1017,36,0,0
22679834,1019,53,0,2,22579862,1170,53,0,0
22680371,1571,37,0,1,22608057,588,76,0,0
22634054,1110,23,0,3,22635610,961,35,0,0
22619382,326,49,0,0,22636357,2090,39,0,0
22707262,2100,40,0,6,22687275,1475,27,0,0
22676932,1557,20,0,3,22616327,1159,79,0,0
22645568,1105,93,0,3,22633046,1609,35,0,0
22583509,1608,28,0,2,22658391,2300,42,0,0
22593837,1156,90,0,1,22605663,2148,33,0,0
22673890,1957,44,0,1,22639516,688,33,0,0
22585122,392,54,0,3,22673335,432,30,0,0
22617922,1746,52,0,1,22693005,1964,41,0,0
22578679,913,51,0,9,22639699,1683,52,0,0
22610985,1100,30,0,2,22708407,1145,40,0,0
22653568,888,66,0,10,22681459,753,29,0,0
22682572,1730,41,0,9,22640388,2295,50,0,0
22581335,1921,43,0,6,22681578,1230,34,0,0
22584601,202,57,0,0,22671064,680,33,0,0
22640117,753,56,0,8,22685742,954,51,0,0
22694675,1295,32,0,14,22580139,1434,55,0,0
22597065,1117,35,0,0,22655267,479,46,0,0
22585786,1264,54,0,1,22584087,1195,52,0,0
22675436,1973,62,0,0,22582712,286,47,0,0
22710533,947,47,0,10,22600655,1376,43,0,0
22668728,1455,67,0,5,22685479,828,91,0,0
22616320,706,46,0,1,22651539,1632,25,0,0
22649846,647,31,0,5,22664445,853,54,0,0
22606243,1858,16,0,0,22582607,2551,278,0,0
22655258,810,61,0,2,22674666,689,67,0,0
22694709,460,34,0,0,22643721,1597,9,0,0
22620113,1716,45,0,6,22628796,2078,49,0,0
22608041,1749,84,0,0,22633449,1407,71,0,0
22591647,351,27,0,2,22599524,827,71,0,0
22689016,1744,30,0,2,22698607,1177,22,0,0
22705624,407,28,0,1,22668809,829,51,0,0
22681247,2318,57,0,3,22707020,1621,42,0,0
22583657,984,56,0,1,22635410,430,29,0,0
22654564,2068,52,0,3,22660431,194,58,0,0
22610744,1490,22,0,1,22648353,1254,38,0,0
22599838,246,46,0,1,22610119,955,46,0,0
22601860,1040,48,0,0,22595454,1191,27,0,0
22603438,906,40,0,0,22703328,1111,19,0,0
22588433,1293,51,0,1,22611124,2076,33,0,0
22688030,1172,41,0,1,22640689,1145,52,0,0
22622396,754,26,0,1,22658566,2061,36,0,0
22597965,696,20,0,1,22713226,921,44,0,0
22705069,1657,23,0,0,22662848,859,40,0,0
22644433,857,63,0,2,22698210,868,82,0,0
22711302,769,61,0,1,22653107,624,57,0,0
22695848,580,38,0,3,22671859,1171,26,0,0
22705952,707,28,0,2,22608194,1598,21,0,0
22678316,1017,40,0,1,22616981,774,33,0,0
22604430,814,30,0,1,22664288,894,25,0,0
22648998,1544,84,0,4,22618579,1893,60,0,0
22689639,1122,127,0,4,22652981,926,14,0,0
22659081,1699,47,0,0,22695141,1138,35,0,0
22581906,1801,43,0,0,22585595,911,26,0,0
22608034,963,63,0,3,22668174,373,36,0,0
22666607,1250,116,0,3,22641536,1547,34,0,0
22706296,719,43,0,1,22678285,895,15,0,0
22678984,541,63,0,4,22588989,1028,55,0,0
22590213,172,61,0,1,22613712,790,22,0,0
22683471,491,14,0,1,22619856,562,54,0,0
22678867,936,38,0,3,22596411,834,41,0,0
22631639,694,22,0,7,22582188,1530,29,0,0
22714994,1236,28,0,2,22703727,679,36,0,0
22608932,1601,49,0,1,22595249,606,87,0,0
22698127,721,23,0,0,22657219,1216,36,0,0
22627764,2304,24,0,1,22668215,1215,42,0,0
22670166,347,86,0,1,22699398,901,20,0,0
22704776,363,86,0,1,22704121,1596,41,0,0
22693589,1245,41,0,0,22584485,807,81,0,0
22650820,650,43,0,1,22673811,881,42,0,0
22634174,1525,77,0,2,22635058,798,47,0,0
22684635,1607,56,0,2,22627276,1164,32,0,0
22628506,842,18,0,3,22713471,644,40,0,0
22636853,1089,21,0,2,22612966,2214,50,0,0
22638417,904,34,0,0,22627291,2197,27,0,0
22658491,2021,33,0,3,22621617,1333,24,0,0
22616620,1616,23,0,11,22624524,680,27,0,0
22705219,1143,48,0,1,22710232,1159,37,0,0
22666930,1161,52,0,2,22678426,404,110,0,0
22607091,961,31,0,2,22604389,2324,57,0,0
22660303,876,82,0,1,22613805,1601,28,0,0
22604030,1232,47,0,2,22585954,1690,43,0,0
22633300,1443,24,0,2,22628571,2508,43,0,0
22660695,1859,21,0,1,22597141,1164,36,0,0
22654355,680,67,0,1,22664900,705,62,0,0
22669730,1024,65,0,1,22665057,1482,64,0,0
22685109,1982,45,0,1,22586436,480,42,0,0
22605979,2583,51,0,4,22684717,585,53,0,0
22596772,1028,49,0,5,22713040,1312,37,0,0
22658768,1892,57,0,0,22703502,967,56,0,0
22663834,1129,25,0,0,22633416,603,45,0,0
22640107,2176,77,0,0,22649212,2260,50,0,0
22617732,941,62,0,1,22615829,1105,46,0,0
22674153,687,52,0,1,22641824,1688,21,0,0
22604686,1813,32,0,0,22686550,1568,59,0,0
22625527,793,59,0,0,22597533,1407,68,0,0
22713817,865,53,0,2,22649469,1151,139,0,0
22619187,1656,80,0,2,22697168,436,38,0,0
22677309,1198,31,0,3,22647702,1435,55,0,0
22683250,994,39,0,0,22663119,477,88,0,0
22619569,1697,30,0,1,22655361,2136,37,0,0
22627552,1155,37,0,4,22661660,2119,32,0,0
22702256,1177,29,0,0,22598424,1436,43,0,0
22689802,615,76,0,4,22650550,1149,63,0,0
22687512,779,45,0,1,22614775,438,59,0,0
22680388,541,66,0,1,22703821,1194,82,0,0
22717510,709,52,0,3,22693637,1408,26,0,0
22624236,730,42,0,2,22621205,1765,76,0,0
22609905,2287,71,0,3,22601167,1176,65,0,0
22674735,1846,35,0,0,22678195,962,56,0,0
22682598,264,38,0,6,22632105,1633,46,0,0
22718231,1620,65,0,0,22675973,108,51,0,0
22682809,602,50,0,2,22687741,1219,35,0,0
22622497,427,41,0,0,22625159,662,52,0,0
22677861,641,99,0,1,22637573,750,60,0,0
22669706,867,34,0,7,22697574,2120,46,0,0
22652097,746,64,0,3,22696455,465,57,0,0
22715585,858,36,0,8,22597698,798,52,0,0
22664919,1409,89,0,2,22696402,959,133,0,0
22682773,665,40,0,1,22636274,1011,83,0,0
22618781,972,43,0,2,22615554,1221,77,0,0
22612448,1086,39,0,0,22650608,1496,36,0,0
22717428,886,25,0,4,22625376,1715,21,0,0
22594140,766,79,0,0,22710115,1261,39,0,0
22692640,947,18,0,1,22696196,761,82,0,0
22607212,1811,32,0,0,22653306,613,36,0,0
22598735,1570,43,0,3,22718678,1526,32,0,0
22662779,1238,51,0,3,22716410,1062,67,0,0
22590964,724,28,0,2,22604075,602,20,0,0
22704217,1049,111,0,3,22634309,1242,42,0,0
22593980,2026,20,0,7,22606035,830,66,0,0
22591099,1338,34,0,2,22642745,2134,49,0,0
22632579,1094,22,0,3,22650789,606,94,0,0
22619476,1839,36,0,2,22611241,1159,53,0,0
22648720,646,46,0,2,22627831,658,277,0,0
22685737,779,71,0,2,22638949,1932,56,0,0
22702082,858,23,0,1,22690852,1271,36,0,0
22591366,1671,54,0,2,22633399,740,57,0,0
22644680,1048,43,0,1,22677849,892,51,0,0
22651997,1932,39,0,1,22628040,1333,33,0,0
22622556,463,57,0,1,22621792,1631,71,0,0
22636304,613,62,0,3,22661009,430,36,0,0
22708391,1459,24,0,3,22614074,1330,28,0,0
22710207,593,108,0,9,22630684,300,89,0,0
22694066,726,17,0,0,22701881,667,134,0,0
22606352,1545,42,0,3,22651465,1027,27,0,0
22617961,880,88,0,0,22590778,1256,27,0,0
22700560,1309,65,0,4,22637376,816,25,0,0
22645244,1294,26,0,1,22689709,893,59,0,0
22688951,466,58,0,3,22707295,860,61,0,0
22700585,1615,56,0,1,22594086,845,45,0,0
22635353,894,19,0,1,22644349,1863,53,0,0
22595843,286,40,0,1,22618462,851,51,0,0
22703933,911,67,0,1,22621732,1925,41,0,0
22631045,890,34,0,1,22613301,1443,32,0,0
22679504,1781,44,0,1,22622866,950,37,0,0
22692987,1675,29,0,1,22664779,1041,59,0,0
22678768,1376,77,0,3,22637165,1500,58,0,0
22629401,1452,60,0,3,22590841,473,21,0,0
22644074,632,50,0,4,22699254,1635,73,0,0
22703649,2187,80,0,2,22674472,1622,24,0,0
22708870,278,68,0,3,22621105,1410,25,0,0
22608128,1332,31,0,9,22690987,905,49,0,0
22633073,392,49,0,2,22695002,896,79,0,0
22666202,963,33,0,0,22682041,598,37,0,0
22722926,1445,36,0,1,22687135,2102,24,0,0
22677119,1403,33,0,2,22693512,724,58,0,0
22720062,1225,46,0,0,22713090,485,27,0,0
22703061,2587,28,0,0,22702868,2187,68,0,0
22595257,671,40,0,9,22698363,1074,50,0,0
22603247,1073,41,0,0,22605399,805,38,0,0
22714321,610,125,0,1,22704865,832,42,0,0
22642322,1569,53,0,0,22597417,1125,34,0,0
22614364,581,67,0,0,22703182,186,238,0,0
22717063,1115,65,0,1,22626551,1676,72,0,0
22626183,1778,26,0,1,22661264,820,41,0,0
22703530,1250,30,0,1,22679287,422,32,0,0
22670325,2291,26,0,0,22665985,1682,42,0,0
22618236,722,47,0,0,22626937,876,48,0,0
22659031,917,34,0,4,22688113,891,62,0,0
22672831,1946,38,0,2,22656650,1206,32,0,0
22659576,875,38,0,3,22616906,2139,41,0,0
22626236,401,53,0,4,22598428,639,31,0,0
22722008,1618,33,0,4,22688342,1085,59,0,0
22637774,696,34,0,1,22633903,1677,37,0,0
22662705,1058,43,0,4,22673502,1355,72,0,0
22649252,934,69,0,5,22647664,819,59,0,0
22643280,1657,85,0,2,22605112,1422,22,0,0
22674409,750,37,0,6,22724227,1079,34,0,0
22711413,1097,52,0,1,22695038,654,47,0,0
22674874,996,64,0,3,22690184,1863,63,0,0
22660956,1915,70,0,3,22714750,691,51,0,0
22627596,715,29,0,1,22605287,806,41,0,0
22714049,823,38,0,1,22632431,959,89,0,0
22611961,672,64,0,4,22716191,355,51,0,0
22704027,945,44,0,4,22619119,1018,26,0,0
22677202,2255,34,0,5,22662125,1111,48,0,0
22701498,1121,28,0,0,22629775,1134,102,0,0
22617106,622,46,0,7,22692661,405,68,0,0
22696689,667,71,0,2,22622259,878,27,0,0
22637456,816,30,0,2,22696806,1810,34,0,0
22677733,736,32,0,6,22625676,1008,25,0,0
22629435,441,40,0,2,22689210,2127,38,0,0
22718519,991,140,0,2,22658503,1329,24,0,0
22674168,245,44,0,0,22610813,351,103,0,0
22648379,1489,30,0,1,22633213,1329,54,0,0
22709983,255,43,0,1,22603567,390,49,0,0
22613374,659,24,0,1,22663341,1144,28,0,0
22626905,1387,91,0,1,22612782,1040,56,0,0
22688729,1874,51,0,2,22688806,766,22,0,0
22650691,989,44,0,0,22677240,888,45,0,0
22600636,1687,29,0,1,22699273,549,80,0,0
22650185,1385,45,0,0,22688125,1220,53,0,0
22643389,1401,33,0,2,22678837,1007,60,0,0
22698427,2141,51,0,1,22656062,1144,41,0,0
22638630,1060,41,0,1,22638439,1042,102,0,0
22675588,977,46,0,0,22678708,1641,41,0,0
22613152,1264,47,0,3,22613851,1211,53,0,0
22599615,2099,19,0,7,22702101,1197,67,0,0
22635162,1290,44,0,5,22699363,1203,51,0,0
22680466,1878,56,0,8,22725638,573,44,0,0
22618039,1661,33,0,0,22613313,624,33,0,0
22614474,991,37,0,1,22683317,852,58,0,0
22646755,1372,63,0,2,22711517,1733,36,0,0
22633034,483,226,0,1,22596490,1214,20,0,0
22599311,1122,36,0,1,22667752,874,33,0,0
22645619,847,17,0,3,22606345,1214,59,0,0
22687178,680,238,0,1,22714274,1116,40,0,0
22615979,494,104,0,5,22701679,2235,52,0,0
22655251,862,33,0,5,22618956,1842,33,0,0
22694730,467,42,0,3,22644180,499,28,0,0
22673115,1529,47,0,2,22629756,1369,26,0,0
22703752,2531,20,0,1,22695740,2582,41,0,0
22689674,957,27,0,1,22640409,1606,37,0,0
22683416,1867,26,0,1,22700072,1835,42,0,0
22698321,1631,25,0,0,22628692,2313,66,0,0
22646329,1741,15,0,2,22673687,304,63,0,0
22669930,904,62,0,1,22681655,990,62,0,0
22695647,1273,32,0,1,22713798,1167,41,0,0
22637480,1128,84,0,0,22611927,1250,71,0,0
22690259,822,40,0,1,22612298,1196,50,0,0
22647923,1904,36,0,0,22725137,1661,35,0,0
22605099,416,29,0,2,22668710,672,35,0,0
22722159,2168,40,0,2,22669231,1112,38,0,0
22703301,1697,12,0,2,22663101,825,29,0,0
22629618,1255,51,0,0,22650256,1758,45,0,0
22668876,981,27,0,2,22659190,462,26,0,0
22724293,1657,38,0,4,22707124,747,56,0,0
22686459,1106,103,0,0,22632613,1542,19,0,0
22707950,1729,29,0,3,22670391,1378,41,0,0
22726589,1097,15,0,1,22620920,969,67,0,0
22655451,1236,129,0,0,22681352,753,42,0,0
22688425,1409,75,0,7,22696643,980,30,0,0
22667395,453,60,0,2,22626405,910,50,0,0
22638822,1017,86,0,1,22618984,687,42,0,0
22682444,982,61,0,0,22718006,1282,29,0,0
22657187,1307,29,0,4,22657894,544,39,0,0
22610786,1054,75,0,0,22703532,1599,19,0,0
22634239,1167,33,0,6,22716377,1468,47,0,0
22624785,1334,43,0,2,22640074,1870,48,0,0
22701317,1111,63,0,4,22720055,2137,45,0,0
22645586,538,47,0,0,22630478,2109,25,0,0
22722544,598,34,0,0,22666965,298,48,0,0
22723719,930,30,0,0,22650978,2038,40,0,0
22683123,2587,53,0,0,22698628,1792,58,0,0
22615290,207,44,0,4,22687113,773,42,0,0
22603900,1480,37,0,1,22674561,1042,51,0,0
22664730,961,36,0,0,22615739,1146,42,0,0
22680019,1288,43,0,2,22694055,358,105,0,0
22665824,1099,31,0,4,22686262,1566,45,0,0
22682171,1277,50,0,4,22691291,1954,65,0,0
22623224,628,29,0,1,22701932,422,52,0,0
22720652,884,33,0,3,22720852,993,46,0,0
22691165,1970,55,0,6,22626557,926,21,0,0
22702330,578,44,0,3,22630135,1283,61,0,0
22689511,275,76,0,3,22723312,711,43,0,0
22683560,225,44,0,2,22700082,1695,45,0,0
22714721,1321,53,0,6,22601672,656,64,0,0
22663795,2110,36,0,1,22634556,1781,52,0,0
22675109,324,81,0,1,22675390,1400,20,0,0
22606698,672,32,0,3,22719471,1097,33,0,0
22624865,2154,16,0,0,22726755,656,57,0,0
22642333,1760,25,0,5,22598016,1593,45,0,0
22697261,1210,30,0,0,22694490,1198,51,0,0
22712181,639,31,0,3,22680681,1875,27,0,0
22653808,1048,76,0,1,22717163,1152,37,0,0
22714914,1398,84,0,1,22607546,1634,78,0,0
22632628,863,131,0,2,22608064,2092,21,0,0
22656009,307,24,0,10,22686375,848,101,0,0
22640311,606,98,0,3,22671259,1669,20,0,0
22602801,1194,96,0,0,22621233,1372,19,0,1
22622563,2530,80,0,4,22677312,1656,28,0,0
22613256,738,80,0,2,22629208,522,40,0,1
22683090,964,55,0,0,22604166,2394,34,0,0
22645938,1177,37,0,10,22672943,1446,29,0,0
22705782,2316,19,0,5,22629739,805,69,0,0
22686730,1234,27,0,7,22697200,1917,34,0,0
22688036,571,65,0,1,22663217,557,51,0,0
22707792,946,67,0,0,22659262,627,29,0,0
22715318,2338,34,0,1,22711170,1855,31,0,0
22606073,2586,16,0,2,22649317,1444,42,0,0
22658170,139,73,0,3,22684581,921,39,0,0
22706055,851,25,0,1,22729891,369,74,0,0
22672827,685,43,0,3,22659071,909,71,0,0
22665282,1442,57,0,0,22682372,2113,42,0,0
22715032,1767,36,0,0,22687944,1601,65,0,0
22614173,450,47,0,3,22673114,2504,34,0,0
22714641,1496,40,0,2,22670361,824,42,0,0
22626083,1882,73,0,3,22663998,1065,33,0,0
22621148,756,17,0,8,22637374,1061,55,0,0
22637991,1349,48,0,6,22698484,1034,36,0,0
22683639,1039,43,0,1,22639739,1310,36,0,0
22663140,1813,41,0,0,22604692,1101,45,0,0
22688560,2557,28,0,3,22619924,1267,34,0,0
22652219,2152,39,0,0,22649160,316,35,0,0
22720905,1072,70,0,2,22661215,919,66,0,0
22619686,797,68,0,0,22712974,1894,44,0,0
22604447,528,51,0,2,22652615,1099,26,0,0
22622578,1446,22,0,4,22616953,637,45,0,0
22602938,630,50,0,0,22646128,1293,46,0,0
22699645,2417,22,0,1,22720584,438,32,0,0
22717365,1479,34,0,1,22726396,1204,36,0,0
22684402,888,22,0,3,22614325,806,37,0,0
22644708,1198,72,0,1,22720954,1197,38,0,0
22667447,1739,65,0,2,22692164,1292,15,0,0
22626034,1016,41,0,3,22646182,202,47,0,0
22667277,910,28,0,3,22678640,643,29,0,0
22725862,811,44,0,1,22686177,689,48,0,0
22605476,836,39,0,1,22627194,812,60,0,0
22681282,1564,38,0,6,22663383,112,29,0,0
22647102,1805,52,0,1,22662238,863,46,0,0
22655790,1757,31,0,3,22628583,1083,27,0,0
22634261,1631,53,0,3,22719839,1113,31,0,0
22702239,979,23,0,0,22718617,1309,27,0,0
22692629,2204,23,0,3,22616841,692,59,0,0
22641709,979,41,0,3,22673972,1199,31,0,0
22639603,1193,177,0,0,22631768,279,61,0,0
22640705,1072,42,0,3,22702822,2404,26,0,0
22717240,1347,74,0,2,22718358,2133,21,0,0
22641871,557,88,0,2,22647832,1458,50,0,0
22723705,753,27,0,6,22677756,384,47,0,0
22687844,744,24,0,3,22728230,1196,50,0,0
22715202,1237,43,0,2,22716565,921,41,0,0
22713141,784,30,0,1,22702967,543,31,0,0
22725016,1714,28,0,1,22622481,1356,30,0,0
22686596,1149,43,0,1,22659672,1529,13,0,0
22614503,1881,63,0,2,22705192,1110,26,0,0
22630923,2003,53,0,1,22612544,142,33,0,0
22715060,1038,45,0,3,22653130,1084,25,0,0
22712530,253,32,0,2,22655407,2021,58,0,0
22730280,1046,104,0,1,22670770,1206,29,0,0
22694679,670,48,0,2,22683941,874,110,0,0
22617238,1741,55,0,1,22610876,1390,45,0,0
22721853,1468,28,0,5,22619399,1066,22,0,0
22646782,1619,30,0,3,22704881,1108,34,0,0
22636416,1971,29,0,3,22662175,789,75,0,0
22615224,678,31,0,0,22606727,800,42,0,0
22684516,1520,50,0,2,22637519,1065,39,0,0
22669271,593,40,0,3,22717672,974,61,0,0
22714014,1079,51,0,5,22695703,975,21,0,0
22646158,850,34,0,0,22688760,892,28,0,0
22611077,2413,53,0,3,22722654,1392,53,0,0
22645920,1180,63,0,3,22720708,2163,22,0,0
22610405,1261,29,0,0,22612075,2145,55,0,0
22648478,1009,64,0,1,22663706,2108,41,0,0
22610708,804,40,0,1,22711025,1995,58,0,0
22633617,1372,20,0,1,22723258,612,52,0,0
22729263,950,77,0,1,22718185,674,69,0,0
22625734,1073,54,0,6,22627238,866,36,0,0
22676764,1115,44,0,0,22677305,295,32,0,0
22626522,723,36,0,0,22663038,2120,22,0,0
22604682,1105,16,0,1,22676580,856,68,0,0
22685461,773,45,0,0,22617616,573,75,0,0
22633812,850,89,0,2,22696824,503,24,0,0
22706349,1321,30,0,0,22720648,1203,42,0,0
22640105,1115,48,0,0,22606068,633,43,0,0
22609308,645,77,0,0,22697821,1742,70,0,0
22639498,130,78,0,0,22615665,415,31,0,0
22644932,1412,27,0,0,22668327,1088,59,0,0
22621106,143,99,0,0,22700280,1782,59,0,0
22625608,648,67,0,0,22727049,1194,49,0,0
22636173,518,38,0,0,22645924,1271,31,0,0
22707135,451,62,0,0,22608735,1996,100,0,0
22681891,323,33,0,0,22686268,2362,61,0,0
22674667,1169,52,0,0,22615081,1000,36,0,0
22631248,1340,26,0,0,22626844,990,33,0,0
22727192,1623,69,0,0,22647441,1196,53,0,0
22634582,1340,31,0,0,22731768,393,40,0,0
22716648,326,20,0,0,22620734,1354,28,0,0
22702936,1620,38,0,0,22709028,896,92,0,0
22634557,1759,22,0,0,22631422,1041,34,0,0
22610687,813,34,0,0,22702999,1859,23,0,0
22667445,1552,42,0,0,22640976,1184,24,0,0
22717189,857,69,0,0,22688866,476,61,0,0
22607976,1279,26,0,0,22733197,1633,70,0,0
22733264,1377,19,0,0,22723411,1608,33,0,0
22725800,1125,45,0,1,22642264,1902,59,0,0
22631932,2122,29,0,3,22631479,1069,22,0,0
22639037,1482,83,0,0,22624070,313,61,0,0
22708153,467,46,0,1,22688926,736,40,0,0
22619677,2387,48,0,2,22690458,1624,48,0,0
22713108,1944,50,0,4,22693173,1034,52,0,0
22735924,1116,35,0,2,22710051,1620,55,0,0
22618731,2309,34,0,2,22634071,1605,30,0,0
22711192,682,49,0,6,22633565,206,65,0,0
22698900,2254,29,0,10,22699997,1057,43,0,0
22642578,598,43,0,2,22690785,1213,29,0,0
22628625,1634,22,0,0,22636019,2152,28,0,0
22694530,2128,40,0,3,22650762,635,38,0,0
22704760,1650,31,0,4,22622810,1432,37,0,0
22674672,1164,22,0,2,22697762,2031,20,0,0
22627451,465,52,0,2,22617749,826,117,0,0
22625513,2006,34,0,1,22729542,1023,51,0,0
22686848,2295,79,0,1,22698343,1940,22,0,0
22730303,953,63,0,1,22620377,1572,69,0,0
22711483,654,24,0,0,22651338,1165,58,0,0
22649832,1044,49,0,1,22678550,1607,40,0,0
22612399,1441,128,0,1,22726750,889,48,0,0
22640460,2028,44,0,4,22646749,1039,20,0,0
22715787,1402,24,0,3,22614387,972,31,0,0
22615294,906,39,0,1,22652352,1869,48,0,0
22687225,966,24,0,2,22703900,630,40,0,0
22717153,497,60,0,2,22700242,2146,48,0,0
22633581,1985,49,0,1,22659284,1956,26,0,0
22627356,1345,32,0,0,22674108,577,62,0,0
22675907,797,104,0,8,22622391,485,39,0,0
22726626,856,58,0,4,22703406,938,35,0,0
22637533,2553,42,0,3,22721115,281,59,0,0
22638918,191,22,0,0,22713566,1548,53,0,0
22726318,879,35,0,3,22653489,857,41,0,0
22621362,1037,73,0,3,22709977,1287,87,0,0
22719165,2005,37,0,0,22733952,906,46,0,0
22648134,1668,18,0,0,22650305,1761,27,0,0
22632852,2268,58,0,0,22675612,1552,33,0,0
22694435,682,21,0,3,22651599,1456,36,0,0
22736873,983,30,0,0,22672232,285,65,0,0
22636188,1368,21,0,1,22731484,1064,34,0,0
22700263,2029,54,0,4,22646890,1795,74,0,0
22705734,1421,61,0,2,22701779,677,51,0,0
22735090,1105,63,0,3,22731536,1482,29,0,0
22733500,2253,43,0,0,22683729,105,47,0,0
22612939,1434,68,0,1,22674456,1822,21,0,0
22663879,859,81,0,4,22626251,813,46,0,0
22723378,1119,43,0,1,22728741,1860,60,0,0
22621625,435,74,0,0,22734921,1827,35,0,0
22669031,866,59,0,5,22724017,1680,47,0,0
22618875,737,20,0,3,22655803,1659,48,0,0
22697050,1209,16,0,2,22727398,924,24,0,0
22620191,882,57,0,4,22627089,1465,32,0,0
22655900,1742,36,0,3,22619754,510,47,0,0
22668524,1125,41,0,1,22620839,1002,37,0,0
22667947,898,50,0,3,22718855,1378,18,0,0
22710202,587,53,0,2,22654093,2516,47,0,0
22701861,1670,33,0,8,22666208,1227,25,0,0
22676231,1148,22,0,0,22738075,284,58,0,0
22697932,1653,23,0,0,22694072,961,43,0,0
22703963,1944,37,0,0,22698143,499,178,0,0
22619809,1643,35,0,1,22614685,1632,64,0,0
22693197,1008,38,0,2,22658177,828,43,0,0
22651559,2537,38,0,0,22695209,787,59,0,0
22629308,195,156,0,2,22649893,299,32,0,0
22702035,1344,38,0,1,22649984,1276,40,0,0
22659809,1015,27,0,6,22625192,2165,52,0,0
22704042,718,56,0,0,22734103,1102,50,0,0
22612573,1010,28,0,2,22676427,1975,34,0,0
22675667,1609,61,0,3,22674444,2344,42,0,0
22727745,1604,43,0,1,22700278,626,49,0,0
22676085,533,26,0,1,22631030,603,21,0,0
22617946,1548,32,0,1,22715798,927,17,0,0
22641023,996,25,0,0,22670384,379,76,0,0
22722530,1656,33,0,1,22704502,638,60,0,0
22725997,971,58,0,2,22655982,1417,34,0,0
22729046,1649,49,0,1,22708284,942,39,0,0
22691419,609,20,0,1,22738965,1197,41,0,0
22629426,990,43,0,3,22715775,1015,29,0,0
22691873,1191,53,0,0,22627482,1573,65,0,0
22689669,1384,33,0,0,22637874,768,47,0,0
22678408,1975,55,0,0,22646655,1721,60,0,0
22720973,1616,43,0,2,22645918,777,45,0,0
22620390,1694,45,0,1,22686014,1864,37,0,0
22729560,445,65,0,2,22649933,2367,42,0,0
22644562,1153,63,0,1,22639921,1649,20,0,0
22686370,1607,45,0,7,22623891,1609,23,0,0
22636347,1210,37,0,0,22676599,1640,46,0,0
22718886,745,92,0,0,22724892,1410,28,0,0
22614836,161,380,0,2,22624951,1122,59,0,0
22710386,865,25,0,0,22693058,1283,31,0,0
22651946,993,31,0,1,22663131,1260,45,0,0
22718687,1258,41,0,0,22701062,869,36,0,0
22720145,1252,56,0,6,22671634,1321,53,0,0
22641849,873,46,0,2,22697403,1958,36,0,0
22663433,960,45,0,1,22648179,689,49,0,0
22701522,735,33,0,5,22686899,2504,60,0,0
22624576,325,58,0,4,22688374,1879,42,0,0
22741465,1238,52,0,6,22680417,745,61,0,0
22711378,1476,23,0,3,22710028,1972,31,0,0
22620456,1155,36,0,4,22664291,483,222,0,0
22696167,1951,43,0,2,22739181,2001,51,0,0
22731545,1684,42,0,2,22728595,505,44,0,0
22669685,1480,42,0,0,22714847,834,48,0,0
22614315,516,68,0,2,22727105,1991,24,0,0
22661372,471,238,0,5,22731855,2005,91,0,0
22641195,930,78,0,1,22692886,803,82,0,0
22684199,2108,44,0,7,22666918,832,87,0,0
22621006,1247,56,0,0,22689758,953,42,0,0
22708156,1605,61,0,3,22682901,886,27,0,0
22736109,1926,33,0,3,22673290,2168,21,0,0
22730519,292,49,0,1,22673743,1531,56,0,0
22735359,1289,27,0,0,22625106,416,60,0,0
22724356,927,63,0,1,22693265,821,57,0,0
22660854,491,23,0,4,22633148,947,41,0,0
22704894,1029,28,0,0,22659460,1043,48,0,0
22629196,1556,40,0,1,22627102,696,58,0,0
22731800,1263,21,0,0,22740903,1045,28,0,0
22642685,1364,41,0,4,22727027,396,32,0,0
22621276,962,50,0,2,22658868,1391,32,0,0
22727596,2001,54,0,0,22740442,970,46,0,0
22704492,393,35,0,3,22668758,1219,71,0,0
22637286,295,84,0,0,22665604,720,51,0,0
22680827,934,53,0,6,22728330,1021,49,0,0
22673034,2316,58,0,1,22652244,1807,34,0,0
22668639,997,24,0,3,22624154,906,58,0,0
22687146,1382,56,0,3,22705929,1412,52,0,0
22704561,941,150,0,1,22737932,1488,31,0,0
22733022,1844,34,0,1,22734542,2527,26,0,0
22655990,1805,41,0,0,22629937,1876,39,0,0
22673007,862,40,0,7,22695963,2483,37,0,0
22624146,273,36,0,2,22703826,1155,25,0,0
22671067,1743,22,0,0,22741408,1841,77,0,0
22688211,1699,28,0,11,22635778,856,36,0,0
22728485,1312,60,0,1,22623448,1030,24,0,0
22678764,1169,93,0,2,22666631,1134,25,0,0
22739493,730,46,0,4,22643723,824,20,0,0
22641607,749,77,0,0,22698082,1318,33,0,0
22626298,830,40,0,2,22741359,806,21,0,0
22703640,2019,55,0,10,22710576,740,38,0,0
22632600,760,91,0,1,22693627,1934,84,0,0
22666585,1292,36,0,7,22715225,1634,45,0,0
22647005,1115,37,0,2,22702196,1041,28,0,0
22711535,2210,35,0,11,22640446,909,42,0,0
22658212,1630,59,0,2,22708395,2525,75,0,0
22691835,1148,34,0,1,22644984,715,39,0,0
22653379,298,59,0,1,22634851,1069,74,0,0
22735374,746,36,0,1,22711055,1540,31,0,0
22723691,2298,44,0,6,22625143,852,59,0,0
22698205,613,91,0,1,22704749,526,49,0,0
22683207,891,16,0,1,22697463,854,17,0,0
22627657,1912,44,0,1,22674467,180,73,0,0
22714289,1450,25,0,5,22725745,907,28,0,0
22735689,1770,56,0,3,22677636,194,71,0,0
22694401,2586,66,0,0,22691256,1644,59,0,0
22641472,1018,46,0,1,22697196,915,54,0,0
22648690,1278,62,0,1,22675128,1745,33,0,0
22636607,1393,25,0,2,22665510,1458,51,0,0
22701280,1356,60,0,3,22647306,1179,49,0,0
22726054,1178,34,0,5,22672614,2596,44,0,0
22634400,974,84,0,1,22638374,1172,39,0,0
22623307,651,39,0,3,22696061,1025,47,0,0
22718576,767,39,0,1,22655819,1066,68,0,0
22742511,1160,56,0,3,22637936,1105,77,0,0
22674853,969,31,0,1,22707263,2314,39,0,0
22618758,207,38,0,1,22729413,2331,173,0,0
22686956,452,36,0,5,22655074,433,30,0,0
22655905,2108,39,0,2,22711852,1302,38,0,0
22729066,1026,40,0,1,22700831,1144,40,0,0
22720989,1110,21,0,3,22686898,207,28,0,0
22671732,1196,31,0,3,22689658,1576,47,0,0
22665389,2064,42,0,7,22718462,830,45,0,0
22655014,1924,31,0,0,22674331,934,33,0,0
22665527,1105,61,0,1,22682568,1655,44,0,0
22726541,787,39,0,0,22612247,882,56,0,0
22637432,899,13,0,2,22702028,1288,79,0,0
22618904,894,68,0,1,22712767,632,89,0,0
22626947,1056,47,0,0,22643741,1003,88,0,0
22658959,1093,65,0,0,22721298,921,77,0,0
22659393,1878,68,0,3,22651020,620,55,0,0
22706022,2598,62,0,4,22685884,2089,31,0,0
22641341,2174,32,0,13,22739906,675,33,0,0
22721334,1280,76,0,0,22686411,1034,30,0,0
22704354,876,23,0,3,22639460,1279,30,0,0
22725841,1526,68,0,12,22653020,903,60,0,0
22725034,938,25,0,1,22691339,762,50,0,0
22661590,2479,27,0,6,22699914,1791,19,0,0
22694326,1382,28,0,0,22715238,1622,69,0,0
22702546,944,19,0,2,22720995,1107,18,0,0
22682954,2039,19,0,3,22675188,780,130,0,0
22730233,1424,26,0,5,22662677,1970,45,0,0
22656003,1480,37,0,0,22673051,1999,32,0,0
22747040,741,52,0,0,22668949,1248,74,0,0
22667056,735,54,0,0,22688791,1125,69,0,0
22631473,1811,35,0,4,22670341,556,54,0,0
22719270,841,21,0,4,22707001,1179,51,0,0
22655541,743,44,0,1,22652622,1094,43,0,0
22630015,972,39,0,1,22724464,2435,53,0,0
22741026,1564,43,0,2,22684976,547,28,0,0
22676431,1426,33,0,1,22638976,615,59,0,0
22628875,500,44,0,1,22731575,617,34,0,0
22640797,992,35,0,1,22666106,1431,25,0,0
22634302,2596,32,0,1,22667112,1047,83,0,0
22658776,945,67,0,0,22724410,1101,34,0,0
22718407,1308,66,0,1,22683098,967,41,0,0
22647312,1770,30,0,2,22731812,2339,40,0,0
22644250,939,31,0,3,22639674,943,29,0,0
22695713,1325,55,0,2,22637150,776,42,0,0
22696892,1758,112,0,1,22733528,686,113,0,0
22695259,2137,42,0,2,22703181,257,24,0,0
22670684,938,72,0,0,22701368,645,26,0,0
22625052,1698,65,0,1,22704969,968,50,0,0
22747474,1057,50,0,2,22718700,872,29,0,0
22680078,928,34,0,0,22673417,684,50,0,0
22623932,1131,34,0,2,22707294,1072,35,0,0
22676448,744,41,0,0,22667128,1914,22,0,0
22710026,695,54,0,4,22741644,2059,112,0,0
22610053,2297,57,0,0,22734621,1772,56,0,0
22626549,123,41,0,0,22665509,1308,39,0,0
22732804,1504,69,0,0,22725321,657,17,0,0
22735549,663,39,0,2,22611470,1458,53,0,0
22625162,964,33,0,1,22636269,734,123,0,0
22668170,1129,19,0,1,22625107,1287,52,0,0
22655841,1162,43,0,0,22722619,1234,24,0,0
22732221,757,17,0,0,22685001,456,30,0,0
22625306,1815,38,0,1,22729850,866,23,0,0
22637881,915,70,0,0,22683579,2400,48,0,0
22660752,1271,28,0,0,22665857,1423,38,0,0
22691845,393,21,0,0,22632035,1622,29,0,0
22701583,1308,38,0,1,22666984,1681,51,0,0
22711863,1386,34,0,2,22663156,2175,63,0,0
22626365,1943,49,0,4,22676189,1790,34,0,0
22685178,944,23,0,2,22623840,1016,42,0,0
22654263,1980,60,0,6,22630857,1240,31,0,0
22727812,571,53,0,0,22646282,1290,68,0,0
22673279,689,180,0,0,22731123,1327,96,0,0
22719005,720,26,0,2,22703329,1269,25,0,0
22703018,254,44,0,0,22692437,2000,23,0,0
22679484,1986,54,0,0,22676945,1795,32,0,0
22733404,309,68,0,1,22655208,876,57,0,0
22679585,2074,55,0,0,22739543,2127,55,0,0
22649450,966,70,0,1,22669437,802,50,0,0
22742060,1736,48,0,1,22745401,732,50,0,0
22665958,855,35,0,5,22684434,896,55,0,0
22654633,1641,98,0,1,22661861,1420,48,0,0
22694567,821,36,0,0,22693690,1095,70,0,0
22731894,1297,25,0,4,22708000,909,976,0,0
22692936,579,47,0,6,22704319,1959,68,0,0
22712055,555,59,0,1,22657641,1073,31,0,0
22633825,926,104,0,8,22678221,705,79,0,0
22657460,1962,20,0,0,22631203,2121,42,0,0
22701850,1196,26,0,9,22657775,1723,25,0,0
22659949,889,52,0,2,22675797,1511,51,0,0
22693506,1350,39,0,2,22664005,1223,54,0,0
22707481,1278,42,0,1,22705078,1868,40,0,0
22641772,1416,33,0,1,22669052,1341,42,0,0
22678846,1122,72,0,3,22721074,1661,43,0,0
22747557,1091,34,0,4,22639930,2022,20,0,0
22658879,1746,45,0,9,22637847,359,47,0,0
22641821,1426,55,0,2,22699068,628,45,0,0
22629106,1772,56,0,7,22666232,991,33,0,0
22669062,233,67,0,4,22651033,1050,56,0,0
22640805,1041,29,0,0,22714979,1368,70,0,0
22643830,1713,33,0,0,22743334,1767,47,0,0
22707508,1070,26,0,1,22675849,606,47,0,0
22675609,1968,33,0,2,22696431,591,49,0,0
22641471,838,28,0,3,22664370,316,40,0,0
22634682,1709,34,0,0,22748862,1116,58,0,0
22635668,2058,29,0,2,22633997,1195,43,0,0
22722953,650,30,0,6,22724726,707,38,0,0
22687224,2577,19,0,1,22699689,534,37,0,0
22735347,902,47,0,4,22722397,2107,34,0,0
22640938,1508,57,0,1,22673416,1585,38,0,0
22689520,1049,54,0,6,22712867,1737,62,0,0
22739488,1491,74,0,0,22638492,810,37,0,0
22668684,1235,31,0,6,22735032,329,64,0,0
22721228,336,37,0,1,22746537,635,18,0,0
22633479,663,52,0,2,22747758,1070,48,0,0
22732173,538,37,0,0,22732622,749,108,0,0
22632672,1699,32,0,1,22737338,1420,32,0,0
22631085,405,24,0,7,22658254,826,133,0,0
22633660,124,83,0,3,22657398,2125,25,0,0
22697019,1839,39,0,0,22682938,322,35,0,0
22657299,690,53,0,0,22648221,841,69,0,0
22711467,789,48,0,1,22642559,1420,49,0,0
22692308,613,56,0,0,22745658,1840,59,0,0
22692095,1590,33,0,1,22744311,482,34,0,0
22734354,527,45,0,3,22642192,1122,24,0,0
22686820,1229,32,0,0,22651640,1681,26,0,0
22657631,1168,74,0,5,22648664,701,36,0,0
22751464,1440,76,0,0,22664421,2088,23,0,0
22708556,1135,27,0,2,22649732,1721,43,0,0
22709099,879,40,0,0,22636857,1356,101,0,0
22683362,1395,60,0,5,22690559,1481,31,0,0
22742488,963,65,0,2,22645173,810,253,0,0
22702738,1990,25,0,1,22663213,1126,25,0,0
22715985,1744,24,0,7,22656496,694,46,0,0
22668012,1340,57,0,1,22719859,850,92,0,0
22717889,757,49,0,1,22631118,636,37,0,0
22681795,1286,53,0,3,22634457,1366,43,0,0
22678765,1075,30,0,0,22644868,954,94,0,0
22697284,862,71,0,5,22748208,971,19,0,0
22704830,1978,26,0,3,22693615,1893,13,0,0
22625071,1083,45,0,4,22711549,659,72,0,0
22676224,1291,34,0,1,22666661,1425,36,0,0
22672925,1608,37,0,1,22676944,1387,44,0,0
22726417,1141,24,0,1,22699942,2044,29,0,0
22654694,1989,68,0,7,22693284,1411,38,0,0
22704879,2449,27,0,3,22629868,1123,19,0,0
22703187,2085,27,0,2,22702794,1672,34,0,0
22667158,1662,50,0,2,22631161,1109,29,0,0
22730589,924,33,0,0,22710346,771,22,0,0
22693878,1125,56,0,7,22677283,804,46,0,0
22675120,417,33,0,2,22682783,800,70,0,0
22689132,550,63,0,0,22721435,862,39,0,0
22738179,1732,35,0,0,22702495,835,98,0,0
22639894,419,28,0,3,22664544,939,31,0,0
22669697,2045,43,0,2,22691990,1180,28,0,0
22692161,862,46,0,3,22729758,1838,22,0,0
22698060,1660,131,0,0,22632153,1335,54,0,0
22739724,692,85,0,0,22739135,1377,70,0,0
22700473,774,38,0,1,22644164,1486,39,0,0
22676742,760,27,0,0,22747575,647,38,0,0
22729529,1596,35,0,1,22736680,2280,69,0,0
22642472,1879,72,0,4,22693465,1662,28,0,0
22722516,612,41,0,1,22753884,1906,30,0,0
22748661,956,77,0,3,22732495,700,48,0,0
22696127,1452,49,0,1,22646537,1277,34,0,0
22742971,617,28,0,1,22732304,1398,34,0,0
22630514,734,62,0,2,22677384,2471,50,0,0
22638928,826,33,0,1,22659559,1517,49,0,0
22714475,1184,30,0,6,22665243,2136,28,0,0
22643857,1398,27,0,4,22710858,1405,64,0,0
22632972,462,35,0,0,22744314,1699,46,0,0
22681278,1570,33,0,0,22699815,834,47,0,0
22715574,1855,44,0,1,22740268,1154,11,0,0
22756942,989,100,0,8,22632683,2157,71,0,0
22660287,1614,17,0,2,22740409,865,98,0,0
22677410,1646,44,0,0,22745821,1427,28,0,0
22653631,1427,55,0,3,22743526,2373,42,0,0
22675096,680,49,0,2,22741074,1762,46,0,0
22727413,739,59,0,4,22728750,990,38,0,0
22671286,1371,42,0,0,22651754,628,40,0,0
22701043,747,82,0,1,22638483,1342,26,0,0
22692850,1303,95,0,4,22702680,1292,36,0,0
22650812,1636,70,0,0,22690118,1788,56,0,0
22756314,677,68,0,3,22691187,1703,41,0,0
22644597,113,41,0,0,22661192,1314,34,0,0
22738525,1436,24,0,1,22749947,1219,29,0,0
22725942,1258,18,0,4,22688601,1662,36,0,0
22755340,641,70,0,0,22668769,1970,26,0,0
22746209,1983,39,0,1,22710857,1372,46,0,0
22659645,907,65,0,3,22728514,2003,93,0,0
22644231,641,38,0,0,22641941,849,93,0,0
22689401,1021,57,0,3,22723687,988,28,0,0
22713864,1439,30,0,0,22686715,1432,45,0,0
22657229,686,48,0,2,22646309,1249,53,0,0
22667783,1287,63,0,0,22733775,1307,74,0,0
22755287,1169,61,0,2,22674101,1875,58,0,0
22736676,537,14,0,1,22677222,1448,30,0,0
22674138,851,43,0,5,22676525,1340,136,0,0
22734242,1162,68,0,2,22647971,2224,36,0,0
22700500,1226,77,0,0,22673419,1322,47,0,0
22657061,1645,30,0,7,22728538,879,21,0,0
22637182,584,40,0,2,22693523,1521,44,0,0
22681168,1911,28,0,1,22650742,551,53,0,0
22721900,618,157,0,2,22664447,168,79,0,0
22751081,2088,51,0,1,22631051,184,53,0,0
22690702,2481,56,0,0,22665650,1035,43,0,0
22686467,2242,46,0,1,22649084,1131,77,0,0
22746658,551,29,0,2,22708113,707,38,0,0
22746985,1376,40,0,0,22657685,307,49,0,0
22687858,1796,45,0,1,22758661,1898,63,0,0
22642373,1029,34,0,2,22695693,1828,22,0,0
22670106,426,33,0,3,22702894,1677,44,0,0
22666911,1710,115,0,5,22640169,1389,44,0,0
22714669,2205,58,0,0,22665687,828,35,0,0
22726751,785,45,0,0,22726722,1284,34,0,0
22731515,1011,45,0,4,22732814,813,70,0,0
22668997,1945,25,0,2,22745330,1148,60,0,0
22731242,981,39,0,1,22667794,1036,56,0,0
22728023,1781,28,0,4,22714278,866,32,0,0
22635661,1352,32,0,0,22703653,2157,66,0,0
22665165,2260,33,0,3,22705641,1739,50,0,0
22735332,2109,19,0,6,22629727,1361,28,0,1
22640854,1518,30,0,0,22743604,970,41,0,0
22700696,1812,31,0,1,22655328,1343,63,0,0
22656789,1042,29,0,5,22634527,314,224,0,0
22715394,1105,32,0,3,22758860,858,77,0,0
22711911,1179,76,0,1,22662116,1018,26,0,0
22671013,1996,80,0,1,22750737,644,70,0,0
22703031,1392,35,0,5,22664222,506,37,0,0
22644991,1265,25,0,1,22640969,705,24,0,0
22725493,1449,33,0,2,22705237,1686,53,0,0
22687535,1372,63,0,1,22709876,693,24,0,0
22743985,679,24,0,2,22716581,320,27,0,0
22632207,909,32,0,1,22735194,707,53,0,0
22742664,644,91,0,1,22702416,415,77,0,0
22644816,957,85,0,6,22740847,1974,32,0,0
22664883,1519,50,0,2,22647630,970,42,0,0
22757065,2049,59,0,2,22632818,1673,57,0,0
22724554,1359,67,0,1,22754185,1321,37,0,0
22631091,1032,22,0,0,22728053,2188,28,0,0
22756965,985,56,0,4,22695568,471,57,0,0
22752165,1282,59,0,0,22653958,902,62,0,0
22641923,1601,31,0,3,22668851,1684,15,0,0
22651924,1124,64,0,0,22734682,1488,58,0,0
22718088,1106,36,0,2,22738356,1828,89,0,0
22677041,687,127,0,3,22753308,1070,40,0,0
22645367,1375,46,0,10,22686858,669,45,0,0
22697370,880,46,0,3,22755277,1086,25,0,0
22711427,1259,88,0,0,22675214,735,147,0,0
22661534,394,74,0,6,22637408,817,49,0,0
22713591,849,32,0,2,22638510,1140,45,0,0
22721948,125,29,0,7,22665825,830,45,0,0
22661636,295,68,0,3,22637582,1312,59,0,0
22704742,1011,32,0,2,22745986,1191,44,0,1
22666822,1938,23,0,1,22659614,818,30,0,0
22657161,1566,70,0,6,22695741,429,41,0,0
22668161,1304,31,0,1,22690068,1659,47,0,0
22639916,300,316,0,0,22649436,907,86,0,0
22732444,1574,45,0,1,22670496,395,28,0,0
22743792,1736,63,0,0,22723537,1154,51,0,0
22685684,2133,69,0,0,22740969,1681,59,0,0
22704956,1616,28,0,0,22650278,1465,30,0,0
22744992,1204,34,0,4,22712214,1657,28,0,0
22685960,1269,36,0,0,22684503,2053,30,0,0
22751703,2334,22,0,0,22747029,882,112,0,0
22707691,1930,43,0,0,22660580,1082,30,0,0
22692551,1706,55,0,3,22751903,1912,50,0,0
22727744,1287,37,0,14,22682512,2052,62,0,0
22750880,1176,45,0,1,22659575,1108,46,0,0
22701095,1300,69,0,3,22713976,738,45,0,0
22757040,357,53,0,3,22727469,1337,54,0,0
22697777,288,54,0,3,22755581,1920,49,0,0
22640950,762,30,0,5,22741085,1808,47,0,0
22672982,757,42,0,2,22676205,1849,28,0,0
22646529,957,42,0,3,22695297,1405,59,0,0
22661905,1897,24,0,3,22708417,1796,52,0,0
22685616,803,64,0,0,22724552,1964,54,0,0
22762837,509,33,0,1,22676990,1061,46,0,0
22690577,1637,44,0,0,22734990,756,31,0,0
22746471,1792,29,0,4,22742765,1094,33,0,0
22736047,1508,33,0,5,22741541,1101,46,0,0
22677496,1710,28,0,8,22634623,1892,50,0,0
22756093,1380,29,0,1,22642784,952,60,0,0
22725030,990,48,0,4,22708049,2111,73,0,0
22644174,1005,43,0,0,22721583,437,38,0,0
22707958,516,96,0,2,22653193,516,27,0,0
22759564,704,34,0,1,22691185,1660,90,0,0
22670453,215,94,0,2,22693359,669,19,0,0
22760628,891,35,0,1,22717655,530,77,0,0
22649112,749,38,0,3,22731040,930,54,0,0
22678361,686,63,0,1,22758894,1372,55,0,0
22699810,2027,223,0,3,22701948,1259,29,0,0
22675872,1666,26,0,0,22747279,799,22,0,0
22728088,590,25,0,1,22736620,1391,67,0,0
22703195,1856,70,0,1,22699680,949,17,0,0
22763219,1060,44,0,0,22737315,602,52,0,0
22727689,1664,51,0,3,22721522,632,68,0,1
22694958,567,27,0,2,22679306,722,27,0,0
22758842,1815,31,0,3,22699982,1139,47,0,0
22634280,2347,98,0,3,22718021,2537,20,0,0
22657895,1122,67,0,3,22689726,1147,71,0,0
22762573,673,27,0,0,22687468,961,42,0,0
22635003,973,41,0,1,22702353,674,55,0,0
22694107,815,48,0,8,22718202,1241,41,0,0
22672941,1050,32,0,3,22694044,2371,56,0,0
22649005,1072,41,0,2,22762540,1430,58,0,0
22739097,1642,32,0,1,22637792,337,66,0,0
22763941,772,48,0,2,22681190,1113,36,0,0
22660730,1247,61,0,2,22705246,1777,36,0,0
22674412,1712,56,0,1,22747084,941,66,0,0
22669172,1726,26,0,2,22762959,989,46,0,0
22735354,1516,42,0,1,22668266,1013,63,0,0
22640806,1945,39,0,2,22750428,1693,57,0,0
22645044,1492,25,0,4,22666519,1759,41,0,0
22752555,895,23,0,4,22657574,1505,32,0,0
22698580,465,19,0,0,22705769,1288,26,0,0
22685999,809,31,0,1,22662188,1506,66,0,0
22671541,1311,43,0,1,22761516,876,63,0,0
22739305,628,67,0,2,22643268,1715,29,0,0
22765930,659,48,0,5,22648859,2517,59,0,0
22759162,778,75,0,0,22680731,1659,14,0,0
22714213,1515,47,0,3,22689664,101,75,0,0
22703993,1485,43,0,5,22752806,886,58,0,0
22644603,498,168,0,3,22679991,2368,39,0,0
22636953,534,33,0,1,22714790,753,35,0,0
22717035,660,114,0,0,22645077,920,68,0,0
22652759,332,52,0,2,22636690,1643,45,0,0
22725187,1996,32,0,0,22712781,1466,41,0,0
22647964,1027,37,0,0,22688386,2195,24,0,0
22725898,978,79,0,1,22765724,1812,45,0,0
22636207,2521,42,0,0,22717001,589,19,0,0
22706427,2137,52,0,3,22767087,927,42,0,0
22637188,1691,32,0,4,22710716,737,55,0,0
22694715,1606,54,0,3,22646449,796,32,0,0
22690678,1079,60,0,4,22697311,620,55,0,0
22639939,917,46,0,3,22730764,2357,68,0,0
22710430,405,41,0,2,22687735,1101,36,0,0
22649088,1808,71,0,8,22725871,965,38,0,0
22658081,1212,43,0,2,22689833,1190,91,0,0
22659409,651,77,0,1,22654943,613,231,0,0
22696949,794,29,0,4,22737598,730,33,0,0
22662629,1289,35,0,6,22654740,1937,38,0,0
22723743,861,77,0,1,22763443,1920,47,0,0
22718974,504,33,0,3,22648012,2111,56,0,0
22699395,1650,19,0,0,22641387,1716,32,0,0
22721786,831,42,0,4,22643656,814,17,0,0
22656737,843,64,0,11,22717547,537,37,0,0
22675470,1681,36,0,2,22760693,1182,56,0,0
22724280,953,75,0,0,22726596,997,39,0,0
22730559,2000,39,0,1,22752884,378,52,0,0
22684027,1810,39,0,5,22745805,927,29,0,0
22640869,666,238,0,2,22648405,634,17,0,0
22761841,693,77,0,3,22659648,1874,25,0,0
22657353,1604,47,0,2,22644356,728,36,0,0
22736246,641,72,0,7,22678085,658,32,0,0
22766404,438,33,0,1,22726843,622,68,0,0
22650760,1242,40,0,2,22676311,106,404,0,0
22730437,942,45,0,2,22668453,1347,14,0,0
22683073,587,56,0,3,22738777,657,75,0,0
22722663,1109,79,0,0,22648118,1512,110,0,0
22734575,1914,23,0,1,22768843,525,24,0,0
22743288,1700,61,0,3,22750535,1554,54,0,0
22759384,874,35,0,9,22750198,926,52,0,0
22730179,929,49,0,1,22760416,755,47,0,0
22675271,967,38,0,7,22742392,2580,34,0,0
22696043,154,54,0,1,22704363,575,26,0,0
22730692,870,40,0,1,22741850,2144,48,0,0
22645601,846,135,0,2,22669894,959,38,0,0
22654933,1312,47,0,2,22711562,330,31,0,0
22733843,1022,40,0,3,22707090,974,26,0,0
22690288,1951,35,0,0,22684064,930,51,0,0
22647623,1465,47,0,1,22753941,2021,28,0,0
22728323,695,69,0,1,22647148,1410,32,0,0
22767788,1168,30,0,5,22656893,732,60,0,0
22701014,1670,23,0,1,22705760,975,53,0,0
22654736,659,61,0,0,22734986,1337,53,0,0
22767134,1092,78,0,0,22696044,605,43,0,0
22642783,589,20,0,4,22718004,1216,42,0,0
22669554,1062,51,0,2,22765255,407,27,0,0
22712355,1245,46,0,2,22722643,194,51,0,0
22662448,1098,54,0,3,22664176,392,68,0,0
22648151,548,32,0,0,22679280,748,36,0,0
22646891,1039,527,0,2,22691959,124,59,0,0
22646044,811,25,0,1,22710408,1309,70,0,0
22763465,2166,53,0,2,22672234,738,39,0,0
22667289,755,78,0,5,22748774,1282,53,0,0
22693905,979,49,0,2,22762519,428,50,0,0
22670243,1380,35,0,4,22768475,1284,18,0,0
22655499,831,22,0,3,22645771,673,53,0,0
22704026,674,24,0,2,22766853,1402,21,0,0
22673616,2160,47,0,2,22647313,2191,39,0,0
22641631,1647,22,0,4,22702428,647,44,0,0
22693578,1657,29,0,1,22668062,767,41,0,0
22653332,1041,32,0,1,22704497,521,53,0,0
22755960,788,28,0,3,22703131,1527,55,0,0
22752925,1335,72,0,2,22711927,1441,27,0,0
22767469,836,83,0,3,22708229,107,71,0,0
22747486,1289,16,0,2,22660433,1828,52,0,0
22696417,845,55,0,5,22665859,1154,36,0,0
22659987,897,39,0,1,22685700,2328,44,0,0
22685633,398,50,0,5,22684943,779,50,0,0
22722122,2173,80,0,4,22689832,1255,30,0,0
22705711,705,35,0,0,22692863,850,35,0,0
22727072,262,42,0,2,22647036,1760,27,0,0
22738910,1993,34,0,3,22717206,759,23,0,0
22710276,1452,106,0,0,22694833,1301,38,0,0
22680539,1681,44,0,4,22743895,1587,28,0,0
22645703,1449,50,0,3,22713622,1357,25,0,0
22713489,1188,45,0,5,22745780,1575,30,0,0
22756120,460,75,0,3,22684573,605,54,0,0
22725122,1041,56,0,5,22759506,864,79,0,0
22688022,1473,62,0,3,22687276,704,31,0,0
22701646,2281,71,0,2,22702562,1085,79,0,0
22690287,1158,50,0,2,22758414,1193,53,0,0
22725920,1497,26,0,1,22648117,685,37,0,0
22666706,1376,39,0,4,22670331,2102,63,0,0
22659728,799,52,0,2,22693617,796,60,0,0
22677700,1358,60,0,0,22730958,1729,37,0,0
22659823,699,69,0,6,22752659,1194,22,0,0
22758237,1456,36,0,0,22683198,321,33,0,0
22693146,296,73,0,0,22644838,1285,72,0,0
22713585,1801,25,0,1,22754443,1584,26,0,0
22651262,759,86,0,17,22719466,648,29,0,0
22726360,597,46,0,3,22659349,1754,51,0,0
22680206,898,26,0,1,22718118,1275,82,0,0
22738886,1192,76,0,0,22712152,478,59,0,0
22647996,645,43,0,5,22695288,935,47,0,0
22652320,1456,119,0,0,22685209,620,25,0,0
22666868,766,41,0,0,22717416,1809,31,0,0
22722824,2130,38,0,0,22688702,829,55,0,0
22659191,1196,78,0,6,22749171,1182,68,0,0
22651710,701,65,0,1,22700574,1340,41,0,0
22664909,1447,37,0,0,22741240,1197,42,0,0
22644673,1540,39,0,1,22699301,312,64,0,0
22746799,790,23,0,2,22683429,2117,40,0,0
22661788,1659,41,0,6,22697831,872,40,0,0
22737446,1714,55,0,1,22690966,1276,38,0,0
22769516,1325,37,0,2,22668520,1133,59,0,0
22657521,1951,27,0,0,22703302,1351,48,0,0
22753733,1660,43,0,0,22677758,861,48,0,0
22716921,1222,23,0,4,22741267,1336,43,0,0
22672936,621,86,0,6,22740766,1467,57,0,0
22722565,1112,39,0,2,22647820,1396,34,0,0
22714037,1062,28,0,13,22720574,1632,29,0,0
22736718,559,58,0,1,22665217,903,128,0,0
22729418,549,38,0,0,22666717,740,28,0,0
22703159,1824,46,0,1,22752454,1897,16,0,0
22651036,2032,44,0,4,22672314,719,77,0,0
22673253,1072,65,0,0,22715267,2304,125,0,0
22739939,485,55,0,2,22728540,1297,77,0,0
22657068,843,57,0,12,22730790,1204,105,0,0
22698433,1084,46,0,0,22718241,471,39,0,0
22735408,780,32,0,0,22658623,1120,40,0,0
22725415,1081,40,0,11,22694924,814,107,0,0
22693531,1216,58,0,1,22730465,1638,44,0,0
22658454,2282,19,0,4,22650953,1914,93,0,0
22658499,1848,48,0,1,22698879,885,28,0,0
22743425,1200,98,0,0,22687060,1037,60,0,0
22767230,2523,44,0,0,22711702,1363,56,0,0
22723152,1652,55,0,6,22753456,1345,50,0,0
22665939,1611,28,0,8,22665881,697,86,0,0
22648234,1544,57,0,2,22741671,401,35,0,0
22759875,1950,35,0,3,22716649,676,28,0,0
22734589,1445,62,0,0,22676912,696,65,0,0
22727251,1114,41,0,1,22718812,515,61,0,0
22740363,609,56,0,5,22708256,2236,31,0,0
22656516,1575,69,0,3,22750820,2361,36,0,0
22766423,867,68,0,9,22667646,1559,69,0,0
22748186,987,26,0,2,22755718,764,38,0,0
22680677,1268,67,0,0,22738722,1888,74,0,0
22723530,366,67,0,2,22746936,1668,22,0,0
22714975,1876,94,0,3,22651222,1322,32,0,0
22698148,664,49,0,7,22752203,914,53,0,0
22654496,1884,64,0,5,22721191,534,50,0,0
22651133,741,24,0,10,22668360,1275,30,0,0
22701220,1782,24,0,0,22733613,286,63,0,0
22741415,1086,47,0,2,22776165,1220,32,0,0
22694091,801,61,0,3,22656791,826,33,0,0
22650332,203,58,0,3,22666122,1346,53,0,0
22761915,540,96,0,1,22667022,1163,68,0,0
22672020,2353,34,0,1,22752633,944,26,0,0
22661223,818,29,0,3,22653571,2298,26,0,0
22734053,1185,38,0,1,22711223,1455,60,0,0
22736735,1282,78,0,2,22690498,1949,38,0,0
22735119,1642,36,0,1,22742485,2308,29,0,0
22730585,459,71,0,0,22776309,417,97,0,0
22648347,1077,42,0,1,22707198,2046,52,0,0
22769704,967,87,0,4,22700317,790,41,0,0
22755786,1877,35,0,0,22692049,1392,27,0,0
22763690,1746,40,0,1,22720010,1510,46,0,0
22771013,180,198,0,1,22773060,1762,43,0,0
22743456,695,68,0,2,22712130,693,17,0,0
22656312,1438,74,0,2,22751543,828,21,0,0
22706287,1484,36,0,3,22657359,755,45,0,0
22705100,721,28,0,0,22648892,1427,35,0,0
22666238,1585,86,0,0,22725508,2422,39,0,0
22701336,1773,20,0,0,22750062,1209,39,0,0
22700287,1583,30,0,5,22685554,647,53,0,0
22650475,1294,35,0,1,22682696,1797,67,0,0
22672269,1533,46,0,0,22650191,679,22,0,0
22736345,698,25,0,10,22690016,2278,35,0,0
22694568,776,33,0,1,22759047,1622,39,0,0
22744273,659,60,0,3,22700926,1316,81,0,0
22768273,1629,47,0,0,22697484,1896,32,0,0
22727690,1511,24,0,4,22668125,1745,61,0,0
22702998,2236,29,0,1,22776976,1025,19,0,0
22649608,996,40,0,3,22715715,824,63,0,0
22665704,1762,63,0,5,22648369,1032,38,0,0
22724743,1198,49,0,1,22664672,792,28,0,0
22656825,684,33,0,3,22656178,470,58,0,0
22752631,204,23,0,0,22655613,1586,48,0,0
22725078,637,24,0,3,22703370,1877,90,0,0
22774825,1092,55,0,1,22757176,2056,32,0,0
22722954,1182,22,0,3,22763748,170,94,0,0
22756123,1146,91,0,0,22766627,1660,25,0,0
22665482,1451,35,0,3,22776958,1866,23,0,0
22693483,360,51,0,2,22668147,1132,31,0,0
22753525,603,51,0,2,22655760,1099,26,0,1
22664436,709,33,0,2,22726141,730,51,0,0
22654298,1630,56,0,3,22766579,857,34,0,0
22647292,1872,43,0,2,22723870,1672,33,0,0
22674893,976,40,0,4,22735041,610,23,0,0
22732853,591,24,0,1,22685725,460,63,0,0
22671994,685,63,0,0,22672689,799,57,0,0
22697264,994,34,0,2,22712175,715,49,0,0
22754106,1641,64,0,2,22705250,984,35,0,0
22722174,986,61,0,5,22727029,606,46,0,0
22675493,2537,22,0,1,22760896,1023,44,0,0
22651168,1004,21,0,18,22672126,2566,36,0,0
22700327,1446,61,0,3,22698625,1646,50,0,0
22682101,1345,36,0,2,22770044,1268,46,0,0
22698409,1272,43,0,0,22718540,221,35,0,0
22773514,760,38,0,2,22750815,1085,27,0,0
22777593,511,52,0,1,22687189,1237,17,0,0
22699698,958,61,0,1,22718503,1176,29,0,0
22764423,886,20,0,0,22778555,927,78,0,0
22746023,1133,65,0,0,22750162,576,46,0,0
22741763,1204,16,0,3,22683414,1304,56,0,0
22758696,1295,58,0,1,22697315,427,27,0,0
22692052,776,45,0,1,22683053,2134,30,0,0
22722891,574,83,0,1,22705183,347,75,0,0
22746418,761,24,0,2,22654592,1366,60,0,0
22703311,1121,34,0,2,22689757,2151,67,0,0
22665536,1038,28,0,1,22778357,698,61,0,0
22771883,490,35,0,1,22693386,1531,57,0,0
22698064,1120,35,0,3,22746058,1951,41,0,0
22771850,485,65,0,1,22676222,976,68,0,0
22779875,1928,41,0,4,22735233,2071,32,0,0
22768107,1182,30,0,0,22758694,926,78,0,0
22650905,710,36,0,2,22668636,641,58,0,0
22687010,1326,48,0,1,22742896,1491,205,0,0
22722740,1182,52,0,1,22744825,1804,41,0,0
22664675,2021,19,0,3,22759911,1332,42,0,0
22745788,2059,46,0,2,22702390,1590,50,0,0
22742809,1669,40,0,0,22769917,412,81,0,0
22739277,1484,22,0,1,22776827,1038,33,0,0
22649192,654,149,0,3,22694390,934,20,0,0
22727692,828,51,0,0,22662588,1553,41,0,0
22771953,1197,129,0,1,22756631,1122,33,0,0
22716067,627,188,0,1,22702768,2020,46,0,0
22734370,1587,30,0,0,22707078,1347,31,0,0
22708813,976,40,0,1,22722658,2178,36,0,0
22668956,976,30,0,1,22720805,222,53,0,0
22691764,332,76,0,1,22724626,236,29,0,0
22658190,729,41,0,0,22778743,738,43,0,0
22680140,1692,29,0,4,22761768,1623,55,0,0
22700026,1118,99,0,0,22672636,1154,70,0,0
22685966,458,52,0,0,22781583,1379,43,0,0
22724838,468,41,0,0,22658317,842,41,0,0
22678615,1368,44,0,1,22668875,1881,105,0,0
22686389,1450,58,0,0,22772165,521,56,0,0
22729899,1533,24,0,0,22681989,1330,29,0,0
22693912,1855,23,0,0,22657635,453,144,0,0
22658464,1130,54,0,1,22771421,445,24,0,0
22686506,1308,29,0,1,22777597,1496,32,0,0
22714033,713,56,0,1,22735323,776,57,0,0
22741709,1191,28,0,1,22671916,1853,38,0,0
22730827,377,45,0,0,22691011,1692,51,0,0
22758261,1940,102,0,3,22661202,2273,58,0,0
22673738,692,51,0,5,22726900,1180,22,0,0
22773882,1994,31,0,5,22746121,1085,53,0,0
22763311,858,34,0,1,22701299,764,36,0,0
22663478,804,64,0,2,22722244,1082,67,0,0
22707803,1059,28,0,0,22718992,653,26,0,0
22712024,1353,57,0,1,22721086,710,31,0,0
22729482,880,80,0,3,22671075,171,42,0,0
22683200,988,50,0,5,22761980,512,123,0,0
22704324,871,49,0,1,22693370,2193,25,0,0
22741261,1731,46,0,1,22754631,1513,29,0,0
22701181,1107,67,0,0,22782569,1068,45,0,0
22724276,1890,54,0,2,22659901,1243,51,0,0
22675818,1627,58,0,1,22730674,1964,57,0,0
22775753,537,71,0,0,22688397,1242,40,0,0
22686889,1386,34,0,4,22660624,406,66,0,0
22682835,672,77,0,0,22741800,997,87,0,0
22671919,406,33,0,0,22740406,968,61,0,0
22710385,307,73,0,2,22673560,1037,17,0,0
22714036,1046,44,0,0,22716478,1061,37,0,0
22692103,799,33,0,0,22773600,2382,19,0,0
22706920,1668,38,0,4,22685233,580,38,0,0
22783309,1441,39,0,1,22769914,1013,41,0,0
22666206,1843,59,0,4,22715733,1374,44,0,0
22707764,1225,85,0,3,22726364,772,62,0,0
22728095,1622,33,0,4,22654999,364,40,0,0
22717837,1912,34,0,1,22666045,1286,55,0,0
22706960,1559,38,0,2,22696529,860,33,0,0
22712403,1086,32,0,2,22710427,966,53,0,0
22706126,250,73,0,4,22712083,1074,72,0,0
22743110,1327,56,0,2,22709675,1788,31,0,0
22663033,698,49,0,0,22773727,943,52,0,0
22679416,1149,52,0,3,22652996,328,26,0,0
22717374,936,51,0,2,22727797,983,18,0,0
22749951,571,48,0,3,22683933,1392,56,0,0
22773305,983,37,0,1,22754886,977,32,0,0
22666694,1793,34,0,4,22712476,1636,59,0,0
22730220,626,76,0,0,22701510,1451,37,0,0
22779449,2270,41,0,0,22723690,877,16,0,0
22772783,968,50,0,3,22721915,636,56,0,0
22695051,2191,38,0,2,22756243,730,35,0,0
22667878,1219,52,0,3,22691666,1102,56,0,0
22685921,2122,46,0,1,22653014,2183,21,0,0
22750796,972,91,0,7,22745785,1869,58,0,0
22749887,1240,44,0,7,22665880,713,32,0,0
22744639,2191,45,0,1,22740343,897,82,0,0
22667002,754,40,0,1,22780219,600,34,0,0
22783089,1328,35,0,0,22740149,1117,32,0,0
22689733,1698,63,0,1,22732385,1670,21,0,0
22762921,2133,59,0,6,22662608,2012,53,0,0
22668726,1153,37,0,2,22676113,2050,26,0,0
22745131,1491,27,0,7,22705533,1583,56,0,0
22713809,1674,54,0,0,22720393,1759,43,0,0
22681570,2157,38,0,1,22697861,494,35,0,0
22770639,709,61,0,0,22655961,529,59,0,0
22695648,1135,47,0,0,22783127,547,45,0,0
22717496,645,30,0,6,22775777,2568,31,0,0
22763060,773,69,0,5,22776474,2380,61,0,0
22716555,1755,24,0,9,22672014,1262,17,0,0
22707935,1394,52,0,0,22736842,1081,68,0,0
22757931,2526,70,0,3,22662809,2021,26,0,0
22669569,964,56,0,3,22682380,435,54,0,0
22740129,1691,65,0,1,22772770,511,59,0,0
22722161,518,33,0,1,22657768,987,47,0,0
22675353,1843,44,0,0,22782562,692,33,0,0
22753309,2111,36,0,2,22693001,1766,43,0,0
22732114,1249,34,0,0,22747984,1294,55,0,0
22655963,821,75,0,1,22739696,1022,16,0,0
22724677,355,53,0,3,22731060,690,44,0,0
22764823,623,33,0,1,22672424,1758,54,0,0
22693135,1025,45,0,1,22731160,737,47,0,0
22670080,2399,44,0,2,22686472,833,49,0,0
22713692,923,30,0,2,22677153,493,30,0,0
22733514,1305,34,0,1,22731554,1038,50,0,0
22709612,1568,45,0,9,22658456,1267,68,0,0
22658631,1197,44,0,4,22699338,1763,54,0,0
22704953,1444,44,0,0,22728180,565,43,0,0
22689192,950,96,0,5,22695888,1316,49,0,0
22766779,1332,38,0,2,22662198,2253,60,0,0
22678153,1311,31,0,2,22743535,1092,54,0,0
22687686,1243,25,0,5,22698955,129,50,0,0
22715739,2233,35,0,0,22732596,942,37,0,0
22679102,1119,26,0,1,22678794,815,17,0,0
22752877,665,38,0,0,22708408,1010,52,0,0
22717862,1199,52,0,2,22683465,305,66,0,0
22785375,1859,25,0,1,22761780,818,52,0,0
22726108,1958,62,0,1,22751721,2327,52,0,0
22784423,801,68,0,1,22694068,1224,83,0,0
22661486,1940,21,0,2,22694183,218,113,0,0
22679081,1491,53,0,1,22752397,1000,33,0,0
22707671,1002,33,0,3,22767012,623,81,0,0
22768766,990,64,0,8,22781403,1255,57,0,0
22694415,1339,38,0,1,22783598,749,41,0,0
22760053,920,53,0,1,22657698,1414,59,0,0
22738958,987,67,0,4,22747292,1022,47,0,0
22782141,1189,63,0,3,22737817,1587,73,0,0
22700758,1613,41,0,0,22744524,416,17,0,0
22769916,1635,50,0,4,22662733,1202,30,0,0
22737484,1490,22,0,1,22679126,852,71,0,0
22684807,675,60,0,0,22697185,1626,55,0,0
22754946,1808,49,0,1,22701303,1075,57,0,0
22775454,1887,20,0,1,22662236,143,49,0,0
22713189,1639,77,0,1,22773861,2137,45,0,0
22785817,1185,19,0,2,22763029,1992,49,0,0
22720710,650,32,0,1,22771894,1868,20,0,0
22678831,630,52,0,3,22666170,1111,36,0,0
22747301,1774,39,0,2,22683399,1693,67,0,0
22737046,1272,36,0,1,22762440,1151,47,0,0
22667493,982,44,0,4,22734706,286,82,0,0
22714940,642,50,0,1,22771592,1334,41,0,0
22690611,907,47,0,2,22718204,1685,45,0,0
22695732,325,23,0,6,22708805,1498,70,0,0
22783258,2013,29,0,7,22732865,1191,41,0,0
22716174,2154,82,0,4,22688909,634,36,0,0
22672316,1525,46,0,1,22709728,1524,41,0,0
22705811,669,42,0,1,22712812,1248,58,0,0
22727760,1165,19,0,3,22706724,1938,34,0,0
22693468,1777,42,0,4,22694711,1468,51,0,0
22728681,1045,49,0,2,22685355,1672,51,0,0
22708522,1008,51,0,4,22664673,2142,30,0,0
22781391,1501,48,0,5,22757435,2019,51,0,0
22766380,1569,33,0,1,22727459,1267,55,0,0
22704431,1062,44,0,6,22789600,881,37,0,0
22729159,1136,47,0,4,22708182,2268,67,0,0
22664834,466,74,0,0,22758761,2328,41,0,0
22736800,1807,68,0,5,22741999,1450,64,0,0
22720915,2248,17,0,0,22774895,1505,48,0,0
22686006,1483,29,0,1,22710836,1692,49,0,0
22781905,495,20,0,2,22786625,2322,38,0,0
22781105,857,64,0,2,22742270,1444,51,0,0
22759392,2157,90,0,0,22785298,655,44,0,0
22764286,1733,49,0,3,22740609,1201,33,0,0
22738768,1273,27,0,0,22685099,693,67,0,0
22762590,1650,67,0,7,22769309,1080,34,0,0
22695226,282,52,0,1,22707943,406,46,0,0
22692976,1103,68,0,3,22742103,2599,47,0,0
22741319,1586,53,0,3,22749176,453,35,0,0
22710552,1353,53,0,1,22769129,380,25,0,0
22732721,1348,31,0,1,22662062,2349,37,0,0
22685563,1324,55,0,1,22677257,765,104,0,0
22738167,1377,71,0,0,22777637,208,108,0,0
22774855,1244,46,0,5,22773365,969,41,0,0
22734347,1628,59,0,8,22709916,1690,54,0,0
22752779,681,38,0,0,22741398,2188,32,0,0
22714735,662,73,0,1,22660179,2027,50,0,0
22775578,755,43,0,2,22782783,1075,45,0,0
22764974,764,36,0,1,22682312,977,40,0,0
22765934,1254,45,0,8,22724996,638,45,0,0
22764595,1263,54,0,1,22730885,1679,21,0,0
22734529,887,21,0,1,22704814,835,65,0,0
22769089,815,25,0,0,22683018,2007,69,0,0
22789478,836,56,0,0,22782974,951,23,0,0
22660361,1390,40,0,1,22732861,1372,53,0,0
22698527,477,80,0,1,22662857,1033,39,0,0
22748332,669,54,0,5,22734050,1092,58,0,0
22693251,226,135,0,11,22717692,2039,38,0,0
22678993,1000,44,0,2,22689963,1606,68,0,0
22719316,955,18,0,2,22788919,549,16,0,0
22768082,689,58,0,2,22750906,2046,45,0,0
22673765,1373,15,0,1,22663676,851,69,0,0
22707873,1035,37,0,0,22683080,1369,12,0,0
22706174,662,17,0,2,22689512,1187,59,0,0
22687772,2626,35,0,0,22663470,857,100,0,0
22689536,442,54,0,6,22667166,1173,36,0,0
22671129,1640,44,0,0,22707401,840,71,0,0
22754238,1765,54,0,1,22718413,1121,66,0,0
22727324,1031,28,0,1,22684173,417,74,0,0
22668821,1171,40,0,1,22702796,2263,49,0,0
22705496,1540,41,0,2,22702621,1658,59,0,0
22716236,1862,59,0,7,22684912,1467,59,0,0
22717538,1534,29,0,0,22679525,1339,57,0,0
22679804,1746,57,0,1,22666945,1358,50,0,0
22705056,523,26,0,2,22713285,1142,22,0,0
22792449,862,81,0,1,22687895,1013,24,0,0
22702941,1622,62,0,2,22713737,1081,55,0,0
22680382,749,23,0,8,22786571,1003,49,0,0
22712714,654,77,0,6,22758004,1132,47,0,0
22703906,1834,54,0,2,22724172,542,67,0,0
22672619,190,56,0,5,22792118,269,59,0,0
22792160,842,74,0,2,22713466,1365,29,0,0
22788861,1295,40,0,2,22726683,1694,32,0,0
22686819,603,40,0,1,22732937,475,36,0,0
22680974,272,68,0,2,22682176,1026,87,0,0
22694242,894,26,0,3,22731180,504,41,0,0
22728842,276,101,0,1,22713948,1274,25,0,0
22706193,2203,36,0,0,22718956,1187,56,0,0
22722660,1163,31,0,3,22724812,1532,74,0,0
22779858,641,24,0,2,22698626,2203,40,0,0
22687855,1582,44,0,1,22704726,788,41,0,0
22667585,339,93,0,4,22699630,1915,15,0,0
22774673,1164,30,0,4,22772990,422,50,0,0
22758491,1630,43,0,2,22725882,1201,40,0,0
22791034,1126,54,0,0,22744079,943,55,0,0
22711633,950,52,0,0,22691292,1793,55,0,0
22747897,1181,57,0,0,22704316,959,44,0,0
22772710,1726,42,0,1,22661992,1832,60,0,0
22739263,1703,66,0,1,22761989,444,18,0,0
22791628,677,107,0,5,22760013,619,25,0,0
22722992,1781,22,0,1,22763323,1009,74,0,0
22682235,1169,34,0,1,22718040,858,32,0,0
22752154,1150,54,0,4,22765944,1184,30,0,0
22680309,1295,56,0,0,22726747,915,18,0,0
22760787,1860,62,0,1,22704310,1661,41,0,0
22680925,1430,53,0,5,22774057,1424,22,0,0
22707489,1447,22,0,0,22684751,1833,23,0,0
22735660,1170,39,0,1,22693212,1108,24,0,0
22747095,1032,33,0,5,22694540,1370,58,0,0
22746434,691,25,0,0,22672420,1346,45,0,0
22702398,1190,25,0,0,22756836,1333,44,0,0
22673834,509,29,0,0,22780249,1181,36,0,0
22711084,1302,37,0,2,22782082,1467,33,0,0
22663667,517,41,0,3,22674391,1869,54,0,0
22671020,1350,21,0,2,22686072,1236,64,0,0
22672734,799,57,0,2,22705425,1593,38,0,0
22773714,252,31,0,6,22680088,1240,28,0,0
22736048,1213,25,0,2,22700512,1097,101,0,0
22682940,932,33,0,6,22755529,1749,64,0,0
22757326,1370,46,0,2,22761955,1089,26,0,0
22757050,461,96,0,1,22708700,1187,53,0,0
22667598,1081,90,0,2,22681354,1591,21,0,0
22724797,1034,43,0,1,22726805,221,64,0,0
22762262,644,44,0,1,22726786,1483,24,0,0
22679383,1100,38,0,1,22745908,866,64,0,0
22677003,1347,19,0,3,22719527,988,27,0,0
22789444,328,34,0,3,22731382,538,41,0,0
22763129,1495,47,0,4,22731594,749,46,0,0
22668171,936,29,0,2,22793990,1347,33,0,0
22776672,1242,46,0,3,22722085,1140,88,0,0
22692934,1882,40,0,4,22746763,2300,17,0,0
22796749,1193,49,0,6,22747652,803,63,0,0
22780922,1645,27,0,1,22665636,1094,39,0,0
22687902,811,36,0,3,22668000,972,29,0,0
22766508,1606,38,0,1,22739071,732,20,0,0
22779212,1547,22,0,3,22736463,882,51,0,0
22701070,1087,33,0,1,22743432,1209,34,0,0
22669204,1211,60,0,4,22671423,541,68,0,0
22703864,1182,82,0,6,22762380,1305,44,0,0
22680513,627,40,0,1,22736504,994,47,0,0
22757958,471,29,0,3,22752030,1646,32,0,0
22729050,1499,17,0,1,22682048,1382,25,0,0
22756322,1009,23,0,4,22760977,953,42,0,0
22769470,1648,72,0,1,22676558,686,26,0,0
22778335,1183,95,0,6,22683138,638,18,0,0
22723617,849,57,0,0,22749688,1838,68,0,0
22670466,2191,55,0,3,22696718,916,19,0,0
22718364,1465,71,0,2,22700932,456,59,0,0
22774021,649,87,0,0,22744965,1285,48,0,0
22684677,290,51,0,1,22731826,1242,38,0,0
22721742,1701,49,0,1,22751470,1408,49,0,0
22703658,957,30,0,1,22679716,1071,60,0,0
22691376,1860,41,0,3,22768518,1116,19,0,0
22786524,1637,27,0,1,22672030,2357,72,0,0
22717985,695,28,0,1,22729124,2166,42,0,0
22766919,1437,44,0,6,22726884,720,28,0,0
22765122,1602,38,0,2,22698887,1134,44,0,0
22666108,1094,71,0,3,22780298,1043,38,0,0
22676306,1483,27,0,2,22714515,700,62,0,0
22698764,1294,50,0,1,22786932,693,73,0,0
22742232,1239,60,0,8,22775029,652,67,0,0
22740107,1932,44,0,7,22722805,1292,45,0,0
22709108,1457,46,0,1,22744868,1679,43,0,0
22793050,165,57,0,2,22752924,327,45,0,0
22792415,1094,81,0,5,22746405,922,22,0,0
22697115,846,20,0,1,22783793,1069,26,0,0
22721568,1131,31,0,4,22690278,1106,59,0,0
22782496,2083,38,0,4,22671604,1008,64,0,0
22686212,803,106,0,2,22669508,1176,127,0,0
22686807,372,58,0,3,22731268,1531,40,0,0
22717268,1164,43,0,4,22727995,1243,64,0,0
22711065,1626,48,0,0,22780078,1396,33,0,0
22707161,2639,30,0,1,22760240,1028,83,0,0
22680039,939,50,0,3,22674866,1072,42,0,0
22667816,771,30,0,2,22764385,1068,19,0,0
22670373,1350,34,0,2,22678829,743,40,0,0
22740607,213,36,0,0,22739775,825,97,0,0
22781707,877,61,0,0,22693971,1062,34,0,0
22760401,446,60,0,2,22696293,1581,46,0,0
22686778,902,78,0,3,22789568,2360,39,0,0
22709863,384,71,0,1,22718260,864,56,0,0
22783925,388,76,0,0,22689795,647,60,0,0
22753115,600,31,0,3,22703472,979,55,0,0
22732670,2176,39,0,3,22740095,718,62,0,0
22672548,1013,19,0,0,22669351,1597,38,0,0
22786681,608,28,0,8,22725043,1273,41,0,0
22673065,829,49,0,0,22745543,505,39,0,0
22712759,1194,48,0,5,22737260,878,16,0,0
22744053,1878,51,0,0,22794995,2356,36,0,0
22710149,1345,50,0,1,22726038,884,63,0,0
22764305,934,87,0,1,22794602,1826,19,0,0
22714239,1148,75,0,2,22732815,970,53,0,0
22699508,2493,26,0,4,22788083,1673,58,0,0
22717442,1837,25,0,1,22685630,2223,40,0,0
22733477,719,53,0,1,22796057,1153,46,0,0
22703562,103,48,0,1,22677882,1223,32,0,0
22783264,1126,70,0,2,22745662,2291,45,0,0
22790237,1064,26,0,3,22713712,1580,33,0,0
22784061,1775,21,0,2,22667200,1497,44,0,0
22715018,1195,68,0,1,22743913,2249,49,0,0
22691030,2081,46,0,2,22789218,988,19,0,0
22762308,431,57,0,7,22802036,1539,67,0,0
22754137,686,57,0,1,22686044,1499,34,0,0
22696370,1054,74,0,3,22760575,981,52,0,0
22685638,1677,42,0,10,22779182,1533,26,0,0
22797722,894,52,0,1,22778537,1556,46,0,0
22696592,912,69,0,1,22789038,1548,36,0,0
22672363,1144,73,0,1,22734820,911,44,0,0
22701200,721,30,0,3,22756410,808,56,0,0
22726635,2569,48,0,4,22727721,401,65,0,0
22704796,624,42,0,3,22688337,1240,46,0,0
22698888,1223,50,0,1,22669742,1294,60,0,0
22679947,1372,44,0,1,22748366,2380,68,0,0
22711764,1237,24,0,1,22689593,1065,51,0,0
22798696,821,27,0,4,22675585,489,84,0,0
22790489,606,44,0,2,22699565,434,39,0,0
22674621,697,77,0,5,22678972,852,32,0,0
22670404,1120,38,0,1,22742469,1170,38,0,0
22693547,1131,27,0,0,22768792,466,48,0,0
22699475,677,62,0,3,22740304,1181,46,0,0
22731407,1558,70,0,0,22764160,820,25,0,0
22792698,206,54,0,1,22760771,1035,30,0,0
22693038,1371,27,0,1,22767751,663,41,0,0
22702556,891,33,0,1,22726534,996,27,0,0
22715170,1387,76,0,3,22735893,1459,155,0,0
22791187,660,53,0,2,22702002,810,165,0,0
22740423,1463,48,0,1,22671928,647,39,0,0
22748468,997,50,0,1,22684242,956,61,0,0
22730001,2102,51,0,1,22764303,855,52,0,0
22734421,1005,29,0,1,22688144,101,94,0,0
22731365,1123,39,0,2,22685457,672,90,0,0
22768543,746,18,0,2,22757205,741,23,0,0
22782977,2084,42,0,2,22673343,1941,65,0,0
22715408,887,51,0,1,22678954,1990,50,0,0
22762874,1082,61,0,2,22745733,943,49,0,0
22743739,1008,52,0,4,22723205,1471,47,0,0
22749875,217,131,0,7,22749008,1314,44,0,0
22696786,1269,39,0,2,22706974,780,53,0,0
22682672,1277,69,0,2,22725925,1447,27,0,0
22682294,1032,48,0,2,22715229,2188,34,0,0
22754442,1503,91,0,0,22707306,1663,74,0,0
22788507,852,41,0,0,22688755,559,48,0,0
22759850,715,62,0,2,22730673,149,33,0,0
22737372,1406,50,0,1,22744859,221,46,0,0
22786008,2179,71,0,1,22670086,1378,34,0,0
22766108,1153,60,0,4,22690173,1832,44,0,0
22733659,600,53,0,1,22693081,961,32,0,0
22709085,1110,25,0,2,22742179,492,33,0,0
22724246,2473,57,0,1,22730311,672,25,0,0
22670356,1775,45,0,3,22711566,834,71,0,0
22671968,547,74,0,4,22681594,2193,29,0,0
22752846,1943,23,0,0,22730821,2220,53,0,0
22801009,1118,44,0,3,22687654,360,52,0,0
22722522,720,26,0,0,22767122,593,35,0,0
22788267,807,41,0,2,22674032,1209,45,0,0
22683227,1127,57,0,2,22686192,1724,18,0,0
22776195,854,57,0,1,22710415,2170,40,0,0
22690945,1117,33,0,0,22722002,2108,44,0,0
22750324,301,37,0,2,22777293,1690,30,0,0
22736145,1541,53,0,2,22759548,1736,30,0,0
22747568,529,49,0,2,22764274,565,45,0,0
22756561,2207,29,0,2,22746382,669,45,0,0
22725047,1709,31,0,2,22696070,702,55,0,0
22803487,1169,52,0,2,22760965,1143,60,0,0
22697978,685,60,0,0,22684618,1641,59,0,0
22783547,1295,65,0,2,22675632,1405,26,0,0
22685916,922,31,0,5,22787054,116,91,0,0
22747993,1076,30,0,0,22793841,887,23,0,0
22793405,2324,49,0,2,22728085,2158,48,0,0
22766177,1020,25,0,0,22693127,1254,85,0,0
22791673,2476,47,0,0,22735750,374,97,0,0
22755156,353,24,0,0,22785471,1850,38,0,0
22759077,170,70,0,6,22731414,934,21,0,0
22743768,1598,38,0,0,22716243,773,28,0,0
22783777,1254,96,0,1,22802421,2438,30,0,0
22728609,1059,43,0,1,22715221,2428,26,0,0
22751712,750,28,0,7,22794460,980,65,0,0
22715257,1033,31,0,2,22727338,1890,21,0,0
22741764,2090,23,0,2,22773460,1204,19,0,0
22723874,981,33,0,8,22734770,1264,80,0,0
22773427,2464,35,0,1,22676827,1298,49,0,0
22807195,1555,86,0,0,22773335,969,34,0,0
22704065,1526,15,0,3,22733082,1661,72,0,0
22705950,2348,38,0,1,22747678,2255,43,0,0
22739607,1098,57,0,0,22733735,690,49,0,0
22753178,1436,60,0,5,22738023,1260,33,0,0
22763827,1048,24,0,2,22805063,401,33,0,0
22790438,674,59,0,2,22787480,922,58,0,0
22673867,1479,30,0,5,22718570,2308,30,0,0
22726282,2183,19,0,5,22694024,1767,56,0,0
22684355,859,22,0,1,22688737,1630,37,0,0
22724903,1803,61,0,2,22758405,1143,56,0,0
22756014,528,91,0,1,22705598,991,207,0,0
22734829,461,27,0,11,22804325,1018,53,0,0
22765079,115,42,0,1,22716583,260,27,0,0
22725322,648,42,0,2,22735645,2397,30,0,0
22696671,1628,38,0,0,22725640,883,46,0,0
22770231,1663,54,0,0,22734772,927,31,0,0
22724171,1346,30,0,1,22768197,1282,42,0,0
22770993,866,70,0,3,22709187,219,53,0,0
22744778,1191,64,0,2,22752499,606,40,0,0
22790581,883,39,0,4,22705306,1254,49,0,0
22726402,242,75,0,5,22784202,454,90,0,0
22800132,1043,41,0,0,22737882,1078,29,0,0
22728850,1344,47,0,4,22753896,1224,35,0,0
22798772,1669,32,0,1,22687134,492,63,0,0
22700014,227,27,0,0,22733900,2142,34,0,0
22788343,1341,58,0,9,22733733,1421,71,0,0
22708210,438,79,0,2,22766634,857,53,0,0
22708033,1573,51,0,5,22801454,2187,39,0,0
22722484,1885,30,0,0,22681826,1732,31,0,0
22711448,1090,48,0,2,22792445,1248,26,0,0
22718598,739,53,0,0,22753725,883,34,0,0
22808707,1341,67,0,2,22802102,448,40,0,0
22779020,693,83,0,0,22704284,1085,30,0,0
22695419,834,69,0,3,22686353,717,36,0,0
22709434,775,296,0,3,22806098,1272,153,0,0
22698738,946,24,0,1,22751061,1386,51,0,0
22764760,328,220,0,1,22679322,772,23,0,0
22729730,1217,80,0,3,22737467,921,41,0,0
22773198,999,31,0,1,22733569,1104,23,0,0
22688011,1482,32,0,3,22712311,1207,56,0,0
22750210,626,63,0,2,22779286,2117,34,0,0
22766662,280,59,0,1,22802094,2182,65,0,0
22707353,1424,53,0,0,22786079,1031,31,0,0
22740207,327,64,0,2,22779149,2102,72,0,0
22709698,1180,70,0,5,22758819,1869,64,0,0
22785228,421,39,0,1,22763831,1909,107,0,0
22802434,254,40,0,0,22697325,1084,68,0,0
22782221,1400,68,0,0,22767855,1560,34,0,0
22739752,635,139,0,0,22690542,1723,44,0,0
22744554,1123,57,0,4,22686169,1372,63,0,0
22706009,146,48,0,2,22721955,915,51,0,0
22745969,1920,30,0,0,22788231,1655,54,0,0
22732034,786,48,0,12,22707702,1094,25,0,0
22795235,1981,25,0,3,22714468,1226,58,0,0
22733611,972,43,0,0,22711787,1473,55,0,0
22780469,1344,77,0,5,22681097,588,57,0,0
22758216,907,76,0,2,22739063,1571,138,0,0
22770668,1128,39,0,0,22712689,1971,54,0,0
22750180,1639,92,0,2,22780401,292,59,0,0
22777326,717,38,0,4,22791682,2526,30,0,0
22684910,342,26,0,2,22754411,392,23,0,0
22686598,630,46,0,3,22763781,1915,59,0,0
22709247,1524,136,0,0,22697839,1375,45,0,0
22699076,446,80,0,3,22720296,1051,205,0,0
22797041,930,38,0,2,22712193,342,50,0,0
22707636,245,38,0,10,22792564,658,40,0,0
22693563,2384,24,0,0,22682299,1104,37,0,0
22728478,1704,78,0,9,22748635,220,38,0,0
22676281,822,62,0,6,22715662,1722,24,0,0
22700345,594,71,0,10,22740003,1713,35,0,0
22811457,1866,29,0,1,22744724,1870,73,0,0
22744313,718,36,0,2,22730407,891,23,0,0
22681518,532,27,0,2,22806611,921,39,0,0
22759023,1163,47,0,3,22680453,1400,27,0,0
22750041,1928,183,0,1,22726317,2215,39,0,0
22725282,1101,20,0,3,22721820,920,29,0,0
22781817,1680,53,0,1,22743667,1046,88,0,0
22752381,1564,40,0,1,22781419,962,71,0,0
22735896,1121,36,0,0,22726864,1474,44,0,0
22800323,551,53,0,0,22801609,1134,85,0,0
22678860,751,66,0,0,22743691,1189,42,0,0
22755757,1569,58,0,1,22763885,615,36,0,0
22774424,1281,29,0,0,22764407,862,36,0,0
22762808,1818,94,0,2,22693292,879,32,0,0
22714906,1079,61,0,0,22781357,816,63,0,0
22775636,782,86,0,2,22778446,2222,36,0,0
22723201,327,53,0,3,22738225,1019,44,0,0
22714316,1022,177,0,4,22761485,590,67,0,0
22782983,997,28,0,2,22737800,1629,53,0,0
22721056,650,48,0,4,22790200,1451,58,0,0
22794400,1486,39,0,2,22808749,1591,56,0,0
22748968,1746,28,0,2,22711110,1430,35,0,0
22700945,1184,23,0,3,22738420,928,92,0,0
22761096,644,76,0,0,22765013,1124,56,0,0
22778795,1748,30,0,2,22724201,695,36,0,0
22779160,1168,40,0,3,22694447,518,52,0,0
22731102,1934,28,0,0,22808066,1069,44,0,0
22801801,901,27,0,10,22748707,181,81,0,0
22769090,1640,41,0,0,22738833,1216,66,0,0
22802542,143,33,0,2,22743813,1031,160,0,0
22808595,1941,39,0,1,22790394,846,57,0,0
22688888,1676,54,0,1,22697735,1762,52,0,0
22758281,2046,18,0,1,22799890,826,41,0,0
22762200,1743,85,0,1,22781461,676,18,0,0
22782990,1354,53,0,4,22708745,826,88,0,0
22729753,1162,33,0,1,22808660,1192,33,0,0
22719464,2279,35,0,7,22800203,823,20,0,0
22804854,1181,60,0,1,22794180,789,40,0,0
22751560,1427,19,0,6,22763914,758,30,0,0
22681558,1105,47,0,9,22768374,1140,82,0,0
22690074,1118,62,0,2,22723899,395,50,0,0
22731775,1731,54,0,2,22752099,640,29,0,0
22766224,1869,67,0,5,22694589,1742,61,0,0
22683741,673,52,0,4,22809731,975,32,0,0
22814447,2174,25,0,1,22742455,1374,29,0,0
22736693,1453,44,0,0,22811549,234,26,0,0
22814017,1232,76,0,1,22693721,1003,31,0,0
22734372,2025,63,0,2,22729936,1377,23,0,0
22697774,934,32,0,1,22720929,684,33,0,0
22736666,1201,70,0,0,22774601,1884,36,0,0
22697791,1183,46,0,3,22796617,1954,21,0,0
22718060,1652,134,0,2,22708249,971,56,0,0
22798934,1326,32,0,1,22749370,1144,61,0,0
22687187,1934,27,0,2,22810567,650,46,0,0
22706000,939,33,0,6,22754398,1056,17,0,0
22708933,1651,69,0,0,22720893,1101,27,0,0
22729496,845,45,0,1,22680782,1119,64,0,0
22681562,619,71,0,2,22779926,1189,66,0,0
22788398,946,117,0,2,22805027,2146,34,0,0
22732980,988,61,0,1,22737681,703,60,0,0
22815731,2070,53,0,0,22697175,1250,17,0,0
22770294,1050,46,0,1,22732324,1062,37,0,0
22794985,2066,22,0,8,22813127,1185,72,0,0
22787241,2004,32,0,2,22721384,1381,49,0,0
22714604,1178,86,0,0,22758308,866,32,0,0
22780444,1853,57,0,0,22729032,1924,49,0,0
22692158,658,83,0,0,22725731,1679,24,0,0
22742599,1413,43,0,0,22701073,1701,61,0,0
22807722,1101,39,0,3,22759167,845,29,0,0
22756447,1104,55,0,0,22770049,704,30,0,0
22770457,2087,35,0,1,22738912,1233,50,0,0
22775407,693,22,0,1,22798604,790,41,0,0
22713736,1026,48,0,1,22688576,340,72,0,0
22793627,1575,121,0,2,22713829,1032,35,0,0
22738598,839,59,0,0,22767433,1340,71,0,0
22735383,2266,41,0,5,22796144,1110,29,0,0
22711368,2102,33,0,2,22710990,817,35,0,0
22723849,1130,41,0,4,22693844,1208,34,0,0
22683372,1839,27,0,4,22734620,1636,42,0,0
22754963,1984,73,0,0,22780068,795,22,0,0
22682953,742,41,0,2,22804552,894,46,0,0
22785306,985,47,0,0,22792069,845,23,0,0
22689953,1170,62,0,1,22811049,911,56,0,0
22808861,1989,47,0,2,22708562,223,56,0,0
22749802,1749,50,0,0,22737236,1536,183,0,0
22706807,2106,81,0,6,22724617,1110,36,0,0
22809587,918,49,0,3,22813888,769,61,0,0
22740767,1807,72,0,6,22760054,961,36,0,0
22684867,866,44,0,1,22798711,306,29,0,0
22790333,1239,39,0,0,22780985,810,34,0,0
22746925,1241,100,0,1,22693289,943,34,0,0
22684823,2146,39,0,0,22802228,1105,41,0,0
22741528,1659,28,0,0,22730157,1793,66,0,0
22697802,284,126,0,5,22816166,1666,34,0,0
22804975,1423,31,0,5,22689101,957,140,0,0
22772070,832,44,0,0,22703499,653,143,0,0
22774632,1888,101,0,3,22779846,2074,42,0,0
22724058,1921,48,0,3,22716950,1762,27,0,0
22774961,1776,68,0,6,22693742,765,37,0,0
22728791,476,31,0,1,22767423,1058,29,0,0
22716606,692,63,0,1,22783454,2225,53,0,0
22686041,1387,33,0,4,22812883,590,53,0,0
22800422,1381,32,0,2,22765083,2005,122,0,0
22814371,578,63,0,1,22753375,1194,31,0,0
22687553,1610,43,0,2,22769771,1032,30,0,0
22755365,1371,16,0,5,22727688,932,102,0,0
22720487,1805,43,0,3,22734862,1689,33,0,0
22706989,1044,43,0,1,22689522,633,69,0,0
22701057,945,42,0,0,22780103,1801,70,0,0
22715683,1368,184,0,0,22725564,924,31,0,0
22707990,1717,156,0,4,22693557,1132,41,0,0
22685404,1694,132,0,0,22703825,544,38,0,0
22694542,2273,30,0,3,22781967,1151,87,0,0
22793396,1679,71,0,2,22720872,1120,23,0,0
22711676,680,87,0,0,22804928,1101,30,0,0
22744767,728,27,0,1,22731286,2278,56,0,0
22727353,1461,33,0,0,22800693,794,42,0,0
22753741,1209,44,0,1,22815649,965,47,0,0
22817278,336,19,0,6,22695627,613,50,0,0
22744714,493,45,0,1,22809632,719,59,0,0
22702247,684,43,0,3,22738780,209,93,0,0
22786208,338,20,0,0,22717743,589,52,0,0
22686712,1201,50,0,1,22806648,1875,37,0,0
22774666,780,77,0,1,22736414,261,42,0,0
22738578,1134,115,0,6,22695469,906,48,0,0
22775697,1338,37,0,4,22808728,556,54,0,0
22754437,1087,40,0,4,22787601,762,29,0,0
22797605,861,38,0,9,22704194,139,273,0,0
22724187,1049,60,0,5,22702436,883,32,0,0
22735744,1018,39,0,1,22764026,2166,40,0,0
22796007,1011,58,0,3,22719473,1324,54,0,0
22765669,1705,72,0,1,22816344,982,67,0,0
22730328,1695,30,0,4,22720898,775,57,0,0
22748122,1184,41,0,5,22724579,1671,34,0,0
22709418,992,53,0,1,22728155,2016,30,0,0
22768460,398,72,0,1,22756971,1232,74,0,0
22716463,1074,51,0,0,22756282,623,50,0,0
22783016,1732,74,0,3,22775640,1567,34,0,0
22731710,1425,20,0,1,22753547,1649,55,0,0
22694228,428,31,0,0,22808923,582,34,0,0
22757909,880,87,0,1,22797645,1124,44,0,0
22736307,922,34,0,1,22749440,1037,74,0,0
22795290,1399,38,0,3,22764518,1334,28,0,0
22705450,410,44,0,6,22777855,919,58,0,0
22718530,1104,51,0,2,22735420,722,28,0,0
22820635,1540,38,0,7,22820916,1113,37,0,0
22769742,464,53,0,2,22773111,1192,66,0,0
22756045,1129,44,0,2,22705267,1916,37,0,0
22713819,1187,62,0,1,22749243,1310,34,0,0
22813740,1682,40,0,0,22802892,688,27,0,0
22815500,1390,35,0,2,22790111,1112,48,0,0
22763402,551,63,0,1,22754628,1632,22,0,0
22808594,1138,33,0,3,22780028,1927,43,0,0
22727248,830,53,0,2,22755276,981,67,0,0
22809356,1764,58,0,1,22765439,1501,38,0,0
22705318,995,63,0,2,22780323,1445,40,0,0
22694163,2336,49,0,3,22729000,887,53,0,0
22741825,1275,43,0,0,22712308,749,82,0,0
22735501,1575,33,0,1,22738797,805,32,0,0
22820790,1624,32,0,1,22710248,1367,48,0,0
22789394,736,21,0,0,22777877,1340,32,0,0
22792102,1175,41,0,4,22743120,415,21,0,1
22739974,1723,35,0,3,22743849,939,94,0,0
22749906,425,59,0,1,22717890,1449,37,0,0
22695114,1360,57,0,1,22771874,1004,51,0,0
22696762,935,35,0,3,22757547,1385,59,0,0
22780470,934,38,0,1,22744222,795,49,0,0
22751967,841,81,0,1,22760895,395,45,0,0
22720434,1890,26,0,8,22725837,829,28,0,0
22809609,1085,55,0,0,22813795,468,18,0,0
22810133,679,42,0,4,22746549,1059,40,0,0
22754590,1284,41,0,0,22795381,1701,83,0,0
22755946,1436,35,0,1,22795380,1906,28,0,0
22802085,695,28,0,2,22776727,1638,42,0,0
22760516,268,37,0,1,22766886,1150,44,0,0
22710099,1722,39,0,1,22794551,1124,42,0,0
22809389,882,37,0,1,22773703,1146,49,0,0
22706993,1132,58,0,1,22744484,1366,48,0,0
22703899,2051,39,0,2,22784091,2161,28,0,0
22790483,1135,55,0,8,22788040,1419,54,0,0
22760622,1905,46,0,0,22772078,802,41,0,0
22695372,1807,29,0,0,22818265,1026,106,0,0
22758496,1858,37,0,3,22784629,2163,18,0,0
22728471,2079,28,0,0,22702717,2156,41,0,0
22786861,889,54,0,0,22788235,850,36,0,0
22822680,933,74,0,6,22801745,1572,27,0,0
22780603,797,54,0,7,22722055,679,92,0,0
22718979,1087,51,0,4,22733540,1198,30,0,0
22783669,1043,47,0,0,22733452,1633,25,0,0
22747741,1428,37,0,0,22809913,1149,41,0,0
22821971,930,52,0,0,22691278,1171,47,0,0
22739917,220,96,0,0,22760197,1188,50,0,0
22703737,1641,14,0,0,22766860,667,34,0,0
22721385,888,68,0,1,22768883,429,21,0,0
22734399,912,107,0,1,22705084,1048,47,0,0
22739951,143,33,0,13,22699413,1458,34,0,0
22821411,2171,79,0,4,22791385,986,25,0,0
22717526,2070,92,0,1,22768214,554,23,0,0
22693264,851,59,0,3,22768638,1697,33,0,0
22710069,132,63,0,3,22821703,1528,129,0,0
22737293,139,37,0,1,22810918,764,25,0,0
22744900,837,84,0,0,22778842,693,39,0,0
22735488,1377,31,0,3,22746227,1247,45,0,0
22712004,712,79,0,2,22743237,1867,39,0,0
22759426,939,60,0,7,22823888,210,93,0,0
22754563,1777,42,0,9,22804616,1337,48,0,0
22703012,2191,59,0,2,22738798,1656,77,0,0
22807283,716,41,0,0,22748411,836,56,0,0
22793870,980,32,0,5,22800973,1689,31,0,0
22702189,583,56,0,2,22712279,847,43,0,0
22729062,307,19,0,1,22769358,1916,51,0,0
22775261,997,48,0,3,22783607,1248,40,0,0
22743222,1422,29,0,2,22744303,523,65,0,0
22697818,1231,98,0,2,22692227,1260,29,0,0
22825073,527,38,0,2,22787679,1452,96,0,0
22787188,1270,48,0,2,22712185,2262,52,0,0
22814402,708,46,0,3,22705112,778,44,0,0
22702322,2104,42,0,4,22789411,2104,34,0,0
22794058,1135,88,0,8,22803339,647,18,0,0
22738643,1131,49,0,7,22713529,1681,47,0,0
22698493,256,22,0,6,22784445,1899,72,0,0
22753624,1407,72,0,2,22774190,1622,44,0,0
22757796,1524,21,0,0,22790712,449,61,0,0
22716869,775,53,0,2,22801153,848,24,0,0
22772277,1366,66,0,0,22798792,1310,36,0,0
22766408,1207,77,0,1,22792839,1254,58,0,0
22734258,967,87,0,10,22792958,1877,39,0,0
22696799,1199,42,0,1,22800926,1352,78,0,0
22764171,994,36,0,3,22786709,825,54,0,0
22713263,2032,59,0,6,22735726,756,44,0,0
22781075,1165,38,0,3,22788194,1474,74,0,0
22707272,1777,63,0,2,22768344,754,22,0,0
22819460,960,38,0,0,22767305,1637,47,0,0
22810349,1337,40,0,0,22697745,540,29,0,0
22756545,1138,32,0,2,22822395,1251,31,0,0
22740580,1930,17,0,1,22733475,843,54,0,0
22740461,1572,32,0,3,22714458,423,63,0,0
22820649,2130,41,0,0,22816737,1096,95,0,0
22730010,676,46,0,2,22785156,1845,38,0,0
22788444,785,47,0,6,22711958,1153,46,0,0
22793461,1393,58,0,5,22785681,2086,43,0,0
22708880,2087,24,0,3,22750037,843,174,0,0
22771835,1185,69,0,0,22801774,545,55,0,0
22789099,1126,45,0,2,22760703,909,47,0,0
22786125,667,19,0,5,22755895,1730,41,0,0
22748792,1759,66,0,2,22715850,1107,50,0,0
22804041,1910,57,0,0,22773859,1413,32,0,0
22768201,360,19,0,0,22706944,1210,36,0,0
22781749,1803,31,0,1,22783772,1152,23,0,0
22821235,608,87,0,0,22732489,1079,36,0,0
22732018,1314,90,0,2,22798633,2513,61,0,0
22722844,1373,23,0,13,22700673,797,90,0,0
22813157,818,40,0,0,22701714,723,28,0,0
22770477,2289,79,0,4,22773482,1008,39,0,0
22785511,2073,29,0,7,22807395,344,39,0,0
22703730,741,71,0,7,22723055,1040,37,0,0
22706118,1139,41,0,6,22763578,1401,42,0,0
22782042,1382,33,0,0,22736143,1129,35,0,0
22738176,1107,18,0,0,22783870,633,35,0,0
22799839,652,45,0,1,22703034,536,23,0,0
22707339,1251,63,0,6,22767608,1843,57,0,0
22762553,871,46,0,2,22717078,1101,58,0,0
22733527,2263,50,0,0,22728331,1152,34,0,0
22811512,1069,61,0,4,22726991,1454,34,0,0
22759714,1050,43,0,3,22710886,1833,24,0,0
22814842,911,51,0,2,22716439,968,73,0,0
22711171,1740,41,0,3,22727169,2201,37,0,0
22765953,1187,46,0,1,22694310,600,34,0,0
22734929,1372,53,0,1,22748696,1527,29,0,0
22735273,677,29,0,3,22826063,841,43,0,0
22791945,1333,42,0,2,22759345,372,45,0,0
22816974,1763,28,0,1,22740740,786,46,0,0
22757845,845,36,0,3,22740850,2058,19,0,0
22697913,611,44,0,2,22741683,2146,25,0,0
22727569,164,92,0,3,22798187,948,38,0,0
22766052,899,24,0,1,22789582,1599,34,0,0
22713989,699,80,0,1,22812429,633,24,0,0
22698929,937,62,0,2,22785141,572,60,0,0
22701587,1147,23,0,3,22736991,2183,45,0,0
22747436,913,41,0,0,22751407,600,84,0,0
22820706,1861,97,0,2,22825798,1185,52,0,0
22703794,801,39,0,2,22790611,774,77,0,0
22775590,974,87,0,0,22785224,590,77,0,0
22816009,808,80,0,12,22812549,2119,72,0,0
22784595,1191,22,0,2,22715520,1343,45,0,0
22756526,1749,37,0,1,22772180,1652,21,0,0
22778582,339,76,0,0,22758389,630,24,0,0
22817279,1058,96,0,0,22735956,795,52,0,0
22734676,2052,54,0,0,22754625,2160,77,0,0
22718580,1732,58,0,1,22811279,1092,46,0,0
22776789,1920,40,0,0,22801467,2552,45,0,0
22806155,1086,46,0,3,22753144,916,33,0,0
22766523,595,44,0,1,22784991,1624,31,0,0
22714453,1163,105,0,2,22826815,753,74,0,0
22756948,1060,21,0,1,22750261,1287,65,0,0
22771308,1743,79,0,2,22743676,1348,47,0,0
22803763,697,66,0,1,22793441,1294,47,0,0
22829700,1345,43,0,2,22745610,927,39,0,0
22757472,1074,37,0,1,22755264,989,45,0,0
22731086,1491,40,0,5,22727287,1167,35,0,0
22696793,1126,52,0,3,22705351,136,60,0,0
22790973,1116,26,0,0,22707049,837,29,0,0
22745979,252,30,0,4,22765273,776,17,0,0
22761069,1170,85,0,0,22823357,1418,48,0,0
22697712,1538,99,0,0,22807676,1296,33,0,0
22774340,821,80,0,10,22777858,1561,22,0,0
22719532,2464,58,0,4,22764188,970,40,0,0
22779733,1918,48,0,1,22729775,1897,45,0,0
22745224,1820,37,0,2,22740695,780,54,0,0
22753662,1460,29,0,1,22826363,1434,36,0,0
22764089,495,32,0,4,22750122,1715,19,0,0
22783522,1328,39,0,1,22711276,1492,56,0,0
22733250,902,30,0,1,22804568,647,54,0,0
22788270,1032,55,0,1,22743810,2535,32,0,0
22760643,1051,58,0,4,22782073,1368,39,0,0
22799814,1054,73,0,3,22721610,1469,57,0,0
22709391,437,45,0,2,22778997,560,46,0,0
22759596,669,55,0,0,22801840,535,66,0,0
22761486,1303,75,0,1,22752328,1226,58,0,0
22808652,1137,60,0,2,22702401,1800,56,0,0
22759858,213,57,0,1,22712229,1868,40,0,0
22819387,508,72,0,4,22734060,1681,26,0,0
22780653,881,65,0,5,22779864,1184,78,0,0
22742724,1785,52,0,3,22775987,114,45,0,0
22711283,1225,57,0,1,22769643,1614,46,0,0
22750660,636,321,0,2,22747203,1659,23,0,0
22752972,1751,28,0,0,22793588,1055,92,0,0
22703733,1147,62,0,3,22733093,1556,18,0,0
22819604,1074,67,0,1,22792120,383,62,0,0
22709664,2026,47,0,1,22736882,1441,65,0,0
22723013,1643,32,0,6,22747132,667,41,0,0
22755151,937,70,0,1,22795034,330,77,0,0
22727074,1201,15,0,0,22728597,1885,27,0,0
22723066,1662,39,0,2,22828745,806,41,0,0
22738223,446,91,0,2,22813052,710,54,0,0
22757632,820,27,0,1,22785500,1382,15,0,0
22816627,1144,59,0,2,22738058,1168,29,0,0
22727037,368,42,0,6,22711696,1117,80,0,0
22804932,605,50,0,2,22760292,1636,43,0,0
22789249,858,59,0,1,22712868,1072,43,0,0
22797032,125,253,0,6,22772439,454,27,0,0
22728916,2265,19,0,1,22784364,703,55,0,0
22713734,683,52,0,0,22805297,1541,15,0,0
22797714,1435,32,0,0,22727320,684,28,0,0
22719778,2101,31,0,5,22773718,1330,36,0,0
22775461,312,45,0,2,22712275,1092,48,0,0
22789906,1560,50,0,0,22789979,158,39,0,0
22728416,1391,71,0,4,22789989,280,100,0,0
22767242,1646,51,0,1,22736097,966,87,0,0
22705539,1698,36,0,1,22764958,792,24,0,0
22812058,1227,43,0,1,22707969,1472,67,0,0
22831393,1931,61,0,7,22820779,681,47,0,0
22738550,653,31,0,2,22822893,1347,53,0,0
22745559,1654,39,0,3,22810864,2133,32,0,0
22791941,409,53,0,1,22806598,549,50,0,0
22798707,835,44,0,1,22758736,2104,54,0,0
22745442,1551,60,0,1,22830650,626,40,0,0
22795159,1965,28,0,2,22714610,964,54,0,0
22739580,1105,44,0,1,22725177,567,39,0,0
22722485,930,21,0,4,22828406,1197,32,0,0
22730492,1465,31,0,5,22706393,1288,70,0,0
22805407,604,22,0,3,22806056,991,104,0,0
22715045,1224,52,0,1,22780992,1257,146,0,0
22765006,1176,46,0,5,22728566,736,28,0,0
22729034,1062,82,0,1,22780146,820,27,0,0
22808096,912,48,0,3,22765189,1140,147,0,0
22755733,814,48,0,1,22791723,1288,50,0,0
22831215,2073,46,0,3,22742947,1732,40,0,0
22745032,765,30,0,0,22789046,767,25,0,0
22701634,954,63,0,4,22813794,2217,44,0,0
22733236,922,78,0,2,22800817,1766,40,0,0
22708390,742,69,0,3,22711215,2081,29,0,0
22771856,616,27,0,2,22743734,1978,68,0,0
22788357,1902,34,0,1,22775726,1828,72,0,0
22810359,1839,35,0,2,22709298,1191,26,0,0
22826351,645,92,0,4,22771497,1240,23,0,0
22753986,635,52,0,6,22762616,462,61,0,0
22729065,2682,40,0,1,22792367,1727,37,0,0
22741184,1286,34,0,1,22771966,345,19,0,0
22752253,527,57,0,2,22723737,1471,26,0,0
22738235,748,43,0,1,22777343,1168,24,0,0
22830846,1100,29,0,1,22754383,1664,55,0,0
22743685,1161,30,0,2,22822992,1345,20,0,0
22807443,210,192,0,2,22786106,1076,49,0,0
22809297,1049,36,0,2,22750282,904,38,0,0
22788146,2174,40,0,0,22710788,1114,17,0,0
22821838,1422,54,0,3,22832068,2275,51,0,0
22796523,1215,34,0,3,22703325,507,55,0,0
22720797,1276,51,0,5,22806918,910,84,0,0
22742704,777,64,0,1,22722046,670,42,0,0
22745483,2074,51,0,3,22731294,1286,31,0,0
22753563,2021,60,0,2,22750082,1136,76,0,0
22746997,882,47,0,3,22788602,1861,29,0,0
22732982,1876,70,0,1,22798320,1000,56,0,0
22764424,322,35,0,1,22747719,668,26,0,0
22827854,836,58,0,5,22834048,1807,54,0,0
22814972,942,72,0,3,22729381,1142,46,0,0
22762684,1372,57,0,12,22717292,484,51,0,0
22703525,920,74,0,2,22702418,1189,66,0,0
22730778,149,44,0,4,22815260,2168,29,0,0
22730274,731,60,0,2,22726764,834,17,0,0
22816699,993,47,0,3,22703446,1290,26,0,0
22817792,996,71,0,2,22800309,1682,39,0,0
22768335,1403,20,0,1,22810220,1335,30,0,0
22708389,632,39,0,1,22827544,1271,28,0,0
22834449,821,42,0,4,22714411,1895,68,0,0
22741647,774,66,0,1,22728639,2549,28,0,0
22762367,775,59,0,0,22824169,1243,108,0,0
22710471,1216,57,0,2,22725679,2583,33,0,0
22744233,1042,29,0,0,22774868,871,106,0,0
22796040,2336,21,0,1,22803506,1967,27,0,0
22751961,1067,34,0,1,22715265,770,23,0,0
22712611,673,48,0,1,22831758,1030,29,0,0
22812929,2359,26,0,2,22738649,193,50,0,0
22704012,1559,28,0,0,22756289,1206,17,0,0
22734816,939,90,0,0,22792083,1091,29,0,0
22769425,1196,30,0,1,22825462,624,68,0,0
22776829,1644,50,0,0,22787731,1438,34,0,0
22734728,2410,38,0,5,22721721,388,31,0,0
22792244,628,60,0,0,22735947,1350,52,0,0
22832876,1397,63,0,2,22833976,706,69,0,0
22714961,1420,59,0,1,22724974,541,28,0,0
22795912,1148,52,0,4,22731604,1117,45,0,0
22768939,905,19,0,1,22737353,610,51,0,0
22707484,1165,31,0,1,22703871,1345,66,0,0
22771941,1184,66,0,2,22749254,1059,26,0,0
22778210,1074,43,0,2,22832838,1908,50,0,0
22761004,1545,46,0,1,22711746,2179,36,0,0
22789601,1219,38,0,0,22708021,2245,42,0,0
22797858,481,77,0,5,22751739,935,44,0,0
22745614,2040,60,0,1,22787885,987,23,0,0
22760306,1992,63,0,2,22809725,601,48,0,0
22726827,1125,20,0,1,22814291,1155,38,0,0
22758895,621,33,0,1,22801852,1869,33,0,0
22727073,777,18,0,3,22751724,1378,30,0,0
22705596,1799,45,0,0,22735038,652,33,0,0
22812810,435,101,0,3,22833520,2205,41,0,0
22837235,1521,76,0,2,22766945,1315,33,0,0
22826742,1059,82,0,3,22784550,907,21,0,0
22703748,1722,55,0,8,22787938,2313,59,0,0
22818716,1279,45,0,0,22807234,1825,32,0,0
22726592,626,35,0,2,22740026,1134,29,0,0
22835119,2595,64,0,3,22833297,1095,55,0,0
22762897,1186,47,0,1,22807816,2334,25,0,0
22823483,2277,65,0,0,22800054,1876,71,0,0
22724049,131,40,0,2,22728043,620,27,0,0
22703614,1923,23,0,1,22773451,1667,50,0,0
22733050,1942,54,0,9,22826556,1697,21,0,0
22804004,269,37,0,2,22799345,669,33,0,0
22823058,2494,63,0,4,22740538,1850,85,0,0
22827848,943,42,0,3,22818975,985,85,0,0
22766573,797,27,0,1,22827500,816,35,0,0
22729534,1778,57,0,7,22742439,156,36,0,0
22792126,1717,36,0,5,22811330,697,47,0,0
22793231,1977,46,0,1,22829940,728,24,0,0
22724512,2043,26,0,0,22730261,1806,30,0,0
22786683,1022,77,0,1,22816084,1150,51,0,0
22761401,1506,62,0,3,22770823,1650,35,0,0
22722547,1170,36,0,3,22728285,1222,40,0,0
22824357,1864,45,0,1,22836325,813,48,0,0
22827846,705,67,0,1,22820145,1278,16,0,0
22772964,777,40,0,0,22718373,370,55,0,0
22782085,1889,23,0,1,22804694,2053,34,0,0
22833954,1827,49,0,1,22832436,428,31,0,0
22711421,1162,32,0,3,22768268,1417,28,0,0
22728801,1454,44,0,6,22739909,1236,72,0,0
22757045,1218,16,0,1,22747061,2177,49,0,0
22773359,190,27,0,3,22742465,1484,38,0,0
22766279,1946,19,0,6,22770725,1693,40,0,0
22710080,884,52,0,1,22774915,1395,41,0,0
22785538,867,30,0,2,22736945,522,33,0,0
22783079,1390,26,0,4,22740945,1014,51,0,0
22713507,720,85,0,2,22746132,1637,39,0,0
22732725,638,50,0,1,22805126,680,84,0,0
22733680,902,41,0,4,22730275,1443,36,0,0
22737354,1516,28,0,5,22808183,870,58,0,0
22746349,1281,62,0,2,22773792,1387,34,0,0
22770684,1490,41,0,0,22755676,1723,23,0,0
22816638,2025,53,0,1,22744223,1196,46,0,0
22834764,1603,47,0,2,22727667,501,31,0,0
22779479,1895,34,0,10,22824015,1195,57,0,0
22780723,1285,38,0,2,22775715,1596,50,0,0
22712866,2412,91,0,1,22718795,1713,76,0,0
22775151,150,56,0,3,22714030,2135,26,0,0
22783886,1199,40,0,2,22713050,527,68,0,0
22761853,980,56,0,3,22802741,1965,66,0,0
22753263,1412,14,0,2,22726244,1499,31,0,0
22777066,1683,29,0,3,22742111,1271,32,0,0
22791701,1145,33,0,4,22813783,1847,52,0,0
22725021,1774,47,0,0,22710368,1354,54,0,0
22820298,1668,32,0,0,22787385,1297,53,0,0
22818470,1185,30,0,2,22820713,1384,22,0,0
22763021,312,26,0,3,22801869,786,24,0,0
22804796,2548,28,0,0,22715550,799,67,0,0
22746797,1104,91,0,1,22811052,1024,63,0,0
22837345,871,52,0,2,22779749,1279,47,0,0
22832604,142,38,0,2,22792719,2196,29,0,0
22777588,1474,46,0,6,22835238,1151,45,0,0
22800302,1139,73,0,0,22761088,1668,36,0,0
22795860,1440,48,0,3,22795729,1141,29,0,0
22789039,901,38,0,2,22775998,729,52,0,0
22742763,1726,12,0,2,22734454,750,80,0,0
22773909,1248,34,0,3,22757544,1298,27,0,0
22839738,916,63,0,4,22766529,1080,38,0,0
22728111,372,53,0,3,22746738,838,31,0,0
22789336,1452,33,0,4,22823247,706,71,0,0
22714334,993,45,0,4,22809816,1634,34,0,0
22774942,1778,36,0,1,22720998,618,27,0,0
22744795,1242,37,0,1,22825858,1179,69,0,0
22798572,2103,33,0,3,22790859,621,69,0,0
22815460,452,165,0,0,22745799,1589,36,0,0
22764291,1468,34,0,3,22824212,550,18,0,0
22833234,328,61,0,1,22831896,744,61,0,0
22750903,1105,28,0,3,22723958,785,57,0,0
22794580,2529,34,0,7,22837385,603,63,0,0
22710653,1192,56,0,3,22778267,1657,95,0,0
22824410,833,32,0,0,22796574,245,58,0,0
22753592,872,36,0,6,22727773,867,36,0,0
22830932,689,69,0,1,22805656,957,35,0,0
22735108,1885,44,0,2,22795933,864,36,0,0
22813471,1814,19,0,3,22792761,2567,74,0,0
22744382,852,77,0,0,22781922,1633,25,0,0
22818436,913,67,0,1,22803066,1450,31,0,0
22821435,277,93,0,1,22784605,1623,24,0,0
22768369,1555,44,0,6,22843580,839,16,0,0
22840949,858,50,0,2,22759848,1336,28,0,0
22829073,1042,98,0,3,22741949,354,38,0,0
22753533,2306,19,0,3,22723756,839,98,0,0
22723952,2105,38,0,0,22829929,669,39,0,0
22803882,1090,39,0,1,22800328,693,18,0,0
22762904,1104,55,0,4,22817622,2000,29,0,0
22812604,1032,37,0,0,22790627,1179,44,0,0
22734266,2014,43,0,5,22764908,1906,26,0,0
22752231,1390,54,0,0,22838733,983,44,0,0
22820216,2364,35,0,2,22713535,2213,47,0,0
22715935,1633,25,0,0,22830648,1462,26,0,0
22829368,726,33,0,0,22801104,1007,228,0,0
22814480,1498,33,0,1,22833932,1349,47,0,0
22789392,1204,13,0,0,22817973,1264,18,0,0
22769580,1384,47,0,4,22821415,1330,53,0,0
22744147,721,59,0,0,22778485,1006,23,0,0
22764685,989,57,0,1,22733267,1318,21,0,0
22804943,762,33,0,4,22805772,1592,176,0,0
22747988,217,48,0,2,22815316,856,35,0,0
22728765,107,90,0,1,22799060,777,66,0,0
22787923,1638,43,0,1,22744239,1024,61,0,0
22730592,576,38,0,7,22783480,1661,58,0,0
22726389,1239,47,0,1,22779213,2110,26,0,0
22744007,420,26,0,4,22786708,1089,48,0,0
22781796,328,71,0,4,22777961,1354,108,0,0
22716101,2570,36,0,8,22795046,1684,34,0,0
22713986,1589,33,0,2,22820014,850,46,0,0
22825296,1290,43,0,17,22789486,419,92,0,0
22844111,1135,78,0,3,22795282,1833,47,0,0
22771880,1195,52,0,0,22769871,685,42,0,0
22838299,2002,70,0,0,22725718,904,79,0,0
22842708,785,80,0,3,22743427,726,112,0,0
22832699,1694,52,0,4,22763939,1018,49,0,0
22817802,1325,51,0,0,22771523,874,239,0,0
22727648,1627,43,0,3,22817342,1189,46,0,0
22827342,1185,34,0,5,22804856,902,27,0,0
22842973,912,53,0,1,22802877,1655,30,0,0
22778377,2462,45,0,2,22845029,1028,31,0,0
22728444,976,77,0,1,22790128,2023,49,0,0
22822105,941,69,0,0,22717196,2512,61,0,0
22743950,1081,51,0,3,22794768,2092,23,0,1
22767043,1167,22,0,8,22831281,1284,52,0,0
22720316,144,30,0,6,22714245,588,49,0,0
22823355,1015,27,0,2,22803634,1140,45,0,0
22824563,989,41,0,2,22723452,1658,32,0,0
22818690,961,41,0,2,22782997,1366,43,0,0
22747338,854,36,0,0,22823746,676,54,0,0
22837514,1909,27,0,5,22777362,1339,22,0,1
22717256,1128,42,0,0,22786602,1821,22,0,0
22813664,2259,23,0,1,22770094,707,124,0,0
22762954,1164,59,0,4,22733677,1145,17,0,0
22816069,1474,19,0,7,22836795,1890,83,0,0
22755394,1098,36,0,8,22720780,608,100,0,0
22733740,439,50,0,5,22836879,337,51,0,0
22747342,942,43,0,5,22758816,831,21,0,0
22762591,2228,38,0,1,22736816,681,27,0,0
22795916,587,51,0,5,22815728,1602,44,0,0
22794839,670,51,0,2,22739971,1986,23,0,0
22738370,2175,37,0,7,22760618,1252,50,0,0
22722239,769,18,0,0,22773636,967,44,0,0
22846138,1214,56,0,2,22772282,982,30,0,0
22790762,1055,44,0,1,22767823,1860,50,0,0
22752738,2178,40,0,2,22842663,1106,54,0,0
22725171,322,147,0,2,22799156,562,48,0,0
22828814,892,38,0,0,22731923,903,79,0,0
22791757,1293,31,0,0,22781416,934,27,0,0
22720742,1447,58,0,0,22831580,1113,82,0,0
22745486,2178,71,0,1,22777700,1422,14,0,0
22725545,2013,16,0,2,22787635,755,36,0,0
22714653,1809,35,0,1,22725950,1695,68,0,0
22820973,1405,71,0,10,22822731,1788,38,0,0
22727386,798,36,0,0,22798595,1176,29,0,0
22795753,1704,50,0,2,22769658,1692,21,0,0
22776564,1260,29,0,2,22753510,1547,16,0,0
22776730,2014,46,0,1,22837984,1010,44,0,0
22744621,2484,20,0,1,22744946,1875,20,0,0
22792576,1168,25,0,1,22810437,748,71,0,0
22840777,545,61,0,1,22744708,1106,23,0,0
22777809,1266,45,0,1,22846263,522,37,0,0
22791185,831,28,0,3,22780905,858,36,0,0
22783624,1131,29,0,2,22833761,672,33,0,0
22837033,2255,48,0,4,22713653,317,49,0,0
22713763,856,22,0,0,22794015,301,95,0,0
22759475,2088,87,0,4,22745411,1371,53,0,0
22805845,1366,76,0,0,22824711,1171,101,0,0
22790969,1665,35,0,2,22819133,767,47,0,0
22836898,1655,40,0,3,22811687,786,62,0,0
22775748,907,53,0,2,22784945,753,34,0,0
22792541,437,59,0,2,22758848,342,73,0,0
22847805,1238,85,0,11,22722298,2507,62,0,0
22746336,1955,33,0,0,22719197,692,49,0,0
22806619,965,22,0,1,22742489,1044,32,0,0
22843352,1610,93,0,2,22783733,1852,71,0,0
22720225,1336,29,0,2,22832551,1398,85,0,0
22781909,1304,42,0,3,22814435,937,57,0,0
22774420,865,33,0,1,22772930,1108,27,0,0
22793836,1334,42,0,0,22804431,632,40,0,0
22714349,143,60,0,2,22846829,1019,23,0,0
22848705,1178,54,0,4,22802834,1107,27,0,0
22789362,1441,58,0,3,22832099,1236,22,0,0
22744821,1356,42,0,0,22819673,1664,33,0,0
22756596,468,36,0,4,22812869,440,83,0,0
22736668,1843,15,0,3,22731187,1556,88,0,0
22758887,514,111,0,3,22778922,638,48,0,0
22721653,1143,29,0,5,22777324,1948,28,0,0
22774384,592,55,0,4,22730928,799,35,0,0
22832864,710,65,0,5,22823055,919,37,0,0
22816024,616,31,0,1,22757528,1739,33,0,0
22728591,106,126,0,4,22783596,620,33,0,0
22766717,1267,103,0,2,22791229,685,25,0,0
22750503,1326,48,0,5,22848571,1122,40,0,0
22765732,2050,44,0,0,22819217,339,51,0,0
22814289,1074,28,0,1,22834368,1115,55,0,0
22737557,1681,69,0,5,22825267,139,25,0,0
22789757,1436,18,0,3,22774636,739,70,0,0
22725389,1970,25,0,1,22825461,1785,53,0,0
22782426,981,59,0,1,22821111,829,18,0,0
22762265,141,86,0,1,22792552,2024,101,0,0
22800306,1134,42,0,5,22772032,943,83,0,0
22774553,906,15,0,2,22847698,1671,38,0,0
22754529,762,28,0,2,22838510,465,59,0,0
22721445,1125,24,0,2,22777695,982,50,0,0
22722636,691,38,0,0,22787869,1167,53,0,0
22772852,261,126,0,0,22834255,839,55,0,0
22791018,891,48,0,3,22807107,1107,32,0,0
22778953,915,98,0,6,22766403,899,58,0,0
22829176,770,36,0,3,22812374,1656,36,0,0
22803919,1102,32,0,1,22754626,985,45,0,0
22843954,1165,49,0,1,22834910,1116,26,0,0
22774064,1105,42,0,8,22756084,898,63,0,0
22770482,333,31,0,5,22728522,892,30,0,0
22744924,1429,34,0,2,22825125,1157,27,0,0
22825037,2109,45,0,1,22841026,740,331,0,0
22803374,1677,42,0,1,22776227,609,56,0,0
22766500,767,34,0,1,22805749,653,70,0,0
22722374,1692,28,0,2,22721235,1373,62,0,0
22819020,743,71,0,2,22821318,791,25,0,0
22834584,2481,30,0,1,22835459,1100,36,0,0
22765986,907,21,0,3,22828525,1092,46,0,0
22742772,1681,15,0,0,22772477,1227,34,0,0
22850209,2450,72,0,0,22734168,1250,52,0,0
22785781,2138,43,0,1,22770515,912,44,0,0
22833251,633,66,0,1,22780951,1647,40,0,0
22791717,799,144,0,0,22831993,1625,21,0,0
22799376,1124,107,0,5,22794119,744,62,0,0
22756133,565,40,0,1,22744410,1707,62,0,0
22757091,1325,28,0,12,22813478,1801,34,0,0
22749373,709,74,0,0,22823508,1643,65,0,0
22733513,682,50,0,1,22752589,610,48,0,0
22783054,288,24,0,1,22749060,1228,23,0,0
22735972,282,29,0,3,22785189,731,34,0,0
22780349,424,83,0,2,22748531,1050,167,0,0
22805293,1285,32,0,3,22736563,498,45,0,0
22804022,2355,22,0,1,22762491,1127,115,0,0
22786937,609,50,0,6,22754375,1335,39,0,0
22838826,1726,45,0,2,22833682,1066,53,0,0
22810569,1426,66,0,4,22830796,2525,57,0,0
22837478,1390,36,0,3,22832483,1822,29,0,0
22755367,1388,61,0,1,22836742,1803,14,0,0
22812131,864,44,0,5,22803937,2221,56,0,0
22747102,685,90,0,0,22817163,978,26,0,0
22777572,942,24,0,4,22850269,171,62,0,0
22723594,1539,54,0,0,22817618,1849,56,0,0
22747042,307,57,0,0,22779147,1489,37,0,0
22730463,1772,49,0,2,22786636,675,72,0,0
22839118,1426,94,0,9,22760226,780,49,0,0
22824498,1343,84,0,1,22816362,876,44,0,0
22734865,1355,59,0,3,22722416,1068,43,0,0
22720733,545,24,0,5,22829624,1769,58,0,0
22852719,1628,43,0,1,22734998,1167,20,0,0
22772666,782,33,0,1,22727490,667,21,0,0
22828243,1532,47,0,1,22795266,1679,77,0,0
22838287,400,35,0,2,22729040,931,51,0,0
22746717,886,67,0,1,22776936,643,60,0,0
22763763,1922,18,0,4,22798331,1915,63,0,0
22753605,1210,25,0,2,22802006,1017,38,0,1
22810996,1217,61,0,6,22816036,981,62,0,0
22829897,760,53,0,1,22804843,932,89,0,0
22729319,527,35,0,3,22806455,1060,71,0,0
22741444,1225,81,0,0,22781056,737,67,0,0
22723850,1563,30,0,2,22780742,842,44,0,0
22777627,609,58,0,3,22824787,2176,46,0,0
22803703,1015,27,0,7,22838916,1048,61,0,0
22745021,1697,46,0,4,22753297,1502,26,0,0
22809362,931,63,0,2,22811236,1568,52,0,0
22744205,1283,45,0,0,22805984,1187,57,0,0
22843057,1398,21,0,1,22743932,2105,44,0,0
22744260,2149,64,0,1,22786505,610,81,0,0
22755253,943,49,0,0,22756954,916,43,0,0
22839761,738,50,0,2,22757092,1227,46,0,0
22785539,2106,26,0,1,22749588,749,63,0,0
22785763,458,78,0,1,22790146,1251,26,0,0
22726303,1817,38,0,3,22745285,2232,30,0,0
22740806,1662,51,0,0,22748700,1241,39,0,0
22740185,340,49,0,0,22730716,1226,25,0,0
22844304,1234,33,0,1,22788160,1122,50,0,0
22776979,980,69,0,6,22828367,1495,114,0,0
22809510,862,36,0,2,22768310,887,49,0,0
22727273,1237,26,0,1,22787352,791,39,0,0
22838782,625,74,0,0,22787263,1008,176,0,0
22770554,1200,43,0,5,22748367,1174,60,0,0
22851218,1134,38,0,0,22851671,2240,57,0,0
22789616,1652,54,0,0,22788156,1265,31,0,0
22732179,1213,31,0,1,22818070,665,60,0,0
22840191,1371,67,0,1,22739754,1628,30,0,0
22832377,859,65,0,2,22733077,1253,75,0,0
22778255,1076,41,0,2,22773056,1878,27,0,0
22773998,1227,28,0,3,22729925,925,44,0,0
22753202,516,51,0,2,22832240,1346,51,0,0
22805836,1352,49,0,6,22812216,2259,30,0,0
22803721,458,63,0,3,22835875,641,60,0,0
22826739,366,79,0,17,22802272,1183,49,0,0
22726099,399,26,0,1,22732258,947,34,0,0
22790389,739,69,0,7,22759110,1005,50,0,0
22751854,647,43,0,2,22814347,1021,59,0,0
22767939,1178,36,0,5,22831542,561,46,0,0
22772767,2107,49,0,2,22840302,1103,40,0,0
22825031,966,53,0,2,22804655,1146,51,0,0
22750595,1103,32,0,11,22842015,1330,23,0,0
22823368,853,47,0,1,22724320,1430,30,0,0
22785027,781,48,0,3,22852845,1992,26,0,0
22854314,549,18,0,4,22741735,1756,80,0,0
22795447,685,41,0,1,22808964,617,37,0,0
22802674,998,111,0,0,22849424,750,42,0,0
22796857,367,45,0,2,22769366,631,45,0,0
22853080,1499,31,0,1,22836385,1034,54,0,0
22804767,919,36,0,4,22772983,773,53,0,0
22842066,1347,28,0,1,22777233,1016,47,0,0
22786389,500,28,0,1,22738501,932,19,0,0
22765872,535,39,0,3,22788425,596,31,0,0
22834006,1045,36,0,0,22841939,1430,33,0,0
22832900,1961,75,0,1,22812689,915,32,0,0
22756298,1724,53,0,1,22789588,856,160,0,0
22745741,1184,70,0,2,22802423,682,38,0,0
22779043,1191,34,0,0,22725011,1576,56,0,0
22729908,511,35,0,1,22740469,782,106,0,0
22852309,2100,24,0,4,22733332,1189,42,0,0
22743909,1322,49,0,2,22852581,1416,56,0,0
22762115,1260,42,0,0,22725312,1077,56,0,0
22772248,797,22,0,0,22739314,1132,54,0,0
22765132,987,32,0,5,22831197,1535,45,0,0
22768714,1305,35,0,1,22784057,845,39,0,0
22783811,760,195,0,0,22795337,1369,61,0,0
22754976,1435,44,0,0,22772164,495,41,0,0
22767196,1472,34,0,0,22744305,1648,35,0,0
22754076,1114,59,0,1,22830937,618,44,0,0
22845098,1593,144,0,3,22851487,653,48,0,0
22801546,781,22,0,1,22761246,521,72,0,0
22749572,1083,26,0,1,22795207,1407,55,0,0
22745615,2150,63,0,1,22856246,1909,36,0,0
22827865,1658,50,0,3,22729977,1370,82,0,0
22827789,1155,31,0,10,22766219,614,24,0,0
22760881,752,37,0,0,22819183,2380,22,0,0
22835732,1209,27,0,7,22854924,1151,63,0,0
22808395,293,32,0,4,22749804,2183,36,0,0
22802942,1099,44,0,7,22852531,2305,27,0,0
22756110,980,23,0,4,22726866,2346,42,0,0
22848166,1869,33,0,0,22784046,563,78,0,0
22727379,1946,84,0,8,22814434,2089,33,0,0
22852916,1349,49,0,6,22831291,303,185,0,0
22730965,1598,28,0,0,22825892,2261,57,0,0
22808758,2018,23,0,1,22834388,412,42,0,0
22753549,1474,31,0,7,22834317,2191,37,0,0
22814900,1415,27,0,1,22756637,1652,37,0,1
22794275,1171,52,0,0,22734782,731,65,0,0
22742351,799,75,0,1,22757885,845,24,0,0
22749769,613,72,0,1,22852518,362,47,0,0
22728263,1322,66,0,5,22850119,1233,35,0,0
22853108,2122,52,0,1,22845952,226,77,0,0
22844066,899,94,0,3,22857027,1374,34,0,0
22788873,513,29,0,1,22772715,712,75,0,0
22804248,2003,41,0,3,22761142,1230,82,0,0
22814490,1226,110,0,4,22814587,939,40,0,0
22768407,1168,37,0,2,22809042,1018,29,0,0
22777029,1187,25,0,4,22845825,1729,121,0,0
22753203,1382,35,0,1,22827892,1185,53,0,0
22734806,655,41,0,1,22780797,1087,65,0,0
22742092,1594,97,0,2,22787347,1665,75,0,0
22748817,225,71,0,2,22735849,634,65,0,0
22811300,968,18,0,2,22788385,1330,23,0,0
22848391,613,89,0,5,22845836,1245,62,0,0
22836922,1714,56,0,4,22734971,580,51,0,0
22833232,821,46,0,1,22772281,936,50,0,0
22749172,332,41,0,3,22848238,794,60,0,0
22738151,924,24,0,3,22852018,558,48,0,0
22855100,1760,39,0,0,22854628,1429,70,0,0
22766918,860,38,0,2,22773187,996,44,0,0
22756121,879,56,0,1,22776787,460,21,0,0
22737282,332,73,0,1,22756472,328,33,0,0
22836705,1758,53,0,0,22804448,204,57,0,0
22750389,961,35,0,1,22858678,1832,72,0,0
22809086,165,26,0,9,22742492,2563,31,0,0
22775623,939,61,0,0,22842950,2247,67,0,0
22838825,1039,55,0,0,22854987,1738,33,0,0
22804277,1989,41,0,2,22746591,1714,91,0,0
22838926,551,34,0,1,22831448,1813,18,0,0
22798316,1885,45,0,8,22819146,961,131,0,0
22834173,1013,51,0,0,22799219,517,45,0,0
22791007,939,48,0,0,22815963,1292,62,0,0
22807839,953,56,0,2,22853167,1775,30,0,0
22736514,2141,27,0,6,22858037,641,36,0,0
22854147,1381,17,0,2,22762125,1773,39,0,0
22834513,1041,38,0,1,22824143,1045,57,0,0
22787425,1247,44,0,0,22853795,1050,18,0,0
22839126,432,55,0,1,22832580,603,66,0,0
22857778,1027,65,0,2,22740557,752,54,0,0
22842421,1148,49,0,1,22822329,1949,12,0,0
22754462,2128,38,0,8,22752371,1132,35,0,0
22832142,1620,29,0,1,22764882,2250,46,0,0
22782450,2268,84,0,4,22794926,1639,51,0,0
22766865,541,77,0,2,22837037,608,78,0,0
22765294,933,32,0,2,22736158,307,42,0,0
22852003,380,30,0,1,22795528,1167,33,0,0
22806698,1846,24,0,2,22745002,508,28,0,1
22729036,1330,24,0,0,22803121,1357,51,0,0
22789952,1409,47,0,0,22832175,1083,28,0,0
22852074,204,87,0,0,22755498,683,14,0,0
22841542,377,29,0,0,22847000,626,26,0,0
22780174,1350,23,0,2,22832469,1413,28,0,0
22760253,929,28,0,1,22748471,757,39,0,0
22781945,827,19,0,0,22757999,474,56,0,0
22802908,626,71,0,1,22747810,1007,56,0,0
22742829,2134,22,0,3,22763726,679,30,0,0
22805411,1659,39,0,1,22778090,1229,27,0,0
22814874,1144,62,0,0,22846480,1466,40,0,0
22851691,728,51,0,1,22821089,439,43,0,0
22750764,1606,52,0,1,22821440,937,50,0,0
22798130,1146,35,0,3,22757641,781,229,0,0
22763643,2080,36,0,2,22740994,1152,44,0,0
22825353,990,36,0,1,22855832,1769,48,0,0
22777995,479,39,0,2,22857551,278,55,0,0
22748195,610,64,0,4,22819965,309,75,0,0
22764803,1577,43,0,1,22756553,2165,59,0,0
22783706,396,61,0,1,22846233,741,45,0,0
22808990,1020,39,0,1,22857977,1713,38,0,0
22742030,1420,37,0,1,22808835,348,39,0,0
22758213,1475,113,0,6,22811585,1308,62,0,0
22742952,1007,47,0,0,22816771,525,31,0,0
22830919,908,66,0,3,22835665,1987,49,0,0
22832061,1283,23,0,1,22815156,982,68,0,0
22855431,808,57,0,1,22736618,939,44,0,0
22818086,408,109,0,3,22802838,691,25,0,0
22766274,165,21,0,0,22785014,2010,60,0,0
22745455,2543,57,0,0,22805770,681,78,0,0
22830984,2045,103,0,2,22776478,836,30,0,0
22798218,1585,35,0,1,22806688,1404,25,0,0
22849868,1421,33,0,6,22821704,1462,22,0,0
22852602,1886,61,0,11,22862238,715,45,0,0
22738181,1597,85,0,1,22862934,1432,56,0,0
22821469,1169,41,0,1,22761409,956,31,0,0
22770485,823,17,0,3,22762570,1464,19,0,0
22827350,1502,16,0,1,22815756,1818,16,0,0
22732199,1168,53,0,1,22770587,834,29,0,0
22787967,1089,55,0,3,22813105,265,58,0,0
22804003,550,69,0,6,22774850,1653,29,0,0
22780765,307,25,0,2,22740569,828,121,0,0
22820887,1061,45,0,1,22838558,978,36,0,0
22757030,981,20,0,1,22779173,2078,22,0,0
22760045,824,123,0,1,22766081,358,92,0,0
22779790,1457,39,0,4,22846555,959,80,0,0
22737709,1346,93,0,1,22843219,1420,29,0,0
22763619,1204,67,0,4,22739170,683,27,0,0
22847156,257,50,0,6,22742411,1791,53,0,0
22754353,1135,43,0,2,22776896,1379,85,0,0
22806198,716,50,0,0,22780876,2128,53,0,0
22787234,977,43,0,0,22855554,1306,38,0,0
22826781,981,46,0,8,22807968,469,43,0,0
22755686,1145,56,0,2,22745713,1498,18,0,0
22839997,1462,26,0,6,22742133,625,49,0,0
22758284,1293,25,0,3,22807680,875,74,0,0
22741339,1574,14,0,0,22804503,2265,42,0,0
22759160,998,99,0,3,22856717,949,49,0,0
22736484,981,45,0,1,22744744,969,51,0,0
22743636,1330,49,0,1,22764042,1964,45,0,0
22846129,713,17,0,2,22744506,685,33,0,0
22778850,423,27,0,1,22747936,532,24,0,0
22864779,751,24,0,1,22818731,871,51,0,0
22837111,1172,56,0,3,22812628,866,67,0,0
22806666,1957,42,0,0,22861686,699,103,0,0
22782248,1300,76,0,0,22802494,787,37,0,0
22837756,1691,18,0,0,22778826,844,55,0,0
22797839,1013,45,0,1,22776065,987,36,0,0
22843415,1189,48,0,1,22834580,982,38,0,0
22738373,970,97,0,0,22848506,1284,18,0,0
22776123,2362,38,0,0,22769148,502,72,0,0
22788072,1187,55,0,1,22766057,1067,25,0,0
22771446,1699,37,0,3,22761443,676,87,0,0
22809758,271,41,0,1,22744878,1979,17,0,0
22734441,897,67,0,1,22756760,518,79,0,0
22815897,2076,36,0,0,22774956,1752,22,0,0
22831584,780,56,0,4,22822210,1341,77,0,0
22858390,786,41,0,3,22787815,711,49,0,0
22809107,1747,66,0,2,22853896,906,84,0,0
22788548,650,50,0,2,22787426,337,22,0,0
22761277,1185,32,0,2,22830283,749,21,0,0
22825218,2167,49,0,1,22852298,1855,36,0,0
22809055,654,71,0,1,22782430,1517,67,0,0
22814561,1506,22,0,1,22740486,2180,23,0,0
22845497,1059,71,0,1,22822062,967,61,0,0
22813273,1057,40,0,2,22836052,779,44,0,0
22843326,2165,43,0,1,22778996,1077,30,0,0
22780582,682,40,0,3,22839862,847,38,0,0
22791172,1140,24,0,1,22734303,1298,39,0,0
22787839,923,77,0,1,22810195,1161,56,0,0
22848748,1006,70,0,4,22770774,842,65,0,0
22846865,1067,81,0,6,22774080,1755,52,0,0
22848176,1812,39,0,3,22788792,2429,67,0,0
22778510,1183,46,0,0,22860159,376,49,0,0
22852891,1082,25,0,1,22783767,1597,57,0,0
22820861,1323,29,0,1,22851661,512,18,0,0
22763923,2448,43,0,0,22811964,390,22,0,0
22795073,1828,44,0,1,22755254,1146,38,0,0
22817402,1515,61,0,1,22851861,861,23,0,0
22757346,1351,69,0,2,22756718,931,19,0,0
22802618,2193,30,0,2,22822568,278,44,0,0
22823885,373,68,0,1,22786564,748,187,0,0
22747092,1254,50,0,3,22823067,1121,59,0,0
22852285,1130,79,0,2,22778417,835,79,0,0
22844372,1029,25,0,1,22848899,1698,47,0,0
22768261,1438,29,0,4,22755918,1134,39,0,0
22858826,1659,45,0,0,22801324,1012,36,0,0
22749340,1636,20,0,1,22739412,773,99,0,0
22801819,1158,30,0,0,22759324,2383,50,0,0
22849969,1435,61,0,0,22776274,807,34,0,0
22793058,1856,35,0,6,22761023,641,54,0,0
22745124,2100,40,0,7,22809797,360,68,0,0
22785340,225,50,0,5,22802821,1635,14,0,0
22851905,1139,45,0,0,22840240,815,32,0,0
22804379,1671,59,0,2,22787265,794,50,0,0
22859669,347,162,0,0,22746303,995,55,0,0
22774347,1148,60,0,2,22749850,404,61,0,0
22818330,1183,45,0,1,22787116,642,33,0,0
22736891,1963,74,0,2,22746452,1190,45,0,0
22834501,730,72,0,4,22780979,2122,55,0,0
22802079,1366,24,0,1,22735485,186,44,0,0
22740815,1155,25,0,0,22739294,108,43,0,0
22756265,699,49,0,1,22802654,1329,48,0,0
22766187,1066,50,0,5,22864033,1199,60,0,0
22765846,621,47,0,2,22824542,881,84,0,0
22742043,1763,27,0,1,22855751,2067,27,0,0
22734903,629,98,0,2,22828632,735,36,0,0
22815811,425,65,0,2,22747823,778,35,0,0
22822351,1850,49,0,0,22865183,695,18,0,0
22809583,1447,24,0,0,22858750,1547,27,0,0
22800068,1493,24,0,1,22812233,1491,41,0,0
22859388,890,33,0,6,22825097,1272,26,0,0
22820262,384,34,0,0,22841338,1370,21,0,0
22773970,1363,88,0,4,22793563,1061,15,0,0
22796388,901,27,0,1,22846078,1762,35,0,0
22758054,1645,27,0,0,22743998,665,34,0,0
22803125,620,42,0,9,22831317,1065,41,0,0
22819863,980,18,0,3,22792260,1558,236,0,0
22743263,1797,39,0,3,22780949,1163,57,0,0
22754428,1638,39,0,2,22854828,1755,23,0,0
22861700,1481,34,0,2,22772111,1851,69,0,0
22863229,903,95,0,2,22863120,1202,23,0,0
22794130,997,45,0,3,22740797,1291,42,0,0
22854341,1322,21,0,1,22819140,685,101,0,0
22822589,717,48,0,4,22768104,1216,19,0,0
22849072,1165,32,0,1,22752226,1575,78,0,0
22831114,1860,26,0,0,22801392,1254,35,0,0
22825539,1406,18,0,3,22856274,1154,22,0,0
22843296,2446,37,0,1,22808649,769,44,0,0
22793187,1403,34,0,3,22813319,759,23,0,0
22775917,1142,41,0,4,22757330,990,39,0,0
22738859,1555,56,0,1,22795651,1726,28,0,0
22752195,606,61,0,1,22857298,2158,58,0,0
22787098,1016,78,0,12,22822924,1668,20,0,0
22769995,899,67,0,1,22856111,799,36,0,0
22788636,1646,30,0,2,22797432,643,32,0,0
22779678,1866,23,0,2,22801946,1611,55,0,0
22744860,1424,43,0,0,22805186,1778,48,0,0
22810891,1304,39,0,2,22770170,493,47,0,0
22842406,938,51,0,3,22821769,831,43,0,0
22844840,1384,82,0,4,22784077,1391,29,0,0
22748533,774,21,0,1,22739916,2154,46,0,0
22869808,987,49,0,1,22803678,608,79,0,0
22846561,922,54,0,3,22866929,1759,73,0,0
22856564,549,32,0,4,22814062,989,28,0,0
22857451,2384,33,0,0,22784319,456,52,0,0
22862860,720,34,0,5,22843809,1970,92,0,0
22769696,1540,70,0,2,22773364,527,48,0,0
22765821,1632,36,0,0,22840160,856,34,0,0
22758428,1175,38,0,3,22811118,321,48,0,0
22861103,795,57,0,7,22830773,1629,35,0,0
22857111,2362,40,0,1,22797978,963,67,0,0
22771204,2128,45,0,7,22745433,1675,44,0,0
22775140,426,43,0,1,22800213,637,48,0,0
22795144,1801,42,0,1,22846873,652,38,0,0
22869348,2083,37,0,3,22808472,941,45,0,0
22763573,639,79,0,2,22867306,1070,29,0,0
22741826,1001,48,0,5,22835568,597,128,0,0
22842879,1296,26,0,6,22793132,201,72,0,0
22856411,1601,25,0,0,22864244,1074,35,0,0
22802803,954,29,0,2,22861922,1088,104,0,0
22870668,1979,29,0,1,22774421,620,55,0,0
22772884,1515,48,0,0,22783855,1468,76,0,0
22793860,1583,131,0,0,22797988,2141,45,0,0
22763005,1820,49,0,3,22799735,1254,23,0,0
22754621,861,52,0,2,22753457,233,27,0,0
22844867,1211,59,0,1,22837705,670,49,0,0
22854226,812,42,0,0,22868369,101,110,0,0
22822709,2156,45,0,1,22775508,1794,60,0,0
22769095,673,33,0,0,22779905,1682,32,0,0
22784996,2262,60,0,1,22782412,1274,53,0,0
22765309,160,67,0,1,22765717,2198,43,0,0
22761598,528,43,0,1,22804930,1250,30,0,0
22775387,907,41,0,2,22744911,1028,33,0,0
22849404,1878,45,0,4,22846928,890,42,0,0
22766870,298,73,0,2,22840421,962,84,0,0
22806742,1654,28,0,1,22812511,666,61,0,0
22858767,1948,57,0,1,22795318,1074,29,0,0
22783592,2570,36,0,3,22855744,986,69,0,0
22837628,561,61,0,9,22775541,1262,97,0,0
22774849,936,39,0,0,22798916,1320,58,0,0
22774881,2464,19,0,8,22802226,669,34,0,0
22800922,1211,18,0,0,22813017,1555,49,0,0
22815626,1442,62,0,0,22741326,1696,59,0,0
22818372,2089,68,0,1,22809614,659,23,0,0
22827316,606,27,0,0,22747781,1033,54,0,0
22833353,265,43,0,1,22824334,642,34,0,0
22816664,819,67,0,2,22782813,2101,52,0,0
22783221,1279,37,0,2,22767446,1046,43,0,0
22776637,475,70,0,0,22848221,942,45,0,0
22859571,2018,49,0,0,22760861,2321,47,0,0
22781035,2272,36,0,1,22837374,227,43,0,0
22753344,1377,31,0,2,22825811,708,77,0,0
22776949,844,49,0,2,22762495,1820,55,0,0
22750343,159,83,0,1,22840031,442,51,0,0
22797068,434,22,0,4,22820602,1744,26,0,0
22866451,1323,47,0,1,22754745,1104,13,0,0
22794885,778,56,0,5,22856281,1081,44,0,0
22825410,749,68,0,3,22835486,791,61,0,0
22818336,1097,53,0,1,22813075,1582,27,0,0
22762825,503,100,0,3,22873875,919,68,0,0
22817306,2297,49,0,2,22755463,742,396,0,0
22784475,1683,30,0,3,22840010,663,46,0,0
22804297,1976,21,0,2,22745384,265,81,0,0
22749012,2301,65,0,2,22825777,2329,63,0,0
22830418,906,22,0,1,22862573,1477,33,0,0
22783887,2330,39,0,9,22830657,561,34,0,0
22829961,1095,45,0,4,22834555,1404,32,0,0
22853892,917,20,0,3,22780018,992,73,0,0
22788190,664,26,0,6,22843024,2364,57,0,0
22785361,1127,37,0,2,22869303,826,28,0,0
22867299,866,51,0,1,22825567,2187,36,0,0
22759377,1928,35,0,1,22847235,924,59,0,0
22746106,134,42,0,1,22781046,656,59,0,0
22854860,1128,49,0,4,22765187,637,59,0,0
22822233,1023,56,0,2,22856442,1483,36,0,0
22824849,1483,40,0,1,22863822,1067,71,0,0
22771859,804,28,0,1,22756102,1161,37,0,0
22830825,290,86,0,1,22776667,285,36,0,0
22752831,664,46,0,1,22831251,592,165,0,0
22823013,363,37,0,1,22867675,379,48,0,0
22822809,246,97,0,3,22821117,1531,17,0,0
22869374,1039,43,0,3,22805722,2105,37,0,0
22828957,1008,80,0,0,22822907,1157,19,0,0
22766228,1377,41,0,5,22865845,806,55,0,0
22779612,1416,28,0,0,22837335,1834,45,0,0
22821474,1284,36,0,5,22744813,768,39,0,0
22872151,974,28,0,0,22793339,1360,30,0,0
22786534,825,46,0,1,22864115,2070,68,0,0
22875705,1989,38,0,3,22846083,1739,100,0,0
22830252,1966,108,0,0,22749027,1149,47,0,0
22781477,2476,47,0,2,22846556,1397,62,0,0
22808457,1407,97,0,5,22831042,1125,58,0,0
22810745,915,62,0,10,22779072,1078,55,0,0
22818929,633,50,0,1,22798206,1011,43,0,0
22824833,1608,85,0,2,22789288,2144,42,0,0
22765441,1277,33,0,3,22792862,1976,42,0,0
22811390,1700,60,0,2,22771199,1376,35,0,0
22781900,2256,24,0,1,22821625,777,51,0,0
22788815,1060,44,0,1,22863756,1427,28,0,0
22875502,1017,52,0,0,22836769,1320,95,0,0
22801764,2409,32,0,5,22809056,1460,59,0,0
22748856,560,63,0,2,22766087,1645,33,0,0
22857815,1619,51,0,11,22788884,1824,36,0,0
22841843,746,20,0,6,22800520,638,39,0,0
22812373,1195,16,0,0,22774569,1654,32,0,0
22862250,687,49,0,3,22852872,431,30,0,0
22850433,1119,33,0,3,22852798,1058,88,0,0
22868385,1184,46,0,0,22825657,1847,49,0,0
22828540,1074,122,0,6,22834688,1523,33,0,0
22855105,1270,32,0,4,22832890,1927,41,0,0
22853939,925,26,0,11,22823391,1397,30,0,0
22749135,1560,57,0,4,22835313,971,48,0,0
22797977,298,36,0,1,22852088,1930,25,0,0
22756857,244,46,0,1,22812186,1475,18,0,0
22844098,698,30,0,0,22789180,1194,64,0,0
22755335,680,41,0,0,22853091,1278,83,0,0
22813232,1351,32,0,2,22755299,1715,27,0,0
22838720,825,34,0,3,22837220,1224,57,0,0
22783567,1200,75,0,7,22804532,609,65,0,0
22794106,565,44,0,0,22780722,962,14,0,0
22875495,1931,50,0,2,22750069,1160,68,0,0
22866162,1265,26,0,1,22864909,1176,39,0,0
22789580,1289,53,0,0,22827372,867,22,0,0
22865368,577,60,0,3,22783551,1306,45,0,0
22836172,1372,20,0,0,22785366,1441,42,0,0
22827213,497,54,0,5,22856164,843,69,0,0
22778216,779,30,0,10,22765893,1150,35,0,0
22842534,1297,53,0,3,22758071,691,44,0,0
22835526,867,81,0,0,22874827,896,46,0,0
22751569,2380,42,0,3,22857459,1495,29,0,0
22767181,297,66,0,2,22832174,1694,61,0,0
22780117,672,60,0,5,22874647,1661,22,0,0
22753935,1443,44,0,1,22853241,119,56,0,0
22837381,524,32,0,2,22842978,1307,34,0,0
22832114,1207,32,0,8,22808900,1024,41,0,0
22751551,1817,34,0,2,22810373,1115,29,0,0
22758782,1094,123,0,0,22839221,687,49,0,0
22767730,1179,71,0,1,22752731,732,39,0,0
22769161,339,50,0,2,22859663,2155,71,0,0
22838356,1031,68,0,6,22747080,301,63,0,0
22816345,693,25,0,0,22789167,1346,44,0,0
22807068,1027,55,0,0,22774821,1184,36,0,0
22798398,2197,32,0,0,22769229,1651,23,0,0
22817396,1385,57,0,3,22778561,963,37,0,0
22789326,2127,32,0,0,22806346,909,86,0,0
22759208,1007,49,0,0,22794419,1400,22,0,0
22746838,963,35,0,0,22834263,987,23,0,0
22823783,548,43,0,0,22788505,1153,32,0,0
22830789,651,55,0,0,22836365,1110,46,0,0
22815965,1162,39,0,0,22794671,602,71,0,0
22871866,1101,89,0,0,22812722,1826,51,0,0
22834806,1070,164,0,0,22851260,2529,62,0,0
22817070,1142,32,0,0,22774236,1253,28,0,0
22817175,1042,45,0,0,22821790,1101,13,0,0
22788437,504,39,0,0,22870272,1303,50,0,0
22877402,1521,31,0,0,22846463,637,32,0,0
22758970,690,33,0,0,22868963,1008,47,0,0
22745988,1150,36,0,0,22832813,1895,41,0,0
22749982,1872,62,0,0,22807985,627,87,0,0
22844331,446,41,0,0,22801813,1187,64,0,0
22757538,1578,43,0,0,22823699,906,21,0,0
22849497,1142,47,0,0,22785900,1430,22,0,0
22868485,900,43,0,0,22835136,1060,54,0,0
22774090,412,25,0,0,22845570,1072,39,0,0
22869603,608,42,0,0,22843666,481,57,0,0
22822226,729,211,0,0,22787888,879,42,0,0
22786605,1122,39,0,0,22760910,408,91,0,0
22786207,1240,135,0,0,22804441,1387,40,0,0
22765095,671,17,0,0,22813366,710,62,0,0
22773617,782,37,0,0,22788389,547,26,0,0
22745954,1820,49,0,5,22778469,1831,31,0,0
22802644,2201,30,0,2,22777923,1191,50,0,0
22795489,797,77,0,2,22823546,2109,52,0,0
22862216,901,32,0,5,22840060,800,36,0,0
22817054,862,163,0,6,22805850,2238,65,0,0
22878024,1384,21,0,4,22790810,486,39,0,0
22789002,1704,44,0,1,22847897,1220,31,0,0
22797257,1307,153,0,2,22840901,1178,46,0,0
22872101,1365,44,0,5,22756997,2021,36,0,0
22878950,814,33,0,1,22846809,549,31,0,0
22866580,2142,19,0,5,22817427,1550,52,0,0
22837160,1756,43,0,1,22854927,1191,39,0,0
22869497,1315,31,0,1,22788326,376,39,0,0
22852373,983,30,0,1,22776705,812,63,0,0
22853426,1576,51,0,0,22825874,607,44,0,0
22858426,1832,28,0,4,22856126,1973,33,0,0
22763774,1294,29,0,0,22866329,1950,32,0,0
22782724,585,42,0,0,22768322,475,37,0,0
22749338,1777,33,0,0,22814564,1390,33,0,0
22787407,862,76,0,0,22877720,1193,14,0,0
22859978,1194,51,0,0,22778029,1281,64,0,0
22835580,1357,139,0,2,22776355,858,23,0,0
22770125,834,49,0,2,22798917,1359,82,0,0
22817147,1643,55,0,7,22798396,1425,35,0,0
22873084,628,65,0,1,22796380,361,121,0,0
22816250,430,53,0,2,22759771,1442,54,0,0
22808805,1393,26,0,0,22801314,1728,31,0,0
22852873,1128,32,0,1,22781952,2324,77,0,0
22755887,1678,39,0,0,22795088,2127,23,0,0
22876328,1232,60,0,0,22822267,1647,35,0,0
22816630,1325,52,0,1,22778725,2411,41,0,0
22777417,746,56,0,1,22762791,941,59,0,0
22871989,518,46,0,4,22874453,854,107,0,0
22788924,1234,20,0,6,22796508,1423,43,0,0
22833070,301,39,0,1,22770085,1748,63,0,0
22863007,914,24,0,1,22752232,1226,68,0,0
22779458,714,43,0,11,22807314,812,66,0,0
22754715,1392,63,0,0,22843284,722,14,0,0
22788307,1034,32,0,4,22791519,1210,83,0,0
22855934,1979,57,0,5,22753043,1037,34,0,0
22874896,904,33,0,0,22869649,1108,26,0,0
22755194,396,45,0,0,22758508,1672,88,0,0
22834363,664,64,0,4,22878599,677,62,0,0
22823540,1027,24,0,3,22787695,395,85,0,0
22822793,353,53,0,1,22852681,1100,33,0,0
22839484,1501,47,0,2,22814545,2303,17,0,0
22868566,1621,37,0,2,22766747,1041,57,0,0
22777503,1240,51,0,2,22761334,2291,51,0,0
22853546,539,63,0,2,22774543,927,62,0,0
22829307,2044,39,0,1,22850769,1682,67,0,0
22768966,1156,59,0,1,22768668,1166,37,0,0
22795638,1296,20,0,3,22777519,644,36,0,0
22778784,1506,27,0,1,22871132,966,35,0,0
22837857,2164,41,0,2,22807277,890,50,0,0
22881265,1315,46,0,2,22830622,487,34,0,0
22830468,1436,37,0,3,22773971,1620,41,0,0
22771954,1196,61,0,0,22859101,1680,33,0,0
22844479,704,54,0,0,22821106,235,55,0,0
22803529,872,91,0,2,22767729,1646,265,0,0
22861914,1131,41,0,3,22770472,1039,58,0,0
22811055,765,58,0,1,22753906,580,31,0,0
22764106,1109,76,0,4,22843260,2156,29,0,0
22838241,2196,70,0,3,22794759,2102,33,0,0
22870270,1707,35,0,0,22772861,1788,86,0,0
22834731,939,29,0,4,22816023,367,36,0,0
22782200,668,54,0,1,22759117,506,52,0,0
22789986,1032,52,0,0,22882589,1976,42,0,0
22853802,852,79,0,4,22841416,1023,60,0,0
22792286,2579,29,0,2,22760714,1029,27,0,0
22827072,2261,42,0,7,22788067,1075,51,0,0
22802530,1214,29,0,0,22790998,774,63,0,0
22882350,170,59,0,2,22803173,782,19,0,0
22841109,1053,41,0,4,22799808,1589,50,0,0
22836865,676,43,0,4,22865893,806,50,0,0
22852706,880,31,0,0,22776638,2188,46,0,0
22757256,1459,64,0,0,22832456,114,27,0,0
22777591,168,45,0,7,22873534,424,25,0,0
22848275,1973,52,0,1,22806904,2065,57,0,0
22778652,1836,25,0,0,22880050,1779,42,0,0
22862485,874,66,0,0,22799943,2171,97,0,0
22792033,1285,34,0,0,22814288,640,44,0,0
22854520,1670,117,0,1,22767537,614,26,0,0
22883936,955,61,0,1,22756614,1447,45,0,0
22853327,2187,45,0,1,22876850,618,85,0,0
22810033,1436,38,0,0,22882526,522,36,0,0
22853048,2104,61,0,4,22811454,989,59,0,0
22877258,1227,32,0,1,22782495,932,32,0,0
22815001,2480,31,0,0,22842369,1291,26,0,0
22861397,1114,22,0,1,22775285,921,71,0,0
22781334,1190,40,0,2,22763915,1321,66,0,0
22766047,1200,39,0,1,22768263,1068,32,0,0
22761018,763,62,0,0,22824416,1781,59,0,0
22756863,1228,75,0,0,22772785,2138,60,0,0
22877177,1137,54,0,4,22852384,1406,76,0,0
22769781,164,69,0,0,22844948,1087,23,0,0
22816695,349,45,0,2,22876852,461,57,0,0
22873424,413,60,0,2,22848765,818,27,0,0
22805334,761,44,0,1,22833609,1927,131,0,0
22792308,496,18,0,2,22887234,2593,45,0,0
22809319,999,51,0,2,22762534,2132,21,0,0
22844747,1361,28,0,1,22862720,1373,17,0,0
22854644,1145,36,0,0,22838146,382,49,0,0
22760708,765,63,0,1,22853901,1812,55,0,0
22853456,2239,47,0,2,22839607,572,120,0,0
22846516,2689,46,0,0,22876598,1805,26,0,0
22836317,1154,40,0,0,22876572,1268,36,0,0
22847189,1203,18,0,3,22884207,608,63,0,0
22853689,786,71,0,1,22757991,775,42,0,0
22788427,258,36,0,2,22864843,1112,22,0,0
22760174,622,21,0,2,22801365,988,43,0,0
22801260,1627,38,0,2,22809151,182,79,0,0
22774431,1015,66,0,3,22867156,1152,37,0,0
22855967,1712,55,0,0,22829383,912,77,0,0
22845260,1032,30,0,5,22868686,1423,49,0,0
22787422,1872,29,0,3,22822238,960,24,0,0
22820173,1085,47,0,10,22846701,764,92,0,0
22785496,895,30,0,4,22849911,931,103,0,0
22833328,1650,44,0,4,22883868,562,35,0,0
22831834,627,52,0,3,22886166,1631,62,0,0
22861257,1760,41,0,2,22866084,1876,21,0,0
22772958,2085,29,0,3,22849295,1853,121,0,0
22838048,2554,79,0,2,22816324,1262,14,0,0
22823290,1992,48,0,2,22800848,805,44,0,0
22863661,1182,97,0,1,22852508,1240,28,0,0
22805160,927,84,0,1,22801661,1468,52,0,0
22802174,2101,71,0,1,22884869,217,82,0,0
22820060,1284,41,0,0,22864223,1880,55,0,0
22863658,985,40,0,2,22799396,1364,59,0,0
22886807,768,41,0,1,22805275,828,53,0,0
22852648,218,111,0,0,22800231,1192,73,0,0
22821405,1884,23,0,0,22869833,1071,48,0,0
22793012,1479,26,0,3,22758728,2404,68,0,0
22806395,1417,36,0,2,22816043,821,49,0,0
22802171,702,27,0,1,22884802,1708,57,0,0
22786556,2041,63,0,1,22766842,1137,41,0,0
22759537,1600,43,0,8,22865267,2214,46,0,0
22765286,1463,44,0,8,22779522,2377,28,0,0
22862813,594,27,0,0,22817623,1344,88,0,0
22877783,1603,44,0,4,22850617,531,25,0,0
22812401,766,55,0,3,22881300,982,75,0,0
22820702,803,63,0,2,22854310,2119,27,0,0
22818208,776,54,0,0,22809636,1584,43,0,0
22833326,996,57,0,1,22830417,896,36,0,0
22843621,1819,45,0,3,22870627,1631,23,0,0
22791026,865,67,0,2,22803291,926,62,0,0
22811539,1497,36,0,0,22759263,916,49,0,0
22873366,1324,33,0,3,22868743,761,56,0,0
22762558,897,44,0,9,22773229,2491,53,0,0
22763979,2049,29,0,3,22791346,1673,52,0,0
22852486,1885,46,0,2,22781985,805,57,0,0
22890341,364,52,0,1,22812015,2548,83,0,0
22874926,1332,34,0,1,22791541,802,62,0,0
22856880,1838,57,0,0,22889239,1952,51,0,0
22866922,753,38,0,1,22867769,771,45,0,0
22879893,1439,22,0,1,22842325,1019,61,0,0
22847809,826,42,0,1,22808491,102,42,0,0
22885214,437,57,0,1,22775161,797,60,0,0
22772071,1201,43,0,2,22785931,2009,64,0,0
22782514,1177,40,0,2,22807447,1287,62,0,0
22845193,1187,48,0,2,22796635,740,38,0,0
22875425,864,26,0,3,22808606,2375,83,0,0
22846528,1400,94,0,2,22802288,1359,16,0,0
22817360,1667,48,0,1,22868774,1180,26,0,0
22832716,2185,80,0,0,22810429,1552,56,0,0
22831894,1560,54,0,3,22841598,874,96,0,0
22882570,904,45,0,5,22819605,1596,54,0,0
22768803,158,39,0,3,22764921,1727,95,0,0
22777472,112,47,0,0,22866495,1014,51,0,0
22766325,915,54,0,3,22855455,1700,27,0,0
22788811,573,106,0,1,22843874,1463,24,0,0
22803482,1329,40,0,3,22829758,1196,30,0,0
22764092,1676,48,0,1,22769028,1298,54,0,1
22789839,1767,54,0,1,22874364,633,25,0,0
22869421,1306,31,0,1,22849302,614,40,0,0
22840776,789,54,0,3,22849159,1164,73,0,0
22864868,2324,78,0,1,22879254,720,44,0,0
22763832,1264,30,0,2,22820388,1175,39,0,0
22804703,1036,39,0,0,22876957,1683,31,0,0
22792631,472,32,0,1,22780044,2017,29,0,0
22861229,1888,22,0,1,22837843,1372,86,0,0
22786682,2559,22,0,0,22771757,2056,39,0,0
22815097,1620,47,0,3,22817608,800,83,0,0
22815596,1390,41,0,2,22780136,828,123,0,0
22853727,380,80,0,2,22865598,218,113,0,0
22781946,561,43,0,6,22872194,762,78,0,0
22883290,824,45,0,3,22807019,906,68,0,0
22768174,1578,23,0,0,22834208,1440,54,0,0
22855547,627,26,0,1,22805686,1957,17,0,0
22805705,968,25,0,0,22833941,1614,36,0,0
22877486,632,46,0,0,22828911,691,39,0,0
22884872,1310,60,0,1,22855246,1880,48,0,0
22804947,949,42,0,3,22815681,1188,41,0,0
22840558,916,31,0,3,22794454,1878,65,0,0
22764290,1352,31,0,1,22790430,2123,51,0,0
22773690,2415,57,0,3,22813995,1335,40,0,0
22760348,626,63,0,0,22830465,1110,34,0,0
22833740,2191,48,0,3,22835852,1873,51,0,0
22847280,969,116,0,4,22850546,974,41,0,0
22845317,1188,42,0,0,22811293,1981,42,0,0
22783026,1333,44,0,1,22817048,797,80,0,0
22784346,550,27,0,0,22844924,1634,57,0,0
22808493,250,27,0,0,22845897,750,92,0,0
22789686,1681,53,0,0,22826887,1670,37,0,0
22829643,1009,109,0,2,22876663,1176,41,0,0
22771764,653,52,0,0,22764906,805,27,0,0
22843506,2317,31,0,1,22770075,1267,41,0,0
22773432,843,31,0,0,22819411,576,43,0,0
22854582,1899,36,0,4,22851521,2149,51,0,0
22846993,1636,24,0,4,22785382,621,44,0,0
22855953,1105,56,0,0,22836356,1535,33,0,0
22755557,1731,29,0,6,22753937,252,52,0,0
22853043,1390,94,0,2,22863435,1687,38,0,0
22801911,973,48,0,0,22859811,279,71,0,0
22885334,1572,42,0,3,22864748,1637,46,0,0
22790738,1606,47,0,1,22794073,1014,51,0,0
22781361,2020,13,0,0,22824203,1908,54,0,0
22772519,900,47,0,1,22853452,1922,64,0,0
22824973,2186,51,0,0,22845296,603,45,0,0
22794429,1732,38,0,0,22872970,1157,76,0,0
22755150,641,65,0,0,22760420,943,33,0,0
22773639,535,51,0,1,22850193,1442,37,0,0
22771995,566,43,0,2,22798602,740,71,0,0
22856342,2192,26,0,1,22782135,684,54,0,0
22865146,828,29,0,0,22877167,1647,79,0,0
22819848,1020,80,0,0,22764759,1717,64,0,0
22789992,1978,47,0,1,22836302,919,29,0,0
22788984,1296,52,0,1,22814045,1696,20,0,0
22760764,762,37,0,2,22876706,1008,65,0,0
22879508,1722,75,0,0,22888125,1273,41,0,0
22875100,1115,18,0,1,22862333,583,60,0,0
22806715,1699,27,0,2,22784237,1808,48,0,0
22845761,1140,88,0,2,22811071,740,45,0,0
22877670,1189,49,0,0,22869725,2414,59,0,0
22856583,395,68,0,0,22775457,1545,57,0,0
22843048,1392,39,0,0,22750733,854,49,0,0
22774306,490,49,0,1,22774626,339,40,0,0
22795581,1534,33,0,0,22833383,532,60,0,0
22875816,814,43,0,1,22840022,1925,22,0,0
22793331,1073,31,0,3,22854741,952,19,0,0
22846237,341,24,0,0,22820639,1141,27,0,0
22870193,946,33,0,2,22859602,671,18,0,0
22781862,2554,33,0,0,22784108,1416,63,0,0
22859037,205,39,0,1,22857192,2435,40,0,0
22829517,475,54,0,1,22804495,605,59,0,0
22774599,1783,52,0,1,22854633,1979,39,0,0
22864551,507,39,0,1,22858566,1298,18,0,0
22877682,1584,70,0,0,22761085,792,62,0,0
22783773,741,31,0,0,22862285,1446,46,0,0
22795400,890,64,0,0,22825236,1289,15,0,0
22772212,1030,71,0,3,22865442,1397,43,0,0
22855489,1968,18,0,4,22880196,767,24,0,0
22802323,1736,39,0,3,22843770,673,73,0,0
22798394,1660,80,0,3,22820135,2179,32,0,0
22862930,474,53,0,4,22872962,903,41,0,0
22865167,856,73,0,1,22835205,1728,57,0,0
22828479,1887,106,0,1,22803525,1172,35,0,0
22780983,2552,18,0,2,22882703,2035,31,0,0
22824061,748,43,0,2,22889496,942,22,0,0
22849864,2082,44,0,11,22783710,641,107,0,0
22781120,1061,58,0,4,22816051,2594,57,0,0
22857393,418,23,0,4,22803246,1814,38,0,0
22879738,475,29,0,1,22844915,957,57,0,0
22833498,1562,77,0,3,22870024,871,28,0,0
22843906,1728,31,0,2,22878637,375,79,0,0
22892456,1553,28,0,3,22884865,758,43,0,0
22894421,1782,61,0,4,22827115,347,47,0,0
22866094,2405,66,0,4,22893587,967,60,0,0
22890893,696,31,0,12,22897509,1665,64,0,0
22827009,1612,51,0,4,22851272,1201,65,0,0
22824876,1970,41,0,0,22785115,837,58,0,0
22811768,504,82,0,1,22871461,1243,42,0,0
22874058,1187,79,0,5,22886919,335,102,0,0
22867545,2046,17,0,1,22842598,1041,37,0,0
22827228,1663,43,0,1,22846944,1371,42,0,0
22784743,1101,17,0,2,22814726,582,24,0,0
22837720,682,63,0,0,22803750,203,64,0,0
22874772,1166,18,0,1,22861976,1185,67,0,0
22893095,844,49,0,1,22800338,666,35,0,0
22808775,1598,33,0,2,22840207,1841,38,0,0
22844937,762,39,0,1,22767425,366,20,0,0
22876984,1251,58,0,6,22844825,928,75,0,0
22789766,1690,33,0,1,22893778,1084,31,0,0
22817635,1261,60,0,7,22866203,996,25,0,0
22788134,868,70,0,1,22769849,305,69,0,0
22876130,914,48,0,1,22812690,1037,25,0,0
22771391,1379,39,0,1,22809857,979,51,0,0
22895912,644,36,0,2,22871640,989,62,0,0
22843469,888,64,0,7,22791427,738,85,0,0
22879543,1181,59,0,0,22894272,282,143,0,0
22885859,1585,53,0,0,22868523,2153,22,0,0
22828792,1387,39,0,1,22888370,653,49,0,0
22868224,740,62,0,3,22855370,888,108,0,0
22881250,1591,64,0,4,22888429,945,77,0,0
22805837,2170,29,0,1,22792236,866,57,0,0
22892488,1040,33,0,2,22854324,803,23,0,0
22855672,923,22,0,2,22799749,982,85,0,0
22825522,2419,42,0,6,22794327,1344,43,0,0
22793541,910,25,0,0,22769715,882,16,0,0
22793553,1532,86,0,0,22781829,1691,30,0,0
22874598,1090,32,0,6,22816782,2002,61,0,0
22893383,1168,113,0,6,22769287,587,47,0,0
22857379,575,56,0,1,22812019,1197,71,0,0
22807905,2143,43,0,3,22833695,2129,42,0,0
22840715,1398,27,0,1,22780552,1827,28,0,0
22780093,1533,57,0,0,22857802,1493,57,0,0
22778613,1357,125,0,1,22876282,429,33,0,0
22843781,700,49,0,4,22898656,1014,30,0,0
22850108,856,36,0,2,22875374,631,80,0,0
22871372,823,66,0,2,22862323,604,44,0,0
22881820,1770,55,0,1,22802050,1487,239,0,0
22811407,1691,27,0,2,22816359,1129,98,0,0
22812543,912,43,0,3,22791827,1260,76,0,0
22848394,1107,29,0,10,22828947,1481,50,0,0
22798298,773,27,0,2,22768059,1202,30,0,0
22822753,250,47,0,1,22819761,1536,55,0,0
22803141,608,115,0,0,22879486,1268,40,0,0
22800674,1983,74,0,2,22843178,1134,39,0,0
22855374,984,29,0,3,22891634,700,84,0,0
22812857,799,41,0,2,22875721,1137,29,0,0
22855412,1513,58,0,1,22851471,1439,85,0,0
22872751,1111,25,0,2,22820077,1325,21,0,0
22856344,1749,38,0,2,22803177,643,61,0,0
22892933,904,67,0,4,22852169,808,68,0,0
22893167,1845,60,0,4,22849881,314,48,0,0
22799595,1093,40,0,5,22854008,1145,66,0,0
22794212,646,81,0,4,22875496,1320,27,0,0
22879135,1186,84,0,4,22818084,995,65,0,0
22809590,1456,48,0,1,22857628,2295,33,0,0
22816862,824,30,0,2,22891428,1081,29,0,0
22876661,1082,17,0,12,22884042,983,45,0,0
22843492,1134,99,0,1,22775676,832,24,0,0
22892443,271,130,0,0,22780632,872,29,0,0
22888363,613,99,0,0,22790418,652,33,0,0
22836225,791,35,0,3,22868692,791,44,0,0
22839043,291,254,0,2,22792384,1340,57,0,0
22882599,2059,55,0,4,22823123,1540,39,0,0
22873712,1162,21,0,7,22785546,1633,65,0,0
22853624,400,42,0,1,22819186,852,69,0,0
22837000,110,83,0,5,22843005,490,59,0,0
22886659,1464,24,0,1,22844798,1597,51,0,0
22801713,720,22,0,4,22776320,940,34,0,0
22819342,1401,37,0,3,22837302,616,52,0,0
22858446,545,33,0,1,22835385,297,78,0,0
22851864,1588,39,0,1,22839288,917,69,0,0
22880448,1503,73,0,4,22891470,1220,31,0,0
22874482,986,21,0,1,22878291,643,33,0,0
22838832,1267,68,0,6,22809880,875,57,0,0
22804773,917,25,0,0,22854118,627,39,0,0
22789635,815,26,0,1,22820412,670,57,0,0
22809560,694,76,0,4,22789755,1426,51,0,0
22790685,516,25,0,11,22789028,298,46,0,0
22781811,1678,41,0,2,22776067,1413,41,0,0
22820302,1307,34,0,3,22831703,1633,32,0,0
22880478,1200,18,0,1,22799074,2311,37,0,0
22837790,1434,65,0,1,22801152,1065,17,0,0
22836407,613,47,0,1,22845676,1434,32,0,0
22870146,876,47,0,0,22832261,979,40,0,0
22894067,335,50,0,1,22884591,469,62,0,0
22834796,1487,33,0,0,22886758,752,74,0,0
22822135,1181,39,0,0,22774890,847,44,0,0
22785497,938,51,0,1,22801605,1609,51,0,0
22864668,1817,50,0,2,22871596,1759,38,0,0
22887847,435,80,0,0,22885676,1424,72,0,0
22828677,394,55,0,1,22901546,2196,27,0,0
22810549,1085,18,0,2,22816427,1211,45,0,0
22870732,921,23,0,8,22829704,978,31,0,1
22881415,2124,52,0,0,22867275,804,28,0,0
22800754,967,46,0,5,22855691,986,46,0,0
22786440,363,38,0,1,22827341,698,64,0,0
22781987,613,79,0,0,22840224,930,34,0,0
22840889,999,53,0,0,22850961,835,39,0,0
22771725,1873,46,0,1,22882373,1100,36,0,0
22779097,878,37,0,3,22901213,1233,69,0,0
22832250,746,54,0,4,22792855,994,48,0,0
22845703,1179,35,0,3,22841682,1654,40,0,0
22813033,1001,34,0,0,22836726,1387,55,0,0
22871054,1668,92,0,8,22890698,561,43,0,0
22821747,810,56,0,1,22883458,674,48,0,0
22834820,658,52,0,0,22816583,296,59,0,0
22856228,1660,42,0,0,22797749,1732,48,0,0
22898859,731,45,0,3,22903037,1489,63,0,0
22875284,1164,55,0,1,22889959,760,54,0,0
22847039,568,38,0,1,22855132,1728,41,0,0
22837485,1739,32,0,2,22785725,220,25,0,0
22850482,1211,53,0,1,22861193,603,47,0,0
22773108,713,60,0,5,22861059,794,76,0,0
22786987,544,64,0,3,22873980,1151,68,0,0
22834327,731,46,0,0,22878767,749,42,0,0
22778835,2193,28,0,1,22813766,655,75,0,0
22903189,1660,48,0,2,22772803,678,22,0,0
22794235,760,41,0,1,22873502,1613,46,0,0
22812388,1428,55,0,1,22875349,1187,71,0,0
22856154,923,73,0,3,22891570,1134,40,0,0
22813890,863,35,0,1,22833833,1630,29,0,0
22826043,960,43,0,2,22782752,988,76,0,0
22785468,1014,60,0,1,22877991,766,25,0,0
22898848,1275,36,0,3,22814585,865,52,0,0
22850775,812,78,0,2,22802875,902,21,0,0
22838804,768,33,0,0,22862321,670,53,0,0
22863141,312,80,0,3,22858836,614,38,0,0
22854857,1118,103,0,4,22795904,1158,54,0,0
22788723,1544,38,0,1,22870077,483,44,0,0
22775732,1179,93,0,0,22831049,1718,54,0,0
22793313,1189,28,0,0,22783157,1367,23,0,0
22899086,1147,31,0,0,22798857,1940,24,0,0
22823468,1052,45,0,0,22798333,1188,39,0,0
22888754,1102,49,0,0,22843624,1769,60,0,0
22876695,985,30,0,2,22863771,730,142,0,0
22903320,626,74,0,3,22827418,1324,46,0,0
22875412,591,33,0,0,22848874,2091,71,0,0
22816003,1294,64,0,6,22825554,1490,73,0,0
22901792,721,87,0,3,22838114,1701,35,0,0
22901136,1747,69,0,1,22896703,1044,60,0,0
22861917,670,28,0,1,22844917,338,50,0,0
22862311,1714,61,0,2,22861471,678,29,0,0
22888927,1171,39,0,2,22895472,1548,39,0,0
22907080,1875,64,0,1,22806733,855,38,0,0
22803840,2178,36,0,3,22825242,2093,60,0,0
22809934,835,25,0,2,22885241,1782,32,0,0
22834025,1606,96,0,0,22793827,275,131,0,0
22842137,1596,69,0,1,22808648,900,83,0,0
22785056,937,62,0,1,22906696,1086,27,0,0
22814791,1969,49,0,2,22880941,824,38,0,0
22835431,879,24,0,1,22775488,829,64,0,0
22827453,2168,44,0,1,22869183,2409,39,0,0
22897636,1248,125,0,5,22811221,776,47,0,0
22791640,793,23,0,2,22845864,1672,54,0,0
22782740,1935,49,0,1,22848679,2299,63,0,0
22905873,766,48,0,0,22804720,1496,57,0,0
22801507,1265,35,0,4,22815017,543,38,0,0
22851933,925,50,0,1,22830982,309,28,0,0
22824224,1291,30,0,2,22859822,1547,28,0,0
22844057,1019,61,0,1,22850481,1179,49,0,0
22812309,926,29,0,0,22827879,381,42,0,0
22852366,1009,21,0,8,22871615,2419,34,0,0
22821753,2176,59,0,1,22856784,1353,47,0,0
22776821,1334,65,0,0,22779379,1174,27,0,0
22875428,803,82,0,3,22842584,1885,26,0,0
22867189,1388,78,0,2,22807209,1339,67,0,0
22872547,524,81,0,2,22901973,801,45,0,0
22881473,1378,45,0,3,22868427,690,74,0,0
22803443,902,23,0,1,22882735,1636,23,0,0
22893092,1018,42,0,7,22790086,738,29,0,0
22844438,2453,63,0,6,22865578,1615,65,0,0
22826330,1136,18,0,1,22810044,1072,35,0,0
22904831,1303,36,0,1,22789281,863,23,0,0
22830758,923,48,0,2,22786905,611,49,0,0
22797460,1352,31,0,0,22830523,1568,30,0,0
22801016,1871,50,0,2,22834690,570,43,0,0
22858056,912,45,0,5,22826184,1139,73,0,0
22889793,1254,28,0,1,22908317,1407,58,0,0
22827244,854,16,0,2,22789315,730,36,0,0
22852768,1229,37,0,3,22798684,1413,69,0,0
22863382,1995,57,0,5,22831422,1477,42,0,0
22880947,1218,27,0,5,22904363,675,64,0,0
22874339,1067,24,0,3,22870584,1729,71,0,0
22868873,1531,40,0,0,22893260,1765,34,0,0
22820054,1144,57,0,5,22879755,657,51,0,0
22824192,172,58,0,7,22879550,1302,39,0,0
22862988,1243,54,0,0,22778251,437,37,0,0
22786157,408,54,0,1,22907552,1045,60,0,0
22907615,1621,23,0,0,22791810,573,26,0,0
22829497,1218,118,0,1,22883471,1278,40,0,0
22790288,671,51,0,3,22865728,232,43,0,0
22858212,745,52,0,0,22824443,920,30,0,0
22791643,752,31,0,0,22880017,861,94,0,0
22872739,1562,47,0,3,22827637,585,51,0,0
22834377,1398,40,0,0,22863688,1066,54,0,0
22888766,817,35,0,1,22891609,1420,38,0,0
22810961,520,48,0,0,22876097,1586,34,0,0
22867357,2365,27,0,1,22909820,1164,84,0,0
22778936,1321,58,0,1,22868625,1564,29,0,0
22777105,859,51,0,1,22888322,616,87,0,0
22908053,1104,42,0,2,22818594,1468,23,0,0
22884537,414,55,0,0,22889316,1373,61,0,0
22787951,849,26,0,1,22808208,2487,17,0,0
22880369,578,69,0,0,22835255,740,80,0,0
22887394,1582,76,0,1,22856863,1684,54,0,0
22827894,1247,41,0,4,22900232,1235,45,0,0
22877249,824,58,0,0,22816886,1107,30,0,0
22907569,364,67,0,0,22908339,1048,57,0,0
22787393,697,28,0,1,22842661,117,33,0,0
22777278,582,42,0,0,22882288,160,126,0,0
22872995,1976,24,0,0,22861803,868,58,0,0
22910553,1472,55,0,2,22851394,661,87,0,0
22901691,467,62,0,2,22846251,689,41,0,0
22907834,1122,18,0,0,22872760,911,54,0,0
22878008,1121,93,0,0,22836647,548,26,0,0
22863533,1407,48,0,6,22804408,2080,37,0,0
22813183,1264,32,0,5,22864548,530,68,0,0
22865775,1620,81,0,0,22880730,1290,25,0,0
22806945,1251,53,0,7,22850029,1173,60,0,0
22849062,780,140,0,1,22891154,565,40,0,0
22809737,922,23,0,0,22888603,1343,17,0,0
22877195,1699,20,0,1,22856535,1177,39,0,0
22781392,529,69,0,2,22835661,1891,58,0,0
22866779,951,28,0,0,22874673,885,32,0,0
22897225,838,42,0,4,22818819,1090,32,0,0
22883731,747,28,0,2,22789975,1941,56,0,0
22905091,852,46,0,0,22791479,1250,45,0,0
22824776,1251,37,0,1,22908155,1045,40,0,0
22831289,2277,72,0,0,22859001,900,27,0,0
22782946,1895,30,0,1,22838627,1704,84,0,0
22809171,496,41,0,0,22847733,463,63,0,0
22792568,1863,38,0,3,22902393,1095,37,0,0
22814306,1565,28,0,3,22819248,1821,47,0,0
22889116,654,61,0,3,22865825,1510,28,0,0
22854475,1265,42,0,0,22905723,754,17,0,0
22799404,161,36,0,1,22890057,920,138,0,0
22831284,2440,59,0,1,22809061,787,36,0,0
22899192,1020,29,0,2,22828501,338,35,0,0
22910252,1082,50,0,2,22912558,702,54,0,0
22779775,1078,74,0,0,22887523,2425,40,0,0
22869249,228,30,0,1,22785962,1590,52,0,0
22906086,702,29,0,1,22882498,335,63,0,0
22857813,1155,53,0,2,22908636,2141,43,0,0
22888597,1402,53,0,1,22790997,904,80,0,0
22792791,2224,49,0,0,22808763,1651,50,0,0
22795657,963,22,0,0,22875630,1007,40,0,0
22782705,905,46,0,3,22853445,2545,42,0,0
22831669,1249,33,0,1,22877163,451,90,0,0
22786129,512,64,0,3,22863425,1770,50,0,0
22848347,776,91,0,1,22836652,1072,54,0,0
22825966,1040,31,0,3,22907883,1049,59,0,0
22811058,1264,76,0,6,22802357,1247,46,0,0
22886482,969,47,0,5,22865849,314,30,0,0
22817654,666,100,0,0,22856207,1184,46,0,0
22822590,2345,47,0,1,22830746,1081,35,0,0
22895957,2122,31,0,5,22910070,946,64,0,0
22809483,935,37,0,0,22868045,1297,65,0,0
22785910,554,62,0,0,22905599,643,94,0,0
22815677,950,73,0,2,22866223,1771,54,0,0
22900958,653,27,0,1,22903979,969,32,0,0
22853851,2154,25,0,0,22850802,1961,50,0,0
22909702,582,39,0,7,22910780,1611,72,0,0
22866930,734,40,0,5,22797652,651,27,0,0
22794717,1899,45,0,2,22877530,1468,71,0,0
22829173,1706,45,0,2,22799255,2304,61,0,0
22857396,403,38,0,3,22905832,280,23,0,0
22819385,1535,53,0,0,22788943,1347,32,0,0
22898843,2255,58,0,2,22841611,665,47,0,0
22835807,1890,72,0,1,22787672,203,101,0,0
22793299,394,53,0,0,22856384,501,35,0,0
22848840,440,112,0,1,22905663,246,54,0,0
22890365,1554,90,0,1,22798639,1230,50,0,0
22837471,1156,26,0,12,22854129,371,30,0,0
22904932,1125,41,0,0,22831676,1148,57,0,0
22833834,1659,49,0,3,22795145,1840,54,0,0
22780687,1403,102,0,15,22892527,1790,48,0,0
22831809,1286,53,0,1,22859659,1899,131,0,0
22816903,1357,39,0,1,22790777,1091,52,0,0
22897988,1774,80,0,6,22842104,612,41,0,0
22875221,1296,47,0,0,22878575,1177,37,0,0
22851939,1017,22,0,0,22879313,967,66,0,0
22824466,1043,112,0,1,22877953,1142,131,0,0
22896515,2181,29,0,4,22799311,1689,58,0,0
22913556,780,84,0,2,22809844,282,37,0,0
22790703,177,25,0,4,22825870,714,41,0,0
22795328,781,29,0,2,22872982,1264,42,0,0
22810635,854,52,0,2,22850901,797,21,0,0
22850520,674,17,0,1,22868650,934,68,0,0
22802074,368,48,0,7,22786649,426,29,0,0
22811001,558,24,0,1,22854750,1520,24,0,0
22854102,1375,19,0,3,22804619,703,36,0,0
22816559,1801,19,0,1,22793293,373,27,0,0
22838063,200,41,0,0,22825747,1206,30,0,0
22837808,778,35,0,0,22795312,1843,35,0,0
22913560,671,37,0,1,22788662,1520,50,0,0
22825830,348,54,0,1,22848831,1875,57,0,0
22907060,267,48,0,2,22868053,464,122,0,0
22868117,2261,23,0,2,22842432,2119,68,0,0
22791619,1173,29,0,1,22819928,554,53,0,0
22895495,670,26,0,0,22874616,557,43,0,0
22802334,651,70,0,0,22889371,2187,42,0,0
22905393,2122,40,0,1,22892072,658,56,0,0
22916797,1116,78,0,0,22883162,941,81,0,0
22894861,818,39,0,0,22813904,632,36,0,0
22915311,2418,101,0,0,22910132,1582,18,0,0
22906821,843,44,0,0,22869293,481,61,0,0
22846349,1674,26,0,0,22874054,2079,43,0,0
22794857,2452,30,0,3,22892535,836,57,0,0
22885238,2574,49,0,1,22905624,1140,21,0,0
22823066,1941,40,0,6,22891025,1215,23,0,0
22900517,844,19,0,8,22842282,1122,38,0,0
22838259,854,33,0,3,22823726,607,49,0,0
22788200,129,110,0,0,22891771,1161,38,0,0
22803742,993,23,0,1,22792686,611,76,0,0
22887493,1416,41,0,0,22874653,1215,61,0,0
22867415,1294,44,0,2,22894747,2474,60,0,0
22859860,750,68,0,0,22844394,1296,41,0,0
22843335,670,41,0,1,22894740,568,46,0,0
22873311,2488,41,0,5,22866837,651,115,0,0
22886872,1660,35,0,5,22784103,1237,27,0,0
22864876,951,28,0,2,22791872,1321,59,0,0
22898025,603,43,0,0,22792874,1629,16,0,0
22819212,788,35,0,1,22845385,740,76,0,0
22845916,784,18,0,1,22821432,1876,54,0,0
22798701,614,29,0,2,22801767,455,46,0,0
22830914,1713,42,0,2,22835768,941,81,0,0
22841737,470,44,0,0,22799378,1096,42,0,0
22813244,927,26,0,7,22787222,981,32,0,0
22893731,1053,57,0,0,22895474,1396,64,0,0
22885156,1102,53,0,2,22902849,1014,28,0,0
22837197,504,50,0,2,22910161,1586,38,0,0
22851427,593,64,0,4,22809370,1842,85,0,0
22917414,1124,34,0,7,22878976,865,23,0,0
22841774,592,15,0,7,22889920,1499,26,0,0
22849575,865,46,0,4,22873332,979,96,0,0
22906270,1491,24,0,0,22906370,1298,75,0,0
22829246,1150,35,0,0,22827520,1269,102,0,0
22892814,361,77,0,2,22916662,603,37,0,0
22851831,1317,155,0,1,22880603,502,33,0,0
22821314,1172,35,0,4,22917982,1159,39,0,0
22789845,727,28,0,3,22879500,1334,23,0,0
22788094,1264,45,0,2,22795488,528,52,0,0
22791253,659,24,0,3,22806550,1306,80,0,0
22803578,1670,25,0,2,22855042,1618,37,0,0
22871288,864,29,0,10,22878518,1309,49,0,0
22911289,1432,30,0,0,22904081,2376,58,0,0
22808069,1161,49,0,7,22902958,1519,20,0,0
22838569,663,71,0,1,22809637,243,42,0,0
22854434,1754,74,0,1,22910343,1335,17,0,0
22817576,1213,28,0,3,22847394,1678,44,0,0
22868759,841,88,0,2,22805098,1131,44,0,0
22807200,1633,21,0,2,22822494,538,41,0,0
22905331,357,53,0,1,22789102,616,38,0,0
22913057,650,67,0,1,22826053,448,53,0,0
22841930,1761,60,0,2,22840090,492,49,0,0
22835401,1359,27,0,2,22904164,115,54,0,0
22838292,1017,65,0,0,22855321,992,52,0,0
22868601,1057,53,0,1,22895980,2441,22,0,0
22900937,519,74,0,4,22906357,968,32,0,0
22900473,1197,53,0,1,22797379,468,29,0,0
22881033,1443,52,0,4,22911829,1253,27,0,0
22914954,1958,52,0,2,22886205,1231,52,0,0
22788360,1743,44,0,1,22914478,758,28,0,0
22898119,2165,22,0,0,22814518,1627,28,0,0
22908330,1666,38,0,1,22848857,1276,128,0,0
22911855,940,36,0,1,22865649,629,106,0,0
22865905,1295,25,0,0,22842905,1523,23,0,0
22857222,467,18,0,0,22907278,1117,27,0,0
22913903,1089,31,0,0,22877688,618,47,0,0
22865668,1818,26,0,3,22863489,2043,51,0,0
22906589,1003,22,0,1,22919957,1915,63,0,0
22901895,1936,29,0,0,22804012,423,37,0,0
22918504,1612,29,0,2,22792271,1009,36,0,0
22847025,1064,37,0,1,22860909,1268,49,0,0
22889352,428,99,0,1,22819788,1040,47,0,0
22856751,1311,28,0,1,22820669,1638,63,0,0
22911957,1278,52,0,3,22905654,843,34,0,0
22879677,1150,79,0,1,22863142,1644,22,0,0
22866502,204,83,0,1,22792465,1153,36,0,0
22840575,1264,65,0,2,22819735,1462,38,0,0
22832398,2223,71,0,0,22809661,550,33,0,0
22911857,1700,32,0,2,22791219,1006,80,0,0
22891717,1398,47,0,2,22897945,1240,93,0,0
22885498,784,58,0,3,22872264,2198,58,0,0
22818269,1559,28,0,2,22833348,1118,24,0,0
22834483,1170,33,0,0,22862314,223,97,0,0
22916629,615,54,0,1,22910847,1698,21,0,0
22823083,1121,76,0,3,22820842,1174,27,0,0
22858609,1419,70,0,0,22891696,825,20,0,0
22870122,1759,67,0,5,22884925,1468,35,0,0
22789464,578,19,0,0,22901524,856,33,0,0
22862363,1150,66,0,0,22892951,897,75,0,0
22846228,2138,29,0,1,22920483,1131,14,0,0
22831136,451,104,0,3,22888275,1445,79,0,0
22864652,1513,39,0,1,22891893,1159,60,0,0
22834293,1139,55,0,1,22813492,642,52,0,0
22820690,2129,26,0,4,22868184,1218,31,0,0
22819541,2156,39,0,7,22869607,2146,42,0,0
22905303,1034,61,0,0,22806279,308,28,0,0
22883263,858,75,0,3,22817518,792,92,0,0
22878520,805,38,0,3,22825815,1796,27,0,0
22903052,1700,49,0,2,22890318,1580,39,0,0
22884699,1698,23,0,0,22914988,1602,48,0,0
22837162,972,65,0,3,22891825,575,98,0,0
22832695,847,19,0,7,22845264,1122,70,0,0
22866494,897,28,0,6,22830765,609,19,0,0
22845912,814,70,0,10,22893475,1472,76,0,0
22916163,992,26,0,3,22840001,551,48,0,0
22908129,1672,43,0,1,22888690,1210,21,0,0
22914327,721,39,0,8,22844114,1654,82,0,0
22839878,1672,107,0,0,22821585,911,74,0,0
22894238,1737,39,0,2,22839392,1156,38,0,0
22896550,1715,50,0,6,22848539,349,35,0,0
22906661,173,87,0,0,22791129,572,62,0,0
22894324,2172,49,0,2,22840523,1939,20,0,0
22918840,297,31,0,8,22845808,1871,50,0,0
22905978,1340,43,0,0,22823557,724,90,0,0
22825189,648,52,0,1,22807353,685,82,0,0
22843571,1194,29,0,4,22790720,1023,33,0,0
22919789,714,28,0,1,22850702,241,132,0,0
22842139,1646,65,0,0,22834642,436,73,0,0
22918705,1652,65,0,1,22857115,107,45,0,0
22866280,537,39,0,5,22817657,1056,28,0,0
22862236,553,39,0,1,22898641,195,56,0,0
22809625,2171,54,0,2,22837827,703,39,0,0
22798232,940,62,0,0,22844521,1189,40,0,0
22876908,1669,109,0,2,22845474,1316,62,0,0
22844367,1071,31,0,0,22884835,2145,33,0,0
22840686,1044,31,0,1,22815335,634,59,0,0
22841425,1343,48,0,2,22884460,1006,67,0,0
22824828,827,46,0,1,22922293,733,35,0,0
22826964,1782,20,0,0,22923214,1487,27,0,0
22917604,637,87,0,0,22921314,1132,59,0,0
22798277,1454,34,0,5,22830289,1301,41,0,0
22895123,869,64,0,1,22917840,977,29,0,0
22910576,1598,26,0,0,22885835,1470,53,0,0
22843922,2149,42,0,0,22918503,1399,39,0,0
22822059,933,112,0,0,22887034,739,31,0,0
22819978,829,20,0,0,22877106,846,32,0,0
22912844,2043,35,0,1,22802157,1262,49,0,0
22919999,371,54,0,1,22870000,805,35,0,0
22917183,1579,50,0,1,22809225,1130,48,0,0
22880183,1369,71,0,2,22827393,1284,46,0,0
22855883,1283,40,0,0,22912899,988,66,0,0
22859764,1003,55,0,4,22899300,1353,52,0,0
22806675,1332,55,0,0,22796964,1537,42,0,0
22916072,833,37,0,1,22853662,1689,54,0,0
22887808,1464,24,0,11,22819443,1990,28,0,0
22811433,1157,51,0,1,22809824,2493,40,0,0
22899375,1631,72,0,0,22921010,997,28,0,0
22815057,1454,39,0,8,22812247,957,36,0,0
22895370,807,54,0,5,22845034,1363,47,0,0
22817419,1605,61,0,1,22852655,1149,54,0,0
22867113,2442,79,0,0,22878216,851,57,0,0
22812472,1439,17,0,0,22793758,770,28,0,0
22857294,901,46,0,2,22913128,572,41,0,0
22889732,213,29,0,1,22839226,1493,99,0,0
22825477,1106,63,0,0,22907197,840,45,0,0
22890923,824,48,0,3,22800745,815,78,0,0
22916686,1982,25,0,2,22831707,1082,41,0,0
22824569,2263,14,0,0,22817183,1136,38,0,0
22894820,1448,36,0,1,22817801,1249,95,0,0
22837425,1223,38,0,1,22813525,1068,23,0,0
22829873,778,91,0,2,22923679,1481,45,0,0
22821131,995,14,0,0,22833319,668,134,0,0
22889499,905,40,0,0,22803424,1615,36,0,0
22884709,1280,46,0,1,22891623,1644,112,0,0
22874715,540,49,0,1,22918242,812,31,0,0
22825951,889,27,0,2,22867287,1757,50,0,0
22905013,636,101,0,5,22868697,1180,30,0,0
22812781,1070,50,0,0,22825352,509,48,0,0
22918003,1703,54,0,1,22853186,207,23,0,0
22898226,525,46,0,0,22866111,2200,54,0,0
22828896,1350,47,0,1,22849499,529,40,0,0
22864813,1902,34,0,2,22871607,643,37,0,0
22878796,2148,52,0,2,22870292,1157,50,0,0
22805827,802,47,0,3,22820542,1837,42,0,0
22909707,818,67,0,0,22865408,1895,87,0,0
22900443,1799,44,0,1,22916276,1591,42,0,0
22915447,651,85,0,2,22868362,1432,32,0,0
22798658,634,120,0,3,22833135,673,45,0,0
22870632,1305,43,0,0,22872060,1161,25,0,0
22869189,976,32,0,4,22902593,309,23,0,0
22910525,1991,50,0,0,22818498,768,45,0,0
22875223,1536,50,0,2,22845162,992,28,0,0
22870228,628,45,0,1,22891833,690,43,0,0
22824395,642,116,0,1,22822665,1072,27,0,0
22803925,1970,22,0,1,22914700,775,81,0,0
22844429,2121,54,0,0,22916820,646,56,0,0
22891371,822,19,0,0,22847844,1646,51,0,0
22878038,879,34,0,2,22852950,1715,39,0,0
22871479,647,36,0,2,22847173,1191,31,0,0
22811907,1291,51,0,0,22840426,618,54,0,0
22843576,1105,56,0,1,22892306,814,61,0,0
22813665,704,30,0,1,22864839,1140,21,0,0
22841370,1513,43,0,1,22847999,1840,39,0,0
22930274,650,62,0,7,22885608,1185,37,0,0
22925675,887,48,0,4,22815150,2253,65,0,0
22855233,1004,78,0,1,22871883,627,21,0,0
22880381,844,73,0,1,22861016,1390,41,0,0
22843419,758,68,0,1,22913720,1800,28,0,0
22902945,1194,64,0,1,22875104,1564,29,0,0
22821898,148,74,0,1,22802507,1682,27,0,0
22827440,1677,34,0,1,22797148,1438,52,0,0
22897089,590,63,0,3,22846455,1544,43,0,0
22823872,1239,17,0,2,22794581,1680,72,0,0
22827202,1056,47,0,2,22907260,2167,39,0,0
22868195,825,55,0,12,22883508,2366,55,0,0
22866816,771,61,0,1,22851431,1576,44,0,0
22819405,2546,44,0,2,22896534,1630,16,0,0
22822205,1556,22,0,2,22875354,543,21,0,0
22806893,779,61,0,2,22862635,1601,35,0,0
22931416,2080,30,0,1,22839948,1695,63,0,0
22915855,548,76,0,3,22854956,1143,30,0,0
22837959,570,50,0,1,22895521,878,46,0,0
22913813,1128,73,0,1,22852419,170,30,0,0
22915066,1174,35,0,4,22864463,1806,20,0,0
22822500,345,31,0,0,22869203,1075,102,0,0
22823608,985,33,0,0,22891899,771,55,0,0
22909230,699,84,0,3,22830585,1550,47,0,0
22880233,1826,27,0,0,22817230,1180,38,0,0
22888094,892,29,0,2,22811783,174,76,0,0
22834155,1941,44,0,6,22818566,913,32,0,0
22843984,1149,36,0,5,22825888,930,71,0,0
22881431,1009,33,0,3,22929673,337,39,0,0
22899374,1409,55,0,2,22865195,1600,47,0,0
22857792,1102,61,0,3,22918364,1046,55,0,0
22903868,1354,17,0,1,22809393,1299,37,0,0
22925035,1493,67,0,5,22811126,1678,20,0,0
22801498,803,28,0,2,22823646,1184,26,0,0
22874460,230,51,0,2,22875137,1052,101,0,0
22886411,915,65,0,3,22858709,626,19,0,0
22931933,1196,18,0,1,22892439,1527,28,0,0
22923103,641,93,0,5,22892366,1845,30,0,0
22854951,928,40,0,1,22843061,978,41,0,0
22860926,1221,43,0,1,22800148,757,60,0,0
22890780,621,76,0,3,22861762,895,40,0,0
22834046,1218,76,0,5,22827133,946,22,0,0
22899866,1004,62,0,2,22896365,1691,62,0,0
22875393,1437,12,0,4,22846604,1059,50,0,0
22901758,2237,49,0,0,22824310,979,40,0,0
22841944,1089,47,0,3,22855508,1245,43,0,0
22913789,1611,34,0,1,22893831,1286,127,0,0
22865002,1465,37,0,2,22870760,1684,82,0,0
22810301,471,56,0,1,22816512,663,51,0,0
22830322,519,28,0,3,22823692,1397,30,0,0
22856546,1353,24,0,2,22856426,1699,46,0,0
22917729,957,60,0,1,22821938,756,20,0,0
22886832,971,64,0,1,22831940,1021,37,0,0
22882985,201,73,0,0,22868582,1625,27,0,0
22876068,553,64,0,0,22908702,698,66,0,0
22814663,1218,32,0,0,22924208,791,55,0,0
22932899,1140,78,0,0,22881317,1193,46,0,0
22871675,1857,38,0,2,22850716,1283,43,0,0
22900944,866,187,0,1,22933575,1377,63,0,0
22914620,1634,105,0,5,22892209,878,35,0,0
22926017,1150,15,0,3,22895997,1649,46,0,0
22894319,2135,53,0,2,22870550,323,30,0,0
22844614,1370,22,0,2,22932257,270,71,0,0
22873574,1250,38,0,6,22840548,1209,53,0,0
22816347,227,51,0,3,22808667,1177,40,0,0
22882666,627,76,0,2,22885971,1246,34,0,0
22874884,1937,72,0,2,22863139,1101,55,0,0
22844421,1651,52,0,2,22805920,286,92,0,0
22901394,721,68,0,1,22858003,2213,34,0,0
22800719,1285,75,0,1,22912926,309,24,0,0
22878149,1300,46,0,1,22805805,1128,22,0,0
22862486,834,43,0,0,22850734,736,57,0,0
22859952,141,30,0,3,22869320,801,48,0,0
22801175,1477,34,0,2,22856679,1612,85,0,0
22928262,2509,45,0,0,22856253,247,25,0,0
22919396,992,37,0,1,22831461,1512,39,0,0
22891716,1750,40,0,4,22911503,1120,21,0,0
22933974,2249,79,0,3,22814028,1753,67,0,0
22845123,1647,30,0,0,22902611,2495,48,0,0
22848948,1259,93,0,2,22846611,1055,24,0,0
22917495,803,36,0,0,22875520,658,41,0,0
22836627,549,85,0,0,22829779,1148,64,0,0
22918488,2239,108,0,1,22896171,1957,46,0,0
22900911,612,56,0,2,22856577,789,48,0,0
22930629,1390,36,0,2,22850555,925,52,0,0
22836678,669,78,0,3,22864954,2385,24,0,0
22868648,1439,19,0,4,22863268,1397,24,0,0
22922776,1299,210,0,5,22812488,1511,16,0,0
22875148,1714,74,0,1,22859398,2296,59,0,0
22845891,796,70,0,1,22915022,672,53,0,0
22879821,1766,28,0,0,22882052,589,89,0,0
22866692,1169,27,0,1,22904833,2262,22,0,0
22809879,996,45,0,0,22873708,903,52,0,0
22821864,1140,26,0,0,22929290,1455,29,0,0
22826871,1199,74,0,1,22850431,2213,37,0,0
22846376,2217,37,0,3,22815012,1931,58,0,0
22826281,1338,45,0,0,22853874,784,31,0,0
22882107,1593,37,0,0,22803416,1535,32,0,0
22831582,876,31,0,4,22814389,935,38,0,0
22855082,1074,59,0,2,22847475,1052,111,0,0
22813267,333,35,0,2,22907447,939,26,0,0
22851917,1297,37,0,3,22843879,973,43,0,0
22888419,842,39,0,2,22894663,332,43,0,0
22910568,1099,53,0,1,22903699,1682,39,0,0
22910746,865,40,0,1,22807459,1637,33,0,0
22885785,949,16,0,5,22873974,1527,34,0,0
22903164,1749,64,0,0,22880954,1267,30,0,0
22865114,783,42,0,0,22909920,870,100,0,0
22805655,983,40,0,1,22861241,719,30,0,0
22934154,1218,87,0,3,22802251,947,53,0,0
22801913,1120,26,0,7,22840609,883,96,0,0
22801784,1076,81,0,1,22886819,722,42,0,0
22813968,817,77,0,1,22881244,1736,21,0,0
22855078,788,80,0,5,22826089,1244,66,0,0
22857708,505,32,0,6,22818022,1390,44,0,0
22841398,606,51,0,4,22854275,842,77,0,0
22895373,706,50,0,0,22844455,1544,46,0,0
22924603,1298,48,0,6,22867891,2539,59,0,0
22895263,944,36,0,1,22834577,1288,39,0,0
22902155,986,49,0,3,22891753,1254,53,0,0
22821449,2103,32,0,0,22857411,1437,59,0,0
22929068,908,65,0,1,22878487,1646,51,0,0
22897218,1036,38,0,0,22805604,1735,40,0,0
22830722,691,61,0,9,22870639,2147,42,0,0
22819428,1627,31,0,5,22856326,1116,66,0,0
22915254,1843,71,0,6,22878293,1277,28,0,0
22817700,979,59,0,1,22847998,600,91,0,0
22845662,1731,45,0,3,22924939,2316,30,0,0
22821488,1844,46,0,2,22874057,301,21,0,0
22828522,886,41,0,5,22807372,799,25,0,0
22897231,616,49,0,9,22925527,1084,54,0,0
22827859,1370,88,0,0,22870302,1656,76,0,0
22814870,350,44,0,2,22848108,1930,40,0,0
22859229,600,38,0,3,22864138,1445,47,0,0
22929342,1183,32,0,4,22882257,996,58,0,0
22896664,1318,44,0,0,22935173,1311,24,0,0
22918798,1555,32,0,5,22934448,982,41,0,0
22861328,2543,40,0,0,22872390,2172,71,0,0
22891124,1167,23,0,1,22859290,2351,27,0,0
22860951,1308,24,0,4,22899609,1497,49,0,0
22816239,1009,12,0,1,22855990,1203,75,0,0
22935463,1653,25,0,1,22931077,538,22,0,0
22892514,2167,30,0,0,22896082,1201,59,0,0
22938120,1682,74,0,4,22828443,801,51,0,0
22919526,1161,27,0,3,22846140,1573,36,0,0
22846615,1106,64,0,1,22837283,1894,41,0,0
22892538,1175,61,0,12,22924683,1409,61,0,0
22906613,1399,52,0,2,22865904,2331,33,0,0
22841972,1155,62,0,0,22823831,2198,46,0,0
22847356,385,40,0,0,22910082,1883,47,0,0
22862488,943,51,0,9,22895214,218,67,0,0
22804689,1056,31,0,6,22922972,1761,66,0,0
22821080,169,26,0,4,22909671,880,29,0,0
22917407,1816,55,0,6,22886076,655,108,0,0
22866607,1174,17,0,1,22838088,2395,51,0,0
22917421,1059,64,0,1,22865627,2366,51,0,0
22813627,2069,23,0,1,22922700,950,38,0,0
22883638,1184,80,0,3,22888103,636,89,0,0
22932102,915,56,0,0,22826272,684,44,0,0
22919195,317,48,0,0,22867265,808,45,0,0
22842179,1608,77,0,1,22886154,1419,38,0,0
22816422,696,59,0,4,22918881,1707,55,0,0
22869919,764,212,0,1,22894635,959,93,0,0
22816657,1680,27,0,2,22940099,2258,32,0,0
22876331,1296,55,0,0,22886188,818,23,0,0
22910107,2246,21,0,1,22842749,925,75,0,0
22902195,998,37,0,1,22823854,1048,18,0,0
22854466,924,23,0,1,22826951,151,97,0,0
22808671,979,32,0,5,22897194,714,39,0,0
22934392,1949,33,0,3,22886091,1190,66,0,0
22894951,453,19,0,3,22879260,1382,37,0,0
22843465,2583,29,0,0,22925025,1763,45,0,0
22909270,1651,25,0,1,22856928,290,83,0,0
22839357,1169,59,0,0,22870710,481,203,0,0
22836146,1271,61,0,1,22874688,1052,31,0,0
22914761,896,21,0,4,22910963,1175,54,0,0
22851250,906,95,0,3,22896700,1804,38,0,0
22903247,621,39,0,6,22840641,880,58,0,0
22936179,1585,41,0,8,22811131,1837,46,0,0
22919143,619,39,0,2,22837575,1349,79,0,0
22863968,1085,55,0,6,22866733,1846,27,0,0
22845691,1336,38,0,0,22859904,1789,96,0,0
22931490,257,21,0,1,22832915,1747,41,0,0
22828083,1293,55,0,0,22819269,640,39,0,0
22812538,1131,63,0,2,22807942,698,27,0,0
22891950,691,59,0,1,22904856,157,20,0,0
22836064,1116,70,0,4,22929392,2503,26,0,0
22838290,937,43,0,9,22928747,252,53,0,0
22845809,1746,30,0,2,22895130,299,35,0,0
22850503,749,46,0,0,22863666,1631,41,0,0
22891597,1310,66,0,1,22933239,1255,33,0,0
22855037,2458,37,0,1,22842356,1006,23,0,0
22869378,1554,36,0,0,22807027,960,21,0,0
22836267,1300,26,0,0,22938810,1415,86,0,0
22863863,1042,70,0,3,22811776,1798,28,0,0
22874076,1238,41,0,2,22807818,468,40,0,0
22902201,853,61,0,0,22897217,1688,72,0,0
22900790,788,49,0,0,22857923,631,45,0,0
22924398,797,61,0,1,22866238,1819,34,0,0
22814781,273,45,0,0,22924025,1247,24,0,0
22885683,999,55,0,4,22914793,381,31,0,0
22835111,1900,38,0,2,22887204,1817,35,0,0
22858361,1984,54,0,2,22908520,458,31,0,0
22932909,933,47,0,5,22831413,273,50,0,0
22929694,985,49,0,3,22902387,1372,35,0,0
22873553,1743,31,0,1,22853643,1490,90,0,0
22924946,763,56,0,0,22852540,1555,49,0,0
22827344,794,48,0,0,22895810,2046,47,0,0
22868063,1317,46,0,0,22899796,667,32,0,0
22903547,1083,33,0,4,22940688,298,106,0,0
22937725,807,39,0,0,22870853,1918,55,0,0
22887239,1603,23,0,7,22821581,1609,48,0,0
22925848,512,82,0,3,22897812,1321,65,0,0
22837091,809,24,0,0,22902551,1003,46,0,0
22888623,516,50,0,0,22885168,1056,54,0,0
22829976,1955,57,0,2,22808592,984,72,0,0
22813245,730,56,0,3,22861877,1645,70,0,0
22886466,1020,31,0,1,22919661,1442,23,0,0
22814902,1536,33,0,2,22921266,1339,15,0,0
22905952,566,33,0,1,22876667,929,35,0,0
22880003,476,60,0,5,22902420,1358,22,0,0
22870592,914,33,0,1,22866041,963,43,0,0
22875001,1031,54,0,3,22884159,265,68,0,0
22876660,2239,23,0,0,22902065,712,48,0,0
22869550,1456,37,0,0,22923880,462,18,0,0
22845620,1342,27,0,2,22824090,997,76,0,0
22910168,1835,56,0,1,22877490,1639,50,0,0
22898104,2095,25,0,1,22881204,1003,29,0,0
22848777,1419,49,0,2,22933139,127,72,0,0
22813345,1133,55,0,12,22876899,1471,58,0,0
22844744,781,36,0,5,22866858,2506,38,0,0
22845849,623,49,0,4,22934814,966,88,0,0
22928047,1638,86,0,5,22853861,1779,31,0,0
22891036,954,91,0,3,22837039,818,73,0,0
22845656,1229,25,0,4,22826020,1467,20,0,0
22941857,1625,58,0,5,22877507,293,31,0,0
22829824,1378,31,0,1,22885272,1660,42,0,0
22859701,2093,12,0,2,22937498,934,51,0,0
22856986,503,61,0,0,22852743,2379,56,0,0
22897609,828,36,0,3,22850200,833,27,0,0
22826890,1136,62,0,3,22874992,1567,50,0,0
22828142,2061,57,0,2,22909045,543,40,0,0
22902861,1361,70,0,5,22879437,614,76,0,0
22811394,1284,22,0,6,22909123,1002,69,0,0
22866888,2021,143,0,0,22829166,1559,26,0,0
22901442,1169,87,0,0,22861631,1757,47,0,0
22856557,654,54,0,0,22818038,739,51,0,0
22941173,2130,78,0,0,22869402,653,49,0,0
22833481,1100,26,0,2,22918952,767,34,0,0
22915239,1043,56,0,0,22839313,1592,58,0,0
22820913,1634,36,0,5,22847048,663,39,0,0
22912580,870,82,0,2,22908122,965,36,0,0
22926227,944,26,0,2,22879840,1654,46,0,0
22882990,169,21,0,1,22867539,954,70,0,0
22937136,2165,25,0,0,22819628,1731,78,0,0
22943749,651,60,0,2,22840890,1736,47,0,0
22873028,1474,17,0,1,22880943,1818,44,0,0
22877853,686,66,0,1,22901449,2290,28,0,0
22843082,1044,90,0,4,22885028,323,79,0,0
22890836,1983,17,0,2,22940607,1434,37,0,0
22878040,2411,55,0,0,22849540,685,53,0,0
22847627,1910,49,0,0,22824274,465,67,0,0
22846157,855,27,0,6,22904460,965,22,0,0
22893828,1370,27,0,1,22820594,1136,60,0,0
22940987,1347,56,0,1,22902795,759,172,0,0
22848866,1350,93,0,3,22945419,684,54,0,0
22879295,2239,62,0,3,22827915,1188,40,0,0
22846272,440,42,0,2,22905480,765,44,0,0
22851209,1212,44,0,2,22945810,471,50,0,0
22913957,635,37,0,0,22935109,1016,40,0,0
22837760,322,73,0,1,22879886,686,51,0,0
22871705,1672,34,0,0,22942067,1171,33,0,0
22886641,2095,39,0,0,22862759,829,25,0,0
22917038,1516,53,0,0,22894461,349,32,0,0
22930577,1080,75,0,0,22916697,1160,47,0,0
22890895,1113,32,0,2,22929261,1474,49,0,0
22939895,911,45,0,1,22832680,2175,37,0,0
22850619,1964,39,0,1,22890978,702,70,0,0
22814380,1290,49,0,2,22819561,787,62,0,0
22916067,804,38,0,1,22863002,359,39,0,0
22815694,1227,43,0,3,22914608,229,150,0,0
22863520,871,88,0,1,22945821,982,72,0,0
22920482,664,19,0,5,22854091,631,43,0,0
22921508,711,83,0,0,22817451,814,48,0,0
22891175,1214,29,0,2,22935804,854,28,0,0
22869991,1015,43,0,1,22907221,1340,17,0,0
22913745,2547,46,0,2,22886097,1535,79,0,0
22817208,696,71,0,3,22891533,510,100,0,0
22917735,1151,47,0,5,22858173,1975,45,0,0
22864061,954,70,0,5,22933174,610,30,0,0
22894990,1173,45,0,1,22865268,1377,32,0,0
22903228,1535,54,0,1,22819144,1130,44,0,0
22938435,1135,31,0,7,22859476,1141,91,0,0
22856308,638,28,0,10,22864342,627,25,0,0
22827343,1001,28,0,15,22920239,2193,67,0,0
22842411,2076,44,0,1,22875071,819,20,0,0
22870152,963,15,0,2,22891997,560,73,0,0
22902151,1784,51,0,3,22910747,1381,22,0,0
22817930,1738,41,0,1,22894980,1310,24,0,0
22932153,627,57,0,1,22845915,1531,76,0,0
22856421,355,20,0,2,22834132,852,59,0,0
22888099,1238,61,0,0,22929507,397,61,0,0
22924200,1484,48,0,1,22843414,208,167,0,0
22898907,1640,65,0,4,22919555,883,97,0,0
22863748,2110,55,0,6,22945088,864,46,0,0
22911562,1388,58,0,1,22864826,1414,103,0,0
22905062,2044,31,0,2,22820757,1375,57,0,0
22844717,903,29,0,5,22910111,1721,32,0,0
22840838,1072,51,0,0,22818897,1075,24,0,0
22892460,675,26,0,1,22826025,1156,60,0,0
22836335,904,39,0,9,22862698,842,24,0,0
22940318,307,52,0,1,22817904,924,69,0,0
22837546,1526,60,0,0,22880555,2039,31,0,0
22887958,1034,51,0,1,22863831,1527,66,0,0
22830663,768,39,0,0,22871955,1549,48,0,0
22845782,1193,34,0,0,22897790,520,42,0,0
22868431,1016,46,0,7,22870945,557,68,0,0
22854059,1348,26,0,1,22855675,986,25,0,0
22902335,1251,20,0,3,22919715,928,61,0,0
22861691,1577,31,0,2,22823798,430,36,0,0
22831426,1338,50,0,1,22878934,1680,36,0,0
22887605,1539,25,0,0,22858015,625,37,0,0
22818305,972,41,0,2,22836681,1395,54,0,0
22854749,1298,25,0,0,22913165,659,61,0,0
22868197,603,28,0,2,22821192,2135,23,0,0
22935670,2438,40,0,2,22866392,1119,32,0,0
22880342,1167,44,0,4,22869161,1022,17,0,0
22903711,1792,24,0,6,22838360,658,53,0,0
22856708,433,271,0,0,22905482,1818,69,0,0
22830186,957,43,0,0,22934474,703,53,0,0
22824770,417,39,0,5,22833644,1728,22,0,0
22906153,129,28,0,0,22860490,1270,43,0,0
22919223,1135,27,0,6,22906577,1387,25,0,0
22837201,731,92,0,1,22825836,1767,39,0,0
22921656,904,110,0,1,22912099,737,33,0,0
22938687,1981,43,0,0,22891352,774,29,0,0
22822455,965,87,0,1,22951516,685,82,0,0
22906767,663,62,0,0,22931814,1065,40,0,0
22936990,1006,51,0,1,22877849,1223,61,0,0
22939877,903,25,0,2,22832762,1789,49,0,0
22835739,1472,56,0,3,22884417,523,24,0,0
22876261,1841,40,0,0,22830413,1013,86,0,0
22839493,1096,83,0,0,22948044,638,45,0,0
22841829,581,23,0,2,22898463,1342,51,0,0
22831242,1918,33,0,1,22887819,957,52,0,0
22860145,303,99,0,2,22916505,654,23,0,0
22948359,744,63,0,3,22931627,1769,31,0,0
22901187,1207,51,0,6,22919408,1245,22,0,0
22823300,1338,17,0,7,22872469,906,83,0,0
22861448,1060,25,0,4,22906609,954,53,0,0
22873771,1200,75,0,3,22869168,737,30,0,0
22902689,887,62,0,5,22899517,1326,45,0,0
22843689,1365,36,0,21,22834023,976,40,0,0
22924197,958,103,0,3,22819415,980,42,0,0
22860586,851,51,0,1,22939431,363,34,0,0
22827816,1697,35,0,0,22952598,479,50,0,0
22902914,914,45,0,0,22832770,741,41,0,0
22843047,978,64,0,1,22903770,954,60,0,0
22831264,1128,26,0,1,22833767,1015,34,0,0
22861948,1841,60,0,1,22823623,751,100,0,0
22934619,515,54,0,0,22943389,1302,50,0,0
22917739,1320,45,0,3,22892027,1079,62,0,0
22936163,1946,37,0,5,22933189,1639,21,0,0
22953583,1686,34,0,3,22844377,796,26,0,0
22837204,932,154,0,1,22848407,801,125,0,0
22905893,861,54,0,5,22950801,1149,37,0,0
22917268,993,74,0,8,22931727,1634,53,0,0
22848403,1070,68,0,3,22884234,1438,39,0,0
22874807,961,50,0,3,22824661,805,57,0,0
22851146,938,84,0,6,22869121,1547,63,0,0
22905974,1971,32,0,0,22926271,1618,15,0,0
22952802,619,43,0,2,22839346,1755,106,0,0
22914467,2212,55,0,1,22889593,1082,45,0,0
22927528,1343,32,0,0,22887009,2084,27,0,0
22890993,1924,60,0,1,22841971,1936,41,0,0
22860987,1163,61,0,1,22890301,1132,28,0,0
22922758,1017,32,0,7,22846932,1330,31,0,0
22842264,1553,24,0,2,22890547,538,40,0,0
22820046,1149,66,0,0,22846366,1068,31,0,0
22848104,896,88,0,4,22863879,501,36,0,0
22950309,205,45,0,4,22923113,2167,67,0,0
22885542,1044,19,0,0,22921812,763,39,0,0
22841975,2388,13,0,2,22879940,1348,49,0,0
22868422,175,43,0,2,22937908,2527,85,0,0
22842463,924,58,0,0,22928626,1168,52,0,0
22895551,1121,38,0,1,22950981,907,39,0,0
22876109,1273,30,0,4,22871283,1416,31,0,0
22865537,981,25,0,1,22822864,1817,21,0,0
22930209,1994,22,0,2,22841078,1377,65,0,0
22830374,1085,48,0,1,22870739,1429,31,0,0
22831552,1821,27,0,3,22926033,1057,28,0,0
22955449,2378,31,0,8,22842530,715,28,0,0
22868864,324,69,0,1,22824306,802,182,0,0
22917247,520,68,0,6,22892695,338,68,0,0
22862031,2173,34,0,0,22909084,914,69,0,0
22889601,1878,32,0,1,22908395,1505,29,0,0
22940246,732,41,0,0,22857194,502,57,0,0
22891384,1636,45,0,2,22898396,1267,74,0,0
22847738,449,28,0,3,22855539,1115,39,0,0
22843302,1715,38,0,2,22826844,1006,74,0,0
22931716,571,73,0,1,22909989,1872,66,0,0
22890876,1306,89,0,0,22849325,1278,50,0,0
22931074,2075,32,0,1,22856276,1177,19,0,0
22932242,1475,54,0,5,22953544,895,53,0,0
22880030,887,88,0,1,22890940,1678,40,0,0
22924660,1041,28,0,6,22837291,879,30,0,0
22851941,771,46,0,3,22838495,1277,44,0,0
22954184,1852,55,0,3,22832556,1065,32,0,0
22878103,1627,45,0,2,22902779,408,37,0,0
22877588,1823,55,0,5,22928881,298,127,0,0
22842819,1397,40,0,5,22846741,1832,27,0,0
22847246,1045,64,0,3,22941370,1512,29,0,0
22889387,1111,34,0,1,22839084,966,93,0,0
22935601,1012,30,0,3,22836307,393,66,0,0
22876613,1288,140,0,2,22921493,1170,50,0,0
22870635,1359,62,0,3,22852668,841,64,0,0
22829483,1692,32,0,5,22938345,1188,74,0,0
22915620,507,70,0,0,22939327,418,22,0,0
22828748,991,32,0,3,22860161,1946,45,0,0
22842190,1127,28,0,1,22824471,1302,28,0,0
22843507,910,60,0,5,22938572,831,80,0,0
22887420,925,33,0,1,22922295,1670,24,0,0
22902794,1071,49,0,4,22884756,853,63,0,0
22905448,1663,70,0,1,22954552,1614,29,0,0
22910821,620,111,0,0,22850441,1268,45,0,0
22836674,1625,73,0,3,22825797,1486,37,0,0
22822953,956,85,0,4,22858945,1507,52,0,0
22953741,775,38,0,0,22897963,1908,62,0,0
22880733,622,39,0,2,22855510,834,27,0,0
22835620,1175,59,0,1,22892089,1492,71,0,0
22855234,772,60,0,1,22938355,1024,70,0,0
22891975,1560,61,0,0,22890397,871,31,0,0
22833547,1282,87,0,0,22854622,656,58,0,0
22933753,1283,40,0,7,22881087,1423,68,0,0
22943593,1161,79,0,5,22900365,720,34,0,0
22908927,1775,61,0,2,22873267,2488,62,0,0
22924563,1123,24,0,3,22849923,813,106,0,0
22852272,1315,39,0,3,22847563,1455,60,0,0
22916355,1438,41,0,2,22826718,2422,50,0,0
22921256,1739,48,0,1,22953567,1230,63,0,0
22842077,1946,48,0,4,22836759,1723,29,0,0
22891946,1313,51,0,2,22897057,1566,58,0,0
22948982,861,57,0,0,22832643,972,33,0,0
22913758,2236,52,0,4,22863262,1485,46,0,0
22830751,1019,138,0,2,22886340,680,39,0,0
22905547,1199,45,0,0,22867694,307,110,0,0
22954745,2130,23,0,2,22926233,2455,93,0,0
22895910,936,53,0,3,22914588,858,60,0,0
22845774,1183,33,0,1,22939852,1064,36,0,0
22904431,1679,66,0,0,22884943,561,61,0,0
22934303,2115,60,0,0,22860062,1678,22,0,0
22944325,1843,46,0,2,22952912,616,66,0,0
22887446,1029,52,0,1,22826881,744,36,0,0
22943312,739,43,0,7,22850073,1099,27,0,0
22854811,2003,53,0,1,22823593,1979,51,0,0
22921045,101,44,0,1,22848311,1058,33,0,0
22943760,808,24,0,5,22916690,1640,28,0,0
22857161,1221,58,0,2,22930281,1444,38,0,0
22847033,959,32,0,7,22863917,631,20,0,0
22931509,1235,51,0,1,22825387,778,34,0,0
22933835,1466,62,0,2,22914134,1185,38,0,0
22832868,796,30,0,3,22895351,998,36,0,0
22959792,1620,85,0,0,22943380,726,57,0,0
22835122,988,40,0,2,22958342,1473,26,0,0
22876329,1322,19,0,4,22938317,1291,44,0,0
22833877,2173,31,0,1,22930166,2153,40,0,0
22842621,2169,46,0,1,22891301,1372,60,0,0
22941796,1130,64,0,1,22925457,791,96,0,0
22827224,1936,58,0,0,22929551,1145,25,0,0
22908023,1756,55,0,0,22862069,1559,34,0,0
22899798,1900,27,0,4,22845546,823,117,0,0
22835774,224,32,0,0,22832714,805,58,0,0
22903806,176,74,0,2,22852043,1403,53,0,0
22864523,1402,94,0,2,22888570,871,119,0,0
22885194,1620,70,0,1,22825570,817,36,0,0
22826949,1940,58,0,2,22849989,739,95,0,0
22921613,2339,32,0,2,22826954,1027,22,0,0
22905063,621,76,0,0,22949912,2343,30,0,0
22854909,1612,33,0,1,22844487,1304,51,0,0
22830422,2439,62,0,3,22918347,710,105,0,0
22922331,1467,34,0,2,22951953,721,120,0,0
22955878,1228,301,0,1,22832133,1369,54,0,0
22914095,1872,30,0,1,22960942,480,43,0,0
22911542,1293,20,0,6,22827477,1844,44,0,0
22901329,2527,45,0,0,22826852,627,30,0,0
22854668,900,17,0,2,22888671,1198,84,0,0
22886301,502,49,0,5,22904665,760,42,0,0
22948065,1330,55,0,1,22836699,2432,39,0,0
22958246,1473,50,0,4,22923610,1245,45,0,0
22894689,1056,93,0,3,22882187,938,47,0,0
22846029,1750,42,0,1,22955489,1522,24,0,0
22904989,1325,61,0,2,22943277,1168,28,0,0
22878391,422,48,0,2,22901122,1923,46,0,0
22899744,2089,39,0,2,22871412,166,102,0,0
22916299,869,86,0,2,22898986,2169,38,0,0
22835747,623,44,0,0,22884901,111,44,0,0
22927021,1010,37,0,2,22853527,1264,58,0,0
22896121,982,44,0,2,22932009,2363,45,0,0
22889863,907,75,0,0,22915535,927,57,0,0
22923168,1482,25,0,1,22957129,956,47,0,0
22903424,1150,58,0,0,22919270,1032,62,0,0
22883498,614,63,0,1,22854143,642,27,0,0
22906280,1226,82,0,1,22962834,1070,58,0,0
22850310,610,89,0,1,22848029,1485,28,0,0
22858823,1443,26,0,0,22942426,898,41,0,0
22901387,788,58,0,2,22884236,1624,42,0,0
22869368,2207,50,0,0,22924066,2206,34,0,0
22854121,869,28,0,0,22936403,1750,62,0,0
22892678,1723,36,0,0,22877322,1227,49,0,0
22848280,1795,59,0,1,22936525,1133,111,0,0
22901794,1078,53,0,2,22953684,1048,51,0,0
22868712,1905,72,0,0,22925504,1743,94,0,0
22833064,687,54,0,0,22828731,457,34,0,0
22948657,1117,38,0,0,22956518,1139,37,0,0
22920851,630,43,0,0,22897206,417,27,0,0
22877222,1433,55,0,1,22929874,2629,38,0,0
22833928,2342,45,0,2,22872216,631,199,0,0
22905003,1027,27,0,0,22841985,2393,39,0,0
22858640,1040,84,0,8,22840502,726,26,0,0
22911194,1622,45,0,4,22859918,626,28,0,0
22851907,979,54,0,2,22856653,269,72,0,0
22869478,1196,33,0,4,22912855,985,26,0,0
22927150,646,64,0,3,22898948,919,19,0,0
22888278,1430,121,0,1,22831873,502,53,0,0
22917097,1376,136,0,3,22926979,1371,82,0,0
22897562,692,22,0,6,22853384,1325,47,0,0
22884955,1129,114,0,0,22863443,1898,39,0,0
22854814,1250,37,0,1,22860120,1253,152,0,0
22908560,775,231,0,0,22940340,1621,101,0,0
22944254,490,38,0,0,22858642,250,73,0,0
22965542,1047,51,0,4,22828170,1259,37,0,0
22886922,1653,13,0,1,22858039,2121,31,0,0
22936705,579,53,0,1,22957903,439,44,0,0
22834738,489,27,0,1,22908944,1145,66,0,0
22843520,1790,36,0,3,22874354,994,22,0,0
22853682,1431,49,0,4,22830017,1644,47,0,0
22842135,825,73,0,3,22905001,2008,55,0,0
22859155,1203,87,0,1,22942010,1391,49,0,0
22929723,2074,48,0,5,22944662,1602,43,0,0
22892393,1631,66,0,4,22921570,432,43,0,0
22954464,1877,76,0,0,22831735,1638,33,0,0
22835818,1297,63,0,1,22962217,1522,81,0,0
22917875,2051,68,0,0,22885219,737,26,0,0
22854413,1608,57,0,0,22932192,958,40,0,0
22866152,957,128,0,1,22879253,1202,26,0,0
22901909,1607,24,0,0,22919031,1442,20,0,0
22944010,835,43,0,0,22879081,1145,56,0,0
22866188,594,36,0,2,22897805,779,21,0,0
22831117,1652,74,0,3,22912780,1376,37,0,0
22893814,1668,42,0,12,22830246,2146,58,0,0
22835126,920,50,0,2,22829599,476,184,0,0
22961637,1301,54,0,0,22966548,1191,116,0,0
22940879,1456,54,0,1,22877964,1133,63,0,0
22841667,732,33,0,0,22836479,992,65,0,0
22920632,1777,114,0,0,22867461,193,42,0,0
22863939,2225,31,0,0,22948870,1471,52,0,0
22927736,1498,41,0,1,22939414,1060,9,0,0
22962214,1284,36,0,0,22873715,1258,57,0,0
22896229,782,24,0,3,22845996,1105,48,0,0
22954006,623,45,0,3,22832758,1262,33,0,0
22927730,930,71,0,9,22912697,1472,46,0,0
22872651,2211,66,0,3,22945565,2589,21,0,0
22903311,886,74,0,0,22864195,1116,57,0,0
22884588,1656,52,0,2,22906281,2144,43,0,0
22938987,290,74,0,3,22964231,1005,59,0,0
22865327,307,69,0,7,22926557,399,27,0,0
22903630,1115,55,0,4,22905915,1421,25,0,0
22832204,1683,30,0,0,22893589,827,38,0,0
22934862,1745,50,0,1,22844332,248,82,0,0
22879793,1773,41,0,8,22931010,792,70,0,0
22923937,1314,82,0,4,22938408,652,85,0,0
22925985,2110,33,0,2,22957284,1099,46,0,0
22868813,715,27,0,2,22899450,867,37,0,0
22901441,2131,54,0,0,22886719,1185,33,0,0
22842762,2294,55,0,2,22891319,210,25,0,0
22930677,1822,45,0,1,22849221,1649,43,0,0
22874686,277,30,0,1,22854928,1323,28,0,0
22874465,745,55,0,0,22866366,964,38,0,0
22930129,1012,31,0,2,22845154,920,39,0,0
22909372,664,62,0,1,22869358,2418,27,0,0
22964436,1741,66,0,0,22940802,669,23,0,0
22920011,816,65,0,2,22945170,849,55,0,0
22856498,309,33,0,4,22946992,849,32,0,0
22904449,1350,33,0,0,22838111,1045,26,0,0
22938086,890,32,0,2,22925954,1982,24,0,0
22887429,1054,45,0,7,22846731,1659,36,0,0
22879639,1398,29,0,2,22962187,633,25,0,0
22941194,772,21,0,10,22950473,633,69,0,0
22938622,2219,95,0,1,22931631,1048,43,0,0
22871023,1318,30,0,1,22844383,1099,78,0,0
22885697,742,86,0,0,22928740,1394,34,0,0
22935706,1608,70,0,1,22843125,977,42,0,0
22925249,1600,61,0,3,22933552,667,57,0,0
22850058,159,753,0,5,22839117,961,70,0,0
22923674,1565,76,0,6,22880206,199,16,0,0
22921856,1290,62,0,1,22928828,1241,57,0,0
22907474,200,56,0,0,22834215,1807,63,0,0
22850332,1672,26,0,5,22897601,1556,31,0,0
22920707,1400,59,0,0,22872507,1148,26,0,0
22862804,2215,38,0,2,22858734,1519,35,0,0
22941455,1303,49,0,3,22841526,1478,71,0,0
22922271,1695,34,0,3,22904628,1644,21,0,0
22869072,1391,42,0,2,22902385,2582,63,0,0
22865901,2156,35,0,5,22913772,2195,34,0,0
22833317,1119,33,0,5,22890426,1923,64,0,0
22932404,886,66,0,3,22833182,1346,23,0,0
22932713,1753,48,0,2,22904358,1682,45,0,0
22931660,1417,28,0,4,22972026,729,75,0,0
22869258,854,55,0,1,22916956,1658,60,0,0
22864375,2467,42,0,0,22871773,1654,43,0,0
22887385,1651,50,0,0,22923980,1050,59,0,0
22853094,575,27,0,2,22878511,894,24,0,0
22916981,701,190,0,3,22856895,666,63,0,0
22887013,1406,60,0,1,22941979,529,36,0,0
22865503,2130,31,0,2,22837846,1611,55,0,0
22950613,1420,86,0,1,22835904,887,18,0,0
22932059,397,70,0,3,22971227,1154,41,0,0
22863192,2291,40,0,1,22878402,863,41,0,0
22925994,2015,78,0,0,22856004,718,36,0,0
22941545,1002,16,0,1,22889071,647,30,0,0
22856589,1210,75,0,2,22945843,1349,56,0,0
22968593,1278,22,0,1,22943940,1138,64,0,0
22868330,488,42,0,1,22891536,626,51,0,0
22862369,2059,34,0,2,22928392,1062,47,0,0
22916081,691,33,0,2,22874795,801,82,0,0
22957426,148,49,0,2,22836730,853,39,0,0
22877292,1452,51,0,4,22944059,687,40,0,0
22843339,955,57,0,1,22899800,2028,41,0,0
22947190,931,38,0,4,22882954,640,62,0,0
22902074,1425,93,0,1,22899442,1139,72,0,0
22924836,732,61,0,1,22870650,1456,59,0,0
22899247,1913,29,0,9,22908100,1958,26,0,0
22935138,203,93,0,1,22971809,545,90,0,0
22934896,474,56,0,2,22938716,2112,58,0,0
22938977,1380,54,0,0,22907018,1781,55,0,0
22847313,436,49,0,1,22905526,1766,37,0,0
22887018,1259,23,0,1,22864459,841,78,0,0
22913215,781,56,0,1,22876717,2175,22,0,0
22934278,522,62,0,1,22873833,1279,38,0,0
22855025,1179,46,0,2,22897106,977,23,0,0
22946147,2214,30,0,6,22894344,1219,43,0,0
22851596,1840,32,0,2,22914011,594,31,0,0
22850779,1260,47,0,0,22957864,2577,55,0,0
22863052,809,25,0,2,22837435,641,45,0,0
22903862,1384,32,0,1,22858247,686,43,0,0
22858701,2153,58,0,2,22931802,1371,23,0,0
22885791,1646,65,0,1,22946633,1224,26,0,0
22873114,2016,38,0,1,22841855,979,51,0,0
22860391,451,58,0,2,22953201,886,49,0,0
22877561,1682,28,0,2,22887110,1792,24,0,0
22923767,281,36,0,2,22854073,924,69,0,0
22908284,1447,52,0,1,22955343,759,32,0,0
22951895,1833,142,0,2,22896596,1154,40,0,0
22834432,1185,38,0,2,22878222,867,71,0,0
22863655,797,35,0,1,22898372,1000,31,0,0
22958225,1685,24,0,4,22907492,466,68,0,0
22851664,421,36,0,4,22965434,1288,38,0,0
22859287,479,51,0,0,22844058,1036,69,0,0
22847020,937,32,0,3,22887683,1158,65,0,0
22852321,504,54,0,2,22841528,400,39,0,0
22857292,847,40,0,1,22900044,1638,51,0,0
22898837,406,94,0,1,22958501,263,31,0,0
22871631,1539,61,0,2,22917372,1482,28,0,0
22932570,594,44,0,9,22865245,1577,50,0,0
22907989,1267,28,0,0,22926696,2009,42,0,0
22974175,1173,24,0,1,22891762,750,28,0,0
22894038,1875,47,0,1,22880746,1537,50,0,0
22853614,839,59,0,1,22874299,896,23,0,0
22909067,1735,51,0,0,22957598,725,49,0,0
22845300,620,37,0,1,22951394,768,44,0,0
22943812,1725,56,0,7,22873312,1290,31,0,0
22955098,610,20,0,0,22854079,963,70,0,0
22934055,779,56,0,4,22888130,1108,71,0,0
22850638,2535,32,0,2,22842336,2315,26,0,0
22837912,1029,47,0,1,22955697,857,59,0,0
22848024,1469,51,0,0,22912538,1693,19,0,0
22930669,1132,32,0,0,22955122,1565,45,0,0
22887547,1748,41,0,2,22868348,704,22,0,0
22950465,614,21,0,6,22835110,1033,59,0,1
22875436,317,42,0,4,22874167,1508,18,0,0
22906436,770,42,0,6,22935394,2142,21,0,0
22959757,437,60,0,5,22957326,2365,61,0,0
22974484,1383,70,0,4,22973156,784,30,0,0
22866728,1076,80,0,4,22840102,1982,49,0,0
22895412,1649,56,0,0,22859866,1549,56,0,0
22941250,886,64,0,6,22953776,606,15,0,0
22908980,1143,66,0,6,22945912,989,84,0,0
22867981,2555,52,0,2,22903517,1915,50,0,0
22840612,1528,67,0,1,22918019,1220,24,0,0
22973510,1353,30,0,3,22976872,1617,51,0,0
22879380,1674,47,0,6,22892360,794,74,0,0
22937682,106,45,0,0,22891271,1945,28,0,0
22843743,1398,31,0,1,22910659,850,38,0,0
22914056,859,122,0,0,22920716,636,27,0,0
22907118,956,53,0,4,22887902,686,102,0,0
22863445,609,23,0,1,22960190,1206,38,0,0
22840909,1135,26,0,2,22836535,1122,44,0,0
22973783,867,78,0,1,22960332,1142,28,0,0
22890763,1479,74,0,0,22839588,978,28,0,0
22844210,851,67,0,9,22944954,1413,83,0,0
22953033,661,42,0,1,22843572,1148,39,0,0
22881140,1105,41,0,0,22858513,1180,30,0,0
22973909,778,32,0,6,22890078,966,50,0,0
22845692,1891,18,0,5,22847775,502,84,0,0
22932603,1120,43,0,0,22958537,866,32,0,0
22899956,2190,32,0,1,22887519,1572,32,0,0
22888682,845,48,0,3,22959936,1454,63,0,0
22861161,1675,32,0,2,22949628,2103,32,0,0
22960358,663,78,0,0,22949168,1180,49,0,0
22932945,1470,46,0,3,22950692,1269,45,0,0
22840742,1342,49,0,1,22877042,791,60,0,0
22895729,420,53,0,4,22888886,644,20,0,0
22979918,1489,46,0,2,22894720,1925,81,0,0
22887912,1885,46,0,2,22877100,538,66,0,0
22960294,2278,42,0,3,22916685,793,31,0,0
22837665,1639,61,0,1,22883280,1039,36,0,0
22927136,984,54,0,5,22844255,1209,24,0,0
22909593,581,36,0,0,22894664,1180,27,0,0
22979100,797,66,0,2,22926062,823,95,0,0
22956245,1240,67,0,3,22952163,1710,40,0,0
22867520,1143,28,0,0,22841949,1609,41,0,0
22960519,958,26,0,2,22935002,1489,13,0,0
22873788,1516,29,0,1,22938011,1144,44,0,0
22869195,837,33,0,4,22910103,729,55,0,0
22912559,923,53,0,0,22895362,2180,73,0,0
22892348,1014,53,0,0,22973057,2045,20,0,0
22886365,1888,38,0,2,22917116,353,33,0,0
22846737,332,25,0,3,22848487,980,51,0,0
22963218,1651,44,0,1,22909956,772,75,0,0
22881174,812,36,0,1,22871746,703,46,0,0
22899922,1949,71,0,1,22839135,2160,33,0,0
22941925,1769,25,0,2,22845078,343,54,0,0
22887048,1193,93,0,1,22908074,2259,21,0,0
22925837,464,105,0,2,22889250,831,56,0,0
22969625,249,22,0,0,22956507,1137,66,0,0
22898709,1181,66,0,1,22954602,983,44,0,0
22849722,682,40,0,2,22959541,1092,43,0,0
22844241,2069,40,0,5,22911277,1403,58,0,0
22969630,435,40,0,1,22843664,920,44,0,0
22975531,654,23,0,7,22969333,686,56,0,0
22876326,958,47,0,5,22908612,906,101,0,0
22849292,1640,37,0,0,22843805,989,33,0,0
22981690,749,56,0,1,22927209,1741,54,0,0
22929243,735,57,0,6,22945106,794,47,0,0
22885217,1023,31,0,3,22936831,498,53,0,0
22927593,1708,48,0,1,22844469,718,28,0,0
22866387,843,44,0,0,22856414,1672,38,0,0
22924184,1289,34,0,7,22956325,2198,37,0,0
22897179,1190,39,0,1,22956090,1327,44,0,0
22970858,1685,57,0,0,22966048,625,54,0,0
22874898,1721,30,0,3,22879818,1145,83,0,0
22935273,1596,33,0,2,22925151,1198,50,0,0
22877595,947,38,0,3,22849205,208,43,0,0
22964397,1183,58,0,1,22954641,1404,62,0,0
22936678,699,59,0,0,22951614,1265,71,0,0
22925301,1123,22,0,1,22919757,1445,38,0,0
22964085,717,40,0,1,22912266,1681,22,0,0
22848442,548,59,0,1,22904734,1107,28,0,0
22983086,1109,90,0,2,22871859,1313,119,0,0
22917885,1673,40,0,2,22957451,1898,42,0,0
22883981,695,59,0,3,22967242,1884,37,0,0
22913921,1236,37,0,0,22897479,1926,56,0,0
22898765,894,35,0,1,22915923,899,37,0,0
22889522,575,59,0,4,22964378,856,70,0,0
22941814,917,24,0,1,22968695,789,98,0,0
22925221,1169,18,0,0,22977612,1202,59,0,0
22879373,1210,37,0,1,22912864,1118,46,0,0
22844740,1274,90,0,1,22900694,1355,34,0,0
22861039,448,46,0,1,22934391,733,35,0,0
22871704,1535,25,0,2,22897964,347,38,0,0
22962619,1231,32,0,4,22963397,658,110,0,0
22969038,2262,37,0,4,22907440,1018,57,0,0
22899743,1471,40,0,2,22895464,399,47,0,0
22922408,2162,34,0,3,22959150,1676,29,0,0
22958596,988,24,0,6,22856601,1166,46,0,0
22846019,1020,85,0,1,22947317,893,30,0,0
22892024,435,52,0,0,22948837,1277,39,0,0
22882586,1325,35,0,0,22862857,984,44,0,0
22898564,1484,63,0,2,22880477,761,63,0,0
22960110,824,115,0,4,22866247,789,33,0,0
22900156,254,46,0,1,22976311,471,36,0,0
22919343,372,35,0,1,22846811,1269,55,0,0
22865366,516,42,0,2,22948022,622,18,0,0
22867329,1296,49,0,8,22842067,956,28,0,0
22965655,361,18,0,1,22921011,1861,35,0,0
22867274,2332,78,0,0,22907481,388,49,0,0
22851395,1273,57,0,1,22959856,1198,33,0,0
22871140,1001,35,0,3,22854562,862,60,0,0
22890207,484,241,0,4,22971199,667,147,0,0
22954722,1053,38,0,4,22945635,1167,25,0,0
22937229,1043,30,0,1,22934264,1199,90,0,0
22891822,1386,36,0,7,22881039,1178,54,0,0
22936609,1891,39,0,1,22854269,800,34,0,0
22949214,1569,46,0,1,22875278,1594,31,0,0
22910556,2170,24,0,1,22857891,1182,41,0,0
22845281,1416,37,0,2,22918892,2073,70,0,0
22931732,1427,44,0,3,22861984,641,42,0,0
22897754,122,46,0,4,22906227,2300,71,0,0
22955686,1206,47,0,0,22919816,664,63,0,0
22944491,1768,65,0,2,22885412,1108,22,0,0
22883537,460,96,0,2,22927404,971,48,0,0
22936387,1036,41,0,2,22899996,713,39,0,0
22854432,2382,54,0,2,22955359,1588,65,0,0
22960227,1450,79,0,1,22986284,642,82,0,0
22859750,1659,29,0,1,22964775,622,35,0,0
22863134,1113,42,0,0,22862340,2042,32,0,0
22947866,1594,37,0,3,22956287,954,38,0,0
22911350,628,56,0,3,22971708,1011,33,0,0
22896157,1910,42,0,3,22948647,1666,40,0,0
22853723,770,25,0,9,22928824,1125,52,0,0
22937066,1253,53,0,0,22969325,626,36,0,0
22885815,1782,25,0,7,22886256,1058,25,0,0
22880097,1420,50,0,3,22847727,1416,69,0,0
22898034,1015,53,0,1,22925547,1151,33,0,0
22858269,843,53,0,0,22859662,709,40,0,0
22912093,1498,45,0,5,22962276,637,89,0,0
22872478,1795,49,0,3,22872904,1498,37,0,0
22917665,1106,29,0,2,22889931,1997,50,0,0
22904897,471,64,0,1,22954246,851,41,0,0
22961624,447,58,0,0,22901795,539,66,0,0
22873186,867,74,0,0,22922134,831,31,0,0
22867341,2119,28,0,2,22977098,1159,56,0,0
22892644,871,102,0,0,22875572,933,40,0,0
22920282,1611,52,0,0,22948291,921,39,0,0
22948237,1188,36,0,1,22960463,869,59,0,0
22870336,1990,53,0,1,22878406,1459,55,0,0
22866202,2283,59,0,0,22914332,1246,78,0,0
22972722,451,64,0,0,22927712,856,46,0,0
22972808,1466,32,0,3,22950514,250,19,0,0
22977824,1019,68,0,1,22844599,1209,20,0,0
22886296,1776,28,0,2,22960187,1170,44,0,0
22937117,2103,43,0,1,22970174,1650,14,0,0
22963800,930,42,0,2,22965838,189,35,0,0
22890705,1853,35,0,1,22851706,803,67,0,0
22919350,566,47,0,8,22968698,2110,42,0,0
22896503,819,65,0,1,22859747,1587,69,0,0
22856526,410,65,0,2,22855966,1014,42,0,0
22926145,1112,62,0,0,22884873,1218,64,0,0
22881344,1573,41,0,6,22940715,856,49,0,0
22925054,1034,46,0,1,22930191,1975,34,0,0
22846908,1066,17,0,14,22908447,985,51,0,0
22892742,2378,34,0,2,22945586,1306,16,0,0
22852128,1018,52,0,2,22881624,1167,60,0,0
22860996,1871,28,0,3,22910968,896,32,0,0
22957158,1395,50,0,1,22947212,1235,75,0,0
22952389,1257,252,0,7,22960676,1446,50,0,0
22893741,660,52,0,3,22982160,1167,45,0,0
22978855,2001,39,0,2,22866625,1892,29,0,0
22912641,643,47,0,0,22960595,1366,68,0,0
22931747,1176,69,0,1,22905256,2547,38,0,0
22859494,1132,43,0,2,22895674,811,34,0,0
22935664,624,47,0,1,22960130,1580,35,0,0
22893055,250,36,0,4,22957038,495,57,0,0
22845331,1279,134,0,1,22887823,1105,63,0,0
22982678,602,22,0,0,22938892,2102,17,0,0
22855909,994,32,0,2,22951328,2196,30,0,0
22896258,755,18,0,5,22864825,1178,54,0,0
22869667,620,24,0,9,22859377,2096,35,0,0
22857800,1420,47,0,4,22962907,634,68,0,0
22872630,220,45,0,0,22932578,1014,62,0,0
22960772,561,36,0,2,22945921,1294,154,0,0
22870114,1823,44,0,0,22873258,2035,30,0,0
22976308,1678,34,0,3,22944232,705,32,0,0
22921854,1662,173,0,3,22867527,610,67,0,0
22851848,688,62,0,1,22877164,2455,50,0,0
22930984,755,89,0,1,22966318,700,59,0,0
22902880,700,42,0,0,22849845,2282,78,0,0
22960016,749,57,0,1,22910472,1779,45,0,0
22910642,882,111,0,1,22855131,1086,39,0,0
22906236,970,34,0,3,22925104,1526,56,0,0
22942673,1396,15,0,1,22871149,1120,24,0,0
22855348,440,58,0,3,22879050,1325,42,0,0
22947543,1189,38,0,3,22985788,705,194,0,0
22919159,2037,26,0,3,22955408,1248,42,0,0
22987152,1177,39,0,0,22958910,2347,31,0,0
22853949,1817,24,0,1,22905971,361,85,0,0
22927893,550,31,0,1,22931921,1131,62,0,0
22879211,2204,35,0,3,22909356,1947,59,0,0
22916711,1896,45,0,0,22848477,1411,55,0,0
22991419,355,29,0,1,22848917,435,37,0,0
22965911,1352,57,0,0,22962322,604,48,0,0
22950395,1572,33,0,0,22934317,1313,57,0,0
22902948,1774,55,0,1,22896566,684,28,0,0
22915561,786,55,0,0,22911374,624,33,0,0
22959808,869,31,0,2,22876682,1482,63,0,0
22849525,591,73,0,2,22899341,280,37,0,0
22879223,562,38,0,3,22960167,1127,56,0,0
22898767,1713,53,0,9,22862341,1055,37,0,0
22973417,1220,69,0,2,22943954,936,18,0,0
22952683,2599,42,0,8,22942832,1043,53,0,0
22983689,2057,27,0,1,22848381,1731,71,0,0
22897680,1153,25,0,0,22941314,645,41,0,0
22936025,2119,32,0,1,22896865,302,53,0,0
22934043,1931,70,0,1,22848480,1038,63,0,0
22848944,2157,37,0,1,22944897,1215,41,0,0
22960282,1090,26,0,0,22919264,1277,53,0,0
22914456,863,43,0,5,22899631,1864,80,0,0
22918235,1149,54,0,1,22896926,542,29,0,0
22896779,1156,40,0,2,22955001,1332,37,0,0
22991515,1701,23,0,4,22973652,2280,42,0,0
22856185,1387,50,0,12,22890994,555,30,0,0
22931418,1723,59,0,0,22980900,885,31,0,0
22895791,1305,15,0,1,22905465,1811,51,0,0
22870517,1674,33,0,7,22969105,1236,68,0,0
22857013,788,86,0,1,22958515,1274,59,0,0
22878331,1647,99,0,2,22945642,493,24,0,0
22987656,1863,77,0,6,22928695,110,47,0,0
22954481,1781,33,0,0,22987527,588,66,0,0
22946587,1166,50,0,11,22924112,1669,49,0,0
22854364,192,28,0,0,22868775,1739,36,0,0
22990437,1141,47,0,2,22949245,571,25,0,0
22934820,1862,30,0,0,22986773,2016,61,0,0
22869635,1780,52,0,0,22897444,787,37,0,0
22942382,1794,76,0,1,22879170,1349,43,0,0
22949739,1835,60,0,2,22875780,1448,72,0,0
22862467,1303,53,0,3,22923436,1318,69,0,0
22973070,390,22,0,2,22934305,514,37,0,0
22966008,809,71,0,5,22981820,672,17,0,0
22880846,1075,61,0,0,22894173,2295,28,0,0
22955018,608,79,0,0,22972228,1385,49,0,0
22991180,2014,19,0,0,22969406,2476,44,0,0
22939814,1475,53,0,2,22937535,2005,34,0,0
22966445,1918,39,0,6,22945959,1457,83,0,0
22935428,1545,40,0,0,22896345,277,96,0,0
22887916,1087,50,0,1,22945111,996,52,0,0
22978282,1150,49,0,0,22913500,1069,72,0,0
22853046,1353,30,0,0,22929919,878,63,0,0
22939622,1650,61,0,1,22932156,808,75,0,0
22977112,778,29,0,0,22955127,1519,55,0,0
22991705,1555,54,0,6,22922294,1582,54,0,0
22914668,134,66,0,1,22867457,803,85,0,0
22854649,1747,44,0,6,22862088,1041,60,0,0
22855823,1154,55,0,1,22862973,702,44,0,0
22958174,2339,51,0,5,22855122,676,77,0,0
22921324,1111,47,0,4,22864389,1671,49,0,0
22853190,1105,72,0,0,22858259,1464,45,0,0
22871478,1208,77,0,1,22934586,839,39,0,0
22857434,1498,51,0,2,22991780,345,40,0,0
22865509,1174,44,0,0,22857824,665,33,0,0
22885360,1597,59,0,7,22973040,2145,39,0,0
22972538,1579,37,0,1,22922951,1468,24,0,0
22855150,713,30,0,1,22876445,1110,74,0,0
22949406,2088,50,0,1,22907980,1167,29,0,0
22967719,903,67,0,1,22937441,1638,27,0,0
22938567,1168,59,0,1,22884651,455,34,0,0
22947092,827,28,0,1,22919039,1266,30,0,0
22926446,446,84,0,2,22911585,1929,24,0,0
22863063,993,34,0,1,22868543,1485,63,0,0
22957185,1923,55,0,0,22856718,2291,23,0,0
22936895,1095,36,0,0,22897250,843,36,0,0
22924922,1015,42,0,1,22971259,686,57,0,0
22890454,1723,31,0,2,22853102,1456,78,0,0
22917659,1515,41,0,0,22903375,1367,38,0,0
22934590,1101,62,0,1,22906571,1345,34,0,0
22931255,1017,64,0,2,22995356,2119,29,0,0
22929381,1333,72,0,1,22879036,921,21,0,0
22965096,877,36,0,0,22852400,1149,83,0,0
22876775,1639,72,0,0,22908721,965,39,0,0
22875420,1574,24,0,0,22993560,1386,50,0,0
22936103,1691,73,0,0,22906469,776,71,0,0
22941035,1884,62,0,2,22937155,1171,44,0,0
22981924,2143,35,0,0,22864386,2306,43,0,0
22994810,1187,37,0,0,22924583,1181,33,0,0
22884051,1140,45,0,1,22991660,1160,84,0,0
22936926,1572,54,0,1,22910292,397,52,0,0
22944191,1701,24,0,1,22853286,572,33,0,0
22914852,610,173,0,0,22877885,820,35,0,0
22952172,329,35,0,24,22858807,1276,43,0,0
22907708,1110,74,0,9,22972409,1602,52,0,0
22953537,810,50,0,1,22993490,657,69,0,0
22860280,614,60,0,4,22890528,1419,35,0,0
22952656,1218,54,0,2,22945210,1670,38,0,0
22988611,1800,26,0,1,22992385,1080,43,0,0
22896579,1128,78,0,3,22962195,866,39,0,0
22895821,1668,51,0,6,22865199,668,25,0,0
22855486,495,50,0,2,22869809,869,50,0,0
22944987,1016,44,0,0,22887106,2083,43,0,0
22858250,1836,53,0,1,22959398,578,45,0,0
22904924,1230,33,0,1,22861535,722,27,0,0
22925360,1984,49,0,1,22990472,1074,109,0,0
22898979,830,47,0,1,22909262,1317,41,0,0
22939207,790,31,0,2,22866074,1455,60,0,0
22919864,214,29,0,1,22981687,1895,23,0,0
22887311,2299,103,0,2,22875506,1238,243,0,0
22908219,1057,31,0,2,22990691,1071,59,0,0
22856084,1283,54,0,1,22921206,2562,36,0,0
22890622,1670,33,0,4,22931119,1191,83,0,0
22977062,841,53,0,0,22947777,1526,57,0,0
22961216,1342,31,0,1,22888955,1105,45,0,0
22853025,1374,47,0,5,22900927,761,118,0,0
22968188,138,28,0,2,22891974,1014,55,0,0
22900327,1828,16,0,1,22858697,783,43,0,0
22961987,2129,18,0,1,22874420,1324,23,0,0
22976470,1367,90,0,3,22858370,509,266,0,0
22991389,1034,29,0,0,22979478,850,26,0,0
22934907,1135,26,0,0,22959498,1988,42,0,0
22964024,1183,57,0,0,22993262,1644,82,0,0
22891915,1738,77,0,1,22961299,1139,47,0,0
22920637,1844,118,0,1,22984115,1997,20,0,0
22890221,1210,31,0,0,22996673,2009,65,0,0
22900091,1993,24,0,7,22970730,2259,16,0,0
22945400,159,18,0,9,22861615,809,46,0,0
22864166,1295,78,0,3,22925041,1026,54,0,0
22870741,1694,35,0,1,22919011,2440,39,0,0
22968259,1765,38,0,1,22925440,205,42,0,0
22975333,2258,59,0,1,22905374,727,110,0,0
22968896,1302,42,0,0,22999303,1164,71,0,0
22929949,1400,26,0,2,22940975,432,38,0,0
22881152,862,40,0,1,22877108,1446,53,0,0
22954362,1989,55,0,2,22970336,1678,42,0,0
22887918,1743,81,0,4,22911535,647,49,0,0
22932538,1590,27,0,3,22946214,1064,35,0,0
22908119,655,34,0,11,22942174,1238,102,0,0
22868640,633,44,0,1,22967301,1713,52,0,0
22873888,846,77,0,4,22913713,1143,46,0,1
22876177,1069,41,0,2,22998647,1102,42,0,0
22949046,138,59,0,2,22937750,1812,38,0,0
22880993,1487,34,0,6,22965553,2095,30,0,0
22944782,786,25,0,1,22984744,991,71,0,0
22996263,1291,72,0,5,22862708,1065,39,0,0
22957440,1497,34,0,7,22967045,1078,107,0,0
22956788,257,122,0,1,22917276,956,54,0,0
22982039,893,37,0,3,22933245,628,23,0,0
22932021,509,62,0,7,22991710,2168,56,0,0
22884002,1700,43,0,0,22891972,1569,74,0,0
22941989,101,41,0,0,22936333,948,26,0,0
22983866,2219,43,0,1,22952967,625,34,0,0
22962850,1406,50,0,17,22863321,1392,34,0,0
22864361,752,53,0,2,22932611,595,60,0,0
22992522,1281,22,0,1,22881989,1175,19,0,0
22970977,1298,48,0,9,22982622,1037,28,0,0
22918583,670,34,0,0,22946608,1181,41,0,0
22969906,838,47,0,1,22970238,817,36,0,0
22879436,1472,40,0,0,22971511,919,30,0,0
22978511,1110,43,0,4,22993470,1409,61,0,0
22898866,1161,41,0,16,22936323,2119,30,0,0
22878667,951,52,0,2,22933312,863,48,0,0
22898339,1964,40,0,1,22927409,1380,23,0,0
22914152,1365,44,0,1,22883697,387,57,0,0
22957737,165,84,0,4,22962442,1768,45,0,0
22867992,349,58,0,1,22903762,1041,84,0,0
22973369,1579,17,0,2,22942048,1541,37,0,0
22857922,1221,54,0,0,22903085,1426,79,0,0
22976920,455,42,0,8,22923005,1533,26,0,0
22914591,724,28,0,11,22914958,722,37,0,0
22998194,2303,49,0,0,22975052,1697,25,0,0
22907078,503,88,0,5,22939133,1591,42,0,0
22979594,2384,49,0,3,22990620,796,27,0,0
22915648,501,86,0,5,22863616,903,37,0,0
22872273,1949,61,0,3,22874466,1833,44,0,0
22922135,1172,23,0,4,22898956,668,19,0,0
22932910,1036,35,0,2,22859157,1418,63,0,0
22993135,718,45,0,1,22900901,137,195,0,0
22867601,2361,25,0,4,22948404,1072,67,0,0
22926854,940,63,0,0,22916927,535,49,0,0
22950786,1397,64,0,4,22885375,319,45,0,0
22960845,758,32,0,15,22864971,309,45,0,0
22876069,965,46,0,6,22996019,1129,56,0,0
22985411,1737,36,0,1,22913551,716,64,0,0
22892015,728,61,0,11,22913290,972,64,0,0
22951842,922,40,0,2,22882510,1166,27,0,0
22990568,577,26,0,0,22879129,620,24,0,0
22922689,1723,66,0,6,22888657,869,37,0,0
22977111,924,27,0,0,23002918,1183,36,0,0
22896969,665,37,0,1,23003910,789,43,0,0
23000013,254,60,0,2,22870862,1099,109,0,0
22887767,2142,50,0,4,22999182,740,37,0,0
22935836,1061,48,0,2,22877963,718,49,0,0
22950483,1678,50,0,2,22915478,973,57,0,0
22981751,1138,45,0,1,22964460,1656,31,0,0
22858647,1898,60,0,0,22885341,1836,62,0,0
22941273,1996,30,0,0,22918229,1522,55,0,0
22959017,728,43,0,1,22998939,542,63,0,0
22947697,250,39,0,2,22981188,1324,86,0,0
22888207,2224,52,0,2,22962844,1201,69,0,0
22862218,759,50,0,4,22945934,2574,28,0,0
22989779,1730,58,0,1,22874600,1188,52,0,0
22946198,1990,44,0,0,22963726,1205,25,0,0
22888451,635,65,0,1,22901471,1702,30,0,0
22962286,808,63,0,0,22924652,2004,89,0,0
22960209,2495,50,0,2,22946564,1998,30,0,0
22934931,1312,45,0,2,22892446,1750,48,0,0
22889970,2135,18,0,2,22867227,1324,56,0,0
22881828,1244,35,0,0,22875397,1788,17,0,0
22902647,1022,33,0,1,22885101,648,69,0,0
22877117,1927,95,0,2,22934019,246,60,0,0
22964057,694,18,0,3,22973468,935,84,0,0
22991365,2185,35,0,1,22945050,1141,40,0,0
23001709,1675,57,0,3,22901180,634,60,0,0
22992438,986,21,0,1,22877169,814,47,0,0
22882400,903,32,0,2,22925061,666,65,0,0
22945478,723,75,0,0,22941559,1123,104,0,0
22893751,984,30,0,4,22920253,779,84,0,0
22975785,897,69,0,1,22993749,901,32,0,0
22907232,1440,18,0,2,22924784,410,109,0,0
22898850,1747,27,0,3,22957474,1753,30,0,0
22915994,818,32,0,5,22879116,1020,80,0,0
22920548,980,175,0,4,22995194,993,47,0,0
22975664,2037,40,0,0,22949950,1222,44,0,0
22937855,989,39,0,1,22978147,1381,82,0,0
22868491,1286,58,0,2,22886410,1646,33,0,0
22956644,544,58,0,2,22897791,2027,25,0,0
23003192,1700,26,0,6,22909533,1831,29,0,0
22962283,865,52,0,3,22914469,1650,55,0,0
22875159,700,34,0,2,22886267,778,29,0,0
22884749,1083,49,0,0,22882719,432,115,0,0
22886534,736,48,0,5,22868960,1434,72,0,0
22961988,1636,75,0,2,22885012,2111,98,0,0
22871038,580,34,0,1,22982401,887,28,0,0
22947515,539,29,0,2,22909470,1919,23,0,0
22869846,1105,75,0,4,22886103,694,36,0,0
22962245,569,55,0,5,22938472,776,38,0,0
22957499,724,37,0,3,22984622,942,60,0,0
22929286,1314,34,0,12,22948210,1184,28,0,0
22895277,2155,36,0,0,22938176,1026,79,0,0
22987060,929,40,0,2,22885810,868,49,0,0
22890297,849,29,0,4,22989155,1281,28,0,0
22969912,279,30,0,2,22998587,606,19,0,0
22946396,994,60,0,0,22983896,2453,34,0,0
22892587,963,89,0,0,22870384,824,43,0,0
23005045,1780,64,0,3,22868355,1164,57,0,0
22971255,1483,31,0,3,22861684,1061,35,0,0
22900066,721,72,0,0,22910025,1376,43,0,0
22894400,1003,56,0,0,22997387,1375,40,0,0
22910964,1030,49,0,1,22905576,1536,49,0,0
22982295,1156,45,0,4,22902676,817,49,0,0
22976811,1729,27,0,1,22870490,1347,58,0,0
23003361,1244,46,0,3,22971297,815,24,0,0
22904629,708,27,0,1,22876896,1004,50,0,0
22904797,1087,55,0,1,22990447,1650,31,0,0
22967199,2190,79,0,1,22862350,1875,38,0,0
22871557,1024,51,0,1,22935863,830,40,0,0
22946049,974,24,0,10,22953436,193,68,0,0
22899005,1030,59,0,3,22922812,1273,25,0,0
22906078,665,67,0,1,22986699,2196,74,0,0
22863705,966,56,0,3,22960255,955,41,0,0
22941189,1266,34,0,1,22954838,1119,159,0,0
22869482,2083,48,0,2,22904962,863,41,0,0
22892349,620,72,0,3,22889082,997,35,0,0
22867285,837,46,0,1,22884551,1922,65,0,0
22914123,450,62,0,0,22862018,804,63,0,0
22936844,1009,22,0,5,22996585,1219,63,0,0
22999204,424,66,0,2,23006235,351,52,0,0
22927229,1871,41,0,0,23002671,1614,28,0,0
22910523,996,87,0,0,22982793,543,24,0,0
22983399,755,31,0,1,22947371,979,46,0,0
22975906,1107,48,0,2,22998507,1560,23,0,0
22982702,1489,26,0,4,22873271,669,50,0,0
22873543,678,92,0,1,22924174,404,38,0,0
22999289,1391,14,0,1,23005025,773,48,0,0
22914578,2213,37,0,5,22894388,1167,40,0,0
23008621,1976,40,0,3,22975593,177,32,0,0
22945628,462,54,0,2,22946226,1814,28,0,0
23002336,693,48,0,0,22918508,950,38,0,0
22918605,1660,31,0,3,22921706,1152,28,0,0
22908350,791,57,0,0,22990448,259,114,0,0
22895735,806,39,0,3,22968795,361,26,0,0
23003314,920,25,0,1,22883407,228,41,0,0
22868455,1458,78,0,0,22978110,857,71,0,0
22944790,1139,65,0,3,23006650,234,99,0,0
22863723,944,63,0,2,22991019,687,53,0,0
22938416,1403,76,0,2,22871164,1068,66,0,0
22872841,879,15,0,2,22900733,1940,38,0,0
22932891,756,60,0,2,22942718,1521,27,0,0
22952989,1614,36,0,7,22939656,624,62,0,0
22929884,1865,67,0,1,22879167,903,58,0,0
22932045,877,46,0,1,22887435,595,39,0,1
22998315,1485,50,0,1,22870994,644,54,0,0
22870426,639,33,0,2,22983089,715,57,0,0
22871541,1292,19,0,0,22991750,1658,61,0,0
22951380,1646,19,0,4,22976969,1253,32,0,0
22970271,1148,30,0,1,22990500,848,62,0,0
22896423,996,43,0,10,22925339,457,39,0,0
22954391,1147,45,0,1,22937204,526,69,0,0
22910976,439,36,0,2,22880024,848,34,0,0
22867897,1671,45,0,1,22882308,914,16,0,0
23003629,2127,37,0,6,23008997,645,175,0,0
22900647,1229,12,0,1,22893318,1478,64,0,0
22886702,1637,43,0,1,22936655,574,24,0,0
22953309,879,217,0,3,22970538,589,38,0,0
22863899,756,74,0,2,22932580,1668,37,0,0
23000327,956,19,0,10,22964368,1015,43,0,0
22937494,870,87,0,3,23009699,1345,57,0,0
22963753,1565,40,0,2,22923577,729,41,0,0
22910038,1158,36,0,6,22963256,1241,72,0,0
22960698,898,101,0,6,22964339,604,38,0,0
22899083,1244,360,0,5,22932361,1727,35,0,0
22878204,1709,30,0,9,22978770,2220,52,0,0
22918211,1651,45,0,0,22977785,1294,37,0,0
22972237,1302,52,0,5,22939714,1151,93,0,0
22907627,1900,56,0,1,22978347,1605,24,0,0
22971545,817,43,0,4,22953330,482,34,0,0
22900408,1104,24,0,0,22912354,1090,64,0,0
23008139,1410,33,0,3,22866831,1637,39,0,0
22912231,942,71,0,0,22935471,1949,38,0,0
22934410,1117,51,0,1,22953802,601,41,0,0
22892088,1847,47,0,4,22996904,1741,19,0,0
22890630,620,24,0,0,22999433,1969,36,0,0
22987982,1764,83,0,2,22914989,220,60,0,0
22991683,1499,53,0,2,22993327,743,66,0,0
22936576,660,84,0,0,22930349,2323,37,0,0
22867091,1667,40,0,2,22954047,1590,35,0,0
22899832,1307,59,0,1,22963409,699,35,0,0
22927611,176,81,0,1,22994069,1078,42,0,0
22873323,1393,73,0,2,22874346,247,60,0,0
22904084,748,38,0,2,22897295,570,60,0,0
22875156,1778,21,0,0,22890650,1843,28,0,0
22880090,1587,36,0,7,22891294,703,66,0,0
22931261,952,21,0,1,22929292,2107,52,0,0
22885692,2105,28,0,3,22942805,864,50,0,0
22885777,768,50,0,1,23008254,948,43,0,0
22937507,1344,26,0,0,23004372,976,17,0,0
22934252,1113,52,0,12,22897971,963,102,0,0
22992769,143,76,0,4,22986530,1292,47,0,0
22927643,352,29,0,3,22919215,1697,45,0,0
22995087,2541,21,0,0,22969437,895,55,0,0
22977881,1501,40,0,0,22922720,1075,37,0,0
22993084,277,26,0,2,22991398,1672,121,0,0
22946245,707,19,0,6,22912246,1524,40,0,0
22953725,1219,33,0,2,22916988,1892,48,0,0
22992298,1122,41,0,4,22998123,690,32,0,0
22996541,1724,76,0,0,22976807,969,42,0,0
22920485,1825,62,0,1,22909557,1162,61,0,0
22918410,1010,71,0,2,22953417,151,62,0,0
23006039,2165,40,0,2,23011463,1235,89,0,0
22895269,1564,37,0,3,22932743,1107,56,0,0
22982270,853,22,0,0,22927701,207,19,0,0
22884602,2086,94,0,1,22996570,790,149,0,0
22957717,1478,54,0,8,22976844,2076,30,0,0
22904161,1227,90,0,0,22933902,471,53,0,0
22980982,1160,48,0,5,23003519,1349,77,0,0
22989422,391,37,0,0,22904283,1932,41,0,0
22959794,906,172,0,3,22945368,971,42,0,0
22983460,1142,348,0,1,22937711,1159,83,0,0
22942890,2101,49,0,4,23012150,861,73,0,0
23011734,771,42,0,0,22900503,1998,25,0,0
22964778,1338,46,0,14,22952004,875,48,0,0
22949445,1158,64,0,1,22992442,1596,106,0,0
22904717,692,30,0,0,22895859,770,72,0,0
22928766,1673,34,0,5,22940010,1144,47,0,0
22961314,1946,55,0,4,22947225,1058,34,0,0
22916409,1298,29,0,2,22901561,509,89,0,0
23003934,1330,56,0,3,22900270,1309,26,0,0
22909412,1154,54,0,1,23006418,635,27,0,0
22934779,1859,41,0,1,22912196,768,32,0,0
22944855,1639,38,0,0,22956348,2015,43,0,0
22895150,1542,58,0,5,22952341,1830,26,0,0
22919549,2135,63,0,3,22924387,155,56,0,0
22875835,931,38,0,3,22899569,1960,52,0,0
22973453,2597,41,0,4,22892541,585,43,0,0
22889034,1194,50,0,1,22900417,1301,36,0,0
22954832,1050,26,0,1,22905264,1173,77,0,0
22954771,2188,56,0,1,23008000,496,48,0,0
22887677,978,28,0,1,22928778,334,57,0,0
22914182,1970,69,0,1,23004656,2362,38,0,0
22916717,1325,42,0,0,23011595,1129,31,0,0
22891689,762,33,0,0,22871186,956,26,0,0
22996548,1252,25,0,4,22975315,1483,122,0,0
22885824,1210,36,0,5,22986156,1019,55,0,0
22881121,1534,80,0,2,22886082,617,20,0,0
22887862,1195,63,0,1,23012602,2148,91,0,0
22991928,1163,58,0,3,22998144,636,51,0,0
22979462,676,16,0,4,22883938,2114,48,0,0
22881917,1452,30,0,5,22989373,752,98,0,0
22962284,588,33,0,0,22922289,647,51,0,0
22957454,1679,21,0,2,22924194,1139,48,0,0
22922618,857,45,0,2,22893718,1168,29,0,0
22966579,1332,41,0,3,22932226,870,39,0,0
22889791,1672,48,0,1,22918983,908,20,0,0
22969987,1198,60,0,3,22879268,820,40,0,0
23013198,873,44,0,6,22922002,1469,53,0,0
22992184,1541,79,0,3,22924908,1093,21,0,0
22936230,1357,71,0,1,22912701,1381,47,0,0
22940747,1437,39,0,8,22999639,769,33,0,0
22913823,1128,56,0,1,22934801,2590,22,0,0
23003208,2159,37,0,5,22977071,1147,31,0,0
22919052,1683,30,0,0,22904765,1507,51,0,0
22912052,518,20,0,3,23012790,1318,49,0,0
22881898,1548,58,0,3,22959164,1892,85,0,0
22933469,1583,24,0,0,22999210,421,147,0,0
22933006,660,53,0,1,22877148,2558,31,0,0
23001531,1282,63,0,2,22917447,657,50,0,0
22926097,1012,83,0,3,22999759,2427,23,0,0
22948610,2303,67,0,3,22908521,1243,28,0,0
22971096,829,63,0,7,22921448,954,71,0,0
22964616,480,47,0,7,22911307,1368,35,0,0
22975013,769,54,0,6,22923128,360,36,0,0
22993322,1997,29,0,2,22940777,733,68,0,0
22943687,1619,49,0,1,22918502,605,93,0,0
22958942,2122,54,0,4,23000333,1037,37,0,0
22925002,2095,59,0,3,22879936,2246,21,0,0
22884896,877,72,0,2,22996591,1716,47,0,1
23013214,2502,48,0,1,22951822,1682,86,0,0
22948577,106,74,0,5,22948558,1685,27,0,0
22978993,2057,72,0,2,23014287,541,44,0,0
22946481,299,48,0,1,22938348,1482,106,0,0
22949125,767,70,0,2,22892338,268,46,0,0
22996210,825,52,0,0,22932254,661,45,0,0
22917589,630,25,0,1,22933226,1442,67,0,0
22983555,1711,55,0,1,22905813,1539,42,0,0
22922616,1793,75,0,0,22890280,898,83,0,0
22877515,1593,17,0,0,23010954,1611,24,0,0
22925926,2189,66,0,12,22985679,1165,74,0,0
22910215,925,39,0,5,22892475,902,24,0,0
22890592,1882,43,0,1,22986498,351,105,0,0
22877034,1355,71,0,0,22881650,1941,39,0,0
22994230,1036,82,0,3,23006425,753,38,0,0
22930983,1402,36,0,2,23012484,1128,32,0,0
22936247,1688,19,0,0,23000469,2593,42,0,0
22892116,719,53,0,1,23003512,2271,25,0,0
22985922,1115,57,0,0,22894223,1381,28,0,0
22961738,1584,41,0,3,22922698,2570,76,0,0
22939309,1061,46,0,1,22891356,1114,37,0,0
22880457,1268,40,0,6,22920440,1055,52,0,0
22942593,699,38,0,1,23014129,619,31,0,0
22917644,1301,17,0,0,22893743,1402,58,0,0
22922633,2393,44,0,1,22874682,673,40,0,0
22917994,1579,48,0,5,22967708,717,32,0,0
22975609,2309,82,0,1,22974672,1885,38,0,0
22928448,781,23,0,0,22917147,1703,38,0,0
22895710,1028,29,0,0,23011114,2347,50,0,0
22964721,1525,68,0,0,22876783,1676,54,0,0
22898505,2125,53,0,0,22890916,2236,59,0,0
22890306,1119,43,0,4,22960328,1604,65,0,0
22974082,696,35,0,3,23013892,948,57,0,0
22897557,1967,25,0,0,22977738,660,44,0,0
22973568,1573,25,0,4,22995775,1392,46,0,0
22992892,1136,53,0,1,22957840,1176,30,0,0
22923216,519,34,0,5,22989290,1959,29,0,0
22993138,1540,38,0,11,22943150,1503,33,0,0
22914473,1245,75,0,3,22975862,1114,29,0,0
22935012,1953,30,0,3,22976840,900,73,0,0
22929510,1245,43,0,1,23001025,607,43,0,0
22929233,1622,22,0,0,23018257,1032,85,0,0
22886321,656,59,0,0,22912506,509,51,0,0
22994540,1225,47,0,3,22996605,525,116,0,0
22985742,889,38,0,0,22975023,1430,64,0,0
22907540,974,41,0,1,22924796,839,34,0,0
22940797,2596,72,0,4,22926995,1217,80,0,0
22878250,307,41,0,2,23019902,1359,78,0,0
22988757,1680,40,0,1,22964679,924,42,0,0
22957310,1090,14,0,2,22875936,1294,38,0,0
22950044,1018,51,0,2,22994273,1570,49,0,0
22993254,794,59,0,0,22952129,832,170,0,0
22913540,1588,59,0,3,22955404,1627,29,0,0
22938040,354,53,0,10,22908275,1390,32,0,0
22900673,920,68,0,0,22894505,839,25,0,0
23012712,976,48,0,5,22951029,1756,173,0,0
22918938,662,37,0,1,22932647,390,31,0,0
23018222,1757,49,0,3,23010787,1078,22,0,0
22935518,1416,30,0,2,22896463,443,45,0,0
22970889,2255,39,0,0,22969900,963,60,0,0
23003273,1936,31,0,1,22980970,1415,52,0,0
22919909,597,69,0,2,22941937,1655,55,0,0
22915812,714,40,0,1,22888061,957,85,0,0
22993148,1419,35,0,5,22943917,1525,27,0,0
23015997,755,57,0,1,22917690,876,46,0,0
22944336,2346,42,0,1,22875935,1164,35,0,0
22917639,322,33,0,0,22889729,1099,21,0,0
22924168,447,115,0,1,22885871,1292,65,0,0
22978782,1267,36,0,1,23012994,2218,25,0,0
22956151,138,60,0,4,22941547,1038,55,0,0
22983486,626,39,0,1,23006664,1623,50,0,0
22987295,1802,150,0,3,22993008,679,84,0,0
22904340,921,39,0,8,22898001,1231,31,0,0
22911634,2080,79,0,4,22969539,869,92,0,0
22963641,1350,73,0,3,22895405,1627,38,0,0
23009803,2417,25,0,3,22940684,994,23,0,0
22885965,790,52,0,2,22982132,827,71,0,0
22897771,1111,44,0,0,22944087,1155,29,0,0
22903981,1249,60,0,3,22985665,732,56,0,0
22944720,684,46,0,1,22888643,2286,63,0,0
22943665,260,43,0,1,22930247,1133,29,0,0
22897431,1333,44,0,3,22939030,1077,63,0,0
22985587,1375,60,0,2,22974708,1049,45,0,0
22918492,556,72,0,1,23009750,155,63,0,0
22901267,441,82,0,2,22937078,1392,30,0,0
22977037,326,61,0,2,23004810,531,52,0,0
22966692,1288,67,0,2,23019231,475,35,0,0
22946043,1590,50,0,1,22921275,2054,48,0,0
22967506,847,44,0,0,22999889,2163,57,0,0
22996061,409,33,0,4,22948542,1554,16,0,0
22999540,562,54,0,6,22992890,1138,35,0,0
22944364,634,62,0,0,22981187,909,48,0,0
23000263,900,71,0,2,22909867,953,45,0,0
22908077,1941,41,0,0,22923444,896,45,0,0
22959388,872,83,0,1,22895011,872,66,0,0
22901578,1622,67,0,0,22982274,702,50,0,0
22893190,293,48,0,1,22882913,1111,57,0,0
22898302,907,28,0,1,22877647,997,45,0,0
22881999,634,193,0,1,22934204,2338,63,0,0
22981737,683,41,0,0,22996857,213,61,0,0
22968225,729,27,0,1,22995284,1579,76,0,0
23023842,2116,39,0,6,22948968,999,37,0,0
23003792,1533,67,0,2,22939691,1873,25,0,0
22906115,309,46,0,1,22911454,1003,45,0,0
22924747,943,45,0,2,23001989,918,55,0,0
22997904,943,27,0,4,22901237,1032,49,0,0
22981242,535,49,0,0,22955732,1191,26,0,0
22912754,1705,29,0,1,23007300,1204,61,0,0
23000405,1226,35,0,0,23020512,1143,38,0,0
23006635,1174,111,0,0,22983734,887,51,0,0
22937998,1709,44,0,4,22932114,1355,44,0,0
22990453,835,23,0,4,22994608,1004,28,0,0
22958285,1170,98,0,1,22959258,2397,41,0,0
22910928,1304,31,0,2,22987169,1695,39,0,0
22887428,1822,58,0,2,22963936,667,79,0,0
22962739,1007,42,0,3,22881302,1321,40,0,0
22973059,1056,39,0,1,22880311,843,74,0,0
22926457,1487,42,0,10,22886130,598,58,0,0
22910591,1346,35,0,1,22920539,2095,33,0,0
22993104,458,52,0,1,23022228,788,44,0,0
22979044,1803,34,0,1,22942917,1653,38,0,0
22918576,1103,189,0,0,23018746,1190,33,0,0
23012762,1003,25,0,1,22991133,956,39,0,0
22955348,1924,44,0,3,22989410,1680,41,0,0
22976611,172,46,0,5,22956522,1186,29,0,0
22923190,1000,115,0,8,22960564,633,288,0,0
23023887,1076,41,0,0,22968361,376,208,0,0
22931975,617,26,0,2,22950014,1186,47,0,0
22893066,2669,53,0,4,22931511,1180,37,0,0
22999174,769,80,0,1,22949499,622,70,0,0
22965926,603,64,0,4,22904458,1816,33,0,0
22933921,2300,55,0,1,22963268,1590,64,0,0
22890148,438,58,0,1,22994453,422,18,0,0
22991921,1970,41,0,6,22890400,664,26,0,0
22918163,2474,49,0,2,22990329,880,91,0,0
23009576,1097,40,0,3,22924347,1698,48,0,0
22989534,1617,65,0,1,22975166,148,63,0,0
22963915,1122,48,0,3,23013314,1193,69,0,0
22908295,435,34,0,2,22960587,1106,63,0,0
22981502,1049,15,0,7,22922614,1782,40,0,0
23011170,1483,29,0,1,22890645,1211,60,0,0
22994813,1144,85,0,2,22885793,821,81,0,0
22902004,1195,31,0,4,22980161,753,27,0,0
23006249,2227,52,0,1,22947959,1146,34,0,0
23024477,1834,31,0,1,22911753,1101,39,0,0
22956780,124,84,0,0,22897749,1513,19,0,0
23019087,865,36,0,2,22947272,2152,47,0,0
22941477,1119,19,0,3,22976841,2437,57,0,0
22962298,517,35,0,4,22977246,974,35,0,0
23018825,1366,105,0,2,22949244,967,43,0,0
22879538,1739,17,0,1,22930821,2374,43,0,0
22927634,797,27,0,0,22917737,1771,61,0,0
22937921,965,34,0,2,22986730,640,48,0,0
22959873,1107,53,0,2,22997805,1293,29,0,0
22938117,1476,15,0,0,22909183,353,133,0,0
22984245,1617,42,0,2,22888639,1835,53,0,0
23006860,824,68,0,1,23001816,2280,51,0,0
22945240,898,49,0,2,22916282,1222,40,0,0
22933357,752,25,0,10,22937288,1446,36,0,0
22922570,1449,50,0,1,22963292,1235,40,0,0
22941343,1086,110,0,1,22981246,1015,18,0,0
22970289,1567,37,0,2,23004243,616,27,0,0
22947664,1574,45,0,3,23016173,1554,51,0,0
22915151,1654,38,0,2,22940579,926,34,0,0
23027507,931,46,0,1,22903088,1144,54,0,0
22896131,979,57,0,4,23024476,2223,27,0,0
22972657,1257,31,0,0,22999476,1161,37,0,0
22932710,925,39,0,0,22917708,1034,47,0,0
22912945,691,30,0,0,22971882,326,57,0,0
22987761,367,84,0,0,22964203,1426,66,0,0
22892484,995,65,0,7,22956255,1699,41,0,0
22942157,373,52,0,2,22947186,746,33,0,0
22880322,1199,54,0,0,23001372,1353,46,0,0
22988208,1868,61,0,0,22976741,1318,31,0,0
22924035,1259,40,0,7,22891939,954,87,0,0
22893281,1080,32,0,0,22933874,1129,43,0,0
23020528,474,102,0,1,22950012,1346,73,0,0
22956212,995,28,0,1,22991530,1228,31,0,0
22951209,867,74,0,1,22957917,1315,27,0,0
22979305,1461,63,0,1,22943304,635,72,0,0
22909597,1334,40,0,2,22934972,652,40,0,0
22988654,1855,34,0,0,23023428,981,68,0,0
22912760,955,26,0,6,22996302,355,145,0,0
22977300,2366,27,0,1,23018095,427,61,0,0
22913212,1505,95,0,6,22889359,844,93,0,0
23011831,428,32,0,3,22959706,1250,50,0,0
22943661,1317,55,0,1,22911032,1721,58,0,0
22913847,1979,60,0,1,23006045,1143,74,0,0
22899282,1046,36,0,1,22956989,1170,30,0,0
22936369,1080,49,0,0,22954744,1490,26,0,0
23021562,708,53,0,0,22943916,653,50,0,0
22905925,1926,36,0,7,22934242,1484,27,0,0
22953296,1283,27,0,4,23022080,685,41,0,0
22978593,953,34,0,11,22915000,1091,20,0,0
22901275,786,89,0,4,23027982,1253,55,0,0
22989038,1644,26,0,1,22964156,919,27,0,0
22884554,506,57,0,6,23003030,1272,42,0,0
23025144,1006,23,0,1,22888277,675,38,0,0
22954799,1544,38,0,5,22907204,385,67,0,0
22955245,953,27,0,0,23022861,1112,49,0,0
22915798,1867,32,0,11,22883401,308,110,0,0
22927904,1227,26,0,1,22925349,1317,63,0,0
22981245,621,50,0,4,23011017,728,66,0,0
22956774,475,24,0,0,22970016,126,31,0,0
22988054,925,51,0,2,22940475,1262,43,0,0
23008845,1918,27,0,0,22930625,1573,33,0,0
22908282,2289,58,0,0,22982102,1595,41,0,0
23006424,785,40,0,0,22973750,2199,13,0,0
22922092,1045,40,0,3,23004147,203,89,0,0
23029463,597,41,0,1,22976223,1120,71,0,0
22928296,691,44,0,0,22900452,1018,60,0,0
23004331,313,55,0,8,22889210,525,30,0,0
22892790,1294,74,0,3,22882996,1980,26,0,0
22933666,790,58,0,12,22910315,614,46,0,0
23005961,799,64,0,7,23005276,621,55,0,0
22892875,959,20,0,1,22886795,691,15,0,0
22942596,2220,41,0,0,22901249,1781,38,0,0
22895571,1487,57,0,2,22895845,958,48,0,0
22951299,618,49,0,1,22903034,836,58,0,0
23027099,1055,37,0,3,22935358,505,50,0,0
22891926,1395,90,0,1,22999087,1390,100,0,0
22982902,2537,77,0,2,23000230,721,36,0,0
22887607,1177,31,0,0,23009124,1678,44,0,0
22928924,1313,52,0,5,22945634,2453,18,0,0
22934659,761,34,0,0,22979163,1507,35,0,0
23014832,795,46,0,2,22925861,1829,155,0,0
23007039,1605,37,0,0,22893149,630,26,0,0
23026197,910,25,0,1,23011747,426,54,0,0
22949240,1653,46,0,0,22952689,694,59,0,0
23000169,1261,38,0,0,22982014,998,29,0,0
22996490,1572,64,0,0,22910977,1017,73,0,0
22992813,518,17,0,1,22943585,814,44,0,0
22943620,559,38,0,12,23029717,1754,53,0,0
22964227,873,31,0,1,23014911,420,35,0,0
22949328,616,123,0,4,22904482,947,112,0,0
23025407,1156,46,0,5,22943792,1434,47,0,0
22999552,934,46,0,1,23025593,1364,51,0,0
23031167,1871,50,0,0,22983064,1423,36,0,0
22934747,1401,22,0,2,23013374,2352,21,0,0
23014793,928,26,0,0,22930616,754,86,0,0
22926902,1376,50,0,2,23030778,1070,66,0,0
22993990,1140,26,0,1,22967876,1117,53,0,0
23019269,1137,39,0,3,22929010,1976,66,0,0
22956505,1570,27,0,5,22973600,1102,80,0,0
23025279,1689,31,0,0,22909405,825,46,0,0
23026638,1154,38,0,1,23022462,823,41,0,0
22945334,961,53,0,3,22901224,789,45,0,0
22907762,1946,42,0,3,23029036,2358,43,0,0
22994571,1619,32,0,1,22905090,1112,130,0,0
22973069,1609,22,0,0,22967129,1086,70,0,0
22915914,1389,54,0,1,23029848,786,90,0,0
22890257,1301,66,0,2,22962786,1479,27,0,0
22887877,970,45,0,2,22937995,285,15,0,0
22922613,601,94,0,0,23012670,858,66,0,0
22971758,902,55,0,3,23024324,894,52,0,0
23030422,920,47,0,0,22935678,910,59,0,0
22910960,802,36,0,0,22962879,1665,37,0,0
23020881,1719,30,0,0,22964410,1162,40,0,0
22958278,1530,29,0,1,22968685,2468,32,0,0
22946316,1570,38,0,4,23030099,2385,28,0,0
22907596,946,69,0,3,23008415,1340,33,0,0
23012256,1601,54,0,6,23023815,1962,30,0,0
22919594,671,63,0,3,23023979,1214,32,0,0
22909998,566,49,0,2,22971954,1034,33,0,0
22950183,656,58,0,2,23005652,582,73,0,0
22920828,1008,30,0,2,22973114,874,52,0,0
22948856,873,42,0,0,23024492,865,38,0,0
22912803,1388,56,0,21,22986209,1586,40,0,0
23006402,742,39,0,1,22970421,2414,56,0,0
23002949,582,44,0,5,22924142,1035,47,0,0
22898569,1447,26,0,2,23019947,1165,46,0,0
22930757,1909,42,0,8,23031023,1961,61,0,0
23033158,588,51,0,2,22957629,507,62,0,0
23017044,708,28,0,1,22974677,916,34,0,0
22944670,1027,65,0,1,22921700,1103,52,0,0
22900181,1042,96,0,1,23002134,1735,44,0,0
22968968,738,41,0,3,23003876,801,71,0,0
22944384,276,65,0,0,22910326,652,20,0,0
23032261,972,48,0,4,22909689,1478,62,0,0
22981753,1098,50,0,2,22907332,961,43,0,0
22910076,1077,100,0,2,22943588,207,77,0,0
22999941,1840,37,0,18,23004424,611,103,0,0
22895517,976,20,0,3,23008321,758,52,0,0
22894563,275,52,0,0,22961623,840,29,0,0
22886812,1202,25,0,0,22905935,1466,59,0,0
23005704,107,83,0,0,22989874,944,62,0,0
23019292,601,27,0,2,22960364,1228,28,0,0
22964933,369,36,0,0,22893343,1001,31,0,0
22903926,1912,25,0,1,22953173,608,44,0,0
22931431,1759,44,0,4,23027212,456,95,0,0
22907219,896,25,0,4,22981891,1152,73,0,0
23009948,1467,41,0,1,22932660,702,42,0,0
22951961,1946,33,0,1,22920910,1154,47,0,0
22903957,660,42,0,3,23027216,1159,39,0,0
23001617,878,58,0,3,22955176,1301,46,0,0
23007228,1252,33,0,1,22947004,406,58,0,0
23023221,1753,39,0,0,22993417,823,65,0,0
22991664,1632,44,0,1,23017595,1840,47,0,0
22909323,735,61,0,0,22928970,1243,42,0,0
22961583,1691,19,0,4,22901346,1917,30,0,0
23032951,1098,80,0,1,23005256,1261,52,0,0
22943602,1168,56,0,0,22917687,1190,75,0,0
22953133,1579,44,0,0,22957934,1653,48,0,0
22939074,1535,34,0,1,22982199,290,45,0,0
22942348,1147,119,0,0,23028268,1691,30,0,0
22898066,192,17,0,0,22888530,540,51,0,0
22954061,514,38,0,1,22980196,2144,31,0,0
23013926,862,76,0,3,22890037,1339,42,0,0
22895170,365,57,0,0,22984628,558,81,0,0
22981222,487,30,0,3,23014785,478,66,0,0
22899333,1080,45,0,1,23025235,901,62,0,0
22924827,1297,81,0,1,22939039,296,23,0,0
22912248,1423,43,0,0,22902977,936,37,0,0
23023450,1261,73,0,2,22894837,662,30,0,0
22974127,1661,36,0,6,22957258,1197,36,0,0
23014306,1683,58,0,1,23029698,1289,55,0,0
22911579,635,33,0,2,23018347,806,16,0,0
22998010,954,55,0,0,22940231,991,61,0,0
23003817,1296,74,0,1,22959917,630,22,0,0
22940465,968,51,0,1,22996675,1941,55,0,0
22920299,1452,82,0,1,22919339,663,57,0,0
23030629,845,28,0,3,22967618,1110,21,0,0
22967836,2064,50,0,0,22893241,2337,50,0,0
22910721,967,39,0,1,23027599,1373,54,0,0
22890565,1464,62,0,3,22913172,335,41,0,0
23026907,1012,40,0,2,22942310,531,95,0,0
22941930,748,31,0,2,22965931,322,107,0,0
22890278,532,47,0,2,23024056,1427,39,0,0
22921281,1513,36,0,1,23004177,748,28,0,0
23002680,637,66,0,7,22936618,1648,112,0,0
22989598,869,28,0,1,23005486,915,41,0,0
22982253,2150,52,0,4,23029115,1155,61,0,0
23010197,1354,40,0,0,23012824,1491,53,0,0
22900077,777,33,0,1,22927748,1811,63,0,0
22944831,612,70,0,2,22891823,624,67,0,0
23023115,1671,27,0,1,22972160,1630,32,0,0
22967485,1634,60,0,1,23029015,657,60,0,0
22921032,587,48,0,2,22943325,1493,172,0,0
22932996,419,26,0,1,22996531,1204,37,0,0
22911928,1621,46,0,1,23022255,1340,28,0,0
22963764,626,69,0,4,23030348,979,64,0,0
23018626,1067,42,0,2,23017394,1545,20,0,0
22925701,1727,52,0,1,22895668,1045,74,0,0
22913024,936,77,0,2,22928918,1846,58,0,0
22992898,991,43,0,0,22954775,994,26,0,0
22925691,405,62,0,2,22903195,1174,25,0,0
22969227,994,44,0,5,22902255,374,84,0,0
23034682,556,49,0,6,23007867,560,64,0,0
22980731,2199,54,0,1,23019362,902,32,0,0
22983339,159,32,0,4,23008681,127,110,0,0
22932079,452,34,0,2,22952009,807,41,0,0
23034736,375,35,0,0,22997212,733,78,0,0
23011506,865,74,0,5,22923301,1679,38,0,0
23035687,932,29,0,3,23036155,1051,216,0,0
23003701,2191,38,0,7,23038226,1529,53,0,0
22909305,984,31,0,0,22918611,1241,65,0,0
22937150,871,69,0,0,22955507,946,37,0,0
22916025,1748,39,0,0,23004435,1184,39,0,0
22954769,1079,39,0,2,22981041,1737,73,0,0
23038874,169,35,0,1,23035928,2139,40,0,0
23017248,1330,49,0,0,22955427,1650,26,0,0
22954764,1474,25,0,2,22993095,2248,15,0,0
22999624,1597,24,0,2,22932350,1249,46,0,0
22916191,1593,40,0,0,22938746,653,48,0,0
23023562,931,49,0,0,22925873,1120,32,0,0
22948386,1034,43,0,0,23031814,1446,24,0,0
22987664,1804,25,0,2,22942534,1103,39,0,0
23020974,516,38,0,0,22991043,1084,32,0,0
22936270,943,20,0,1,22912640,979,80,0,0
22919363,964,29,0,1,23037480,469,28,0,0
22982604,332,69,0,2,22981680,1279,17,0,0
23036440,1610,61,0,1,22909440,1117,49,0,0
22909093,1677,74,0,3,22933117,1103,25,0,0
23038841,693,71,0,3,22946470,1150,35,0,0
22944745,1146,45,0,3,22953118,959,90,0,0
22954493,213,44,0,2,22954229,596,29,0,0
22907352,768,70,0,3,23036672,727,33,0,0
23032720,1493,43,0,3,23037610,720,55,0,0
22970684,1148,34,0,1,23028981,1136,41,0,0
23006558,959,79,0,1,22897753,1298,24,0,0
23039943,1920,35,0,2,22935267,375,35,0,0
22917017,652,76,0,3,22934492,686,30,0,0
23024738,560,60,0,0,22901687,1321,38,0,0
23010520,2141,37,0,2,22960524,472,69,0,0
22915823,1767,53,0,2,22959832,809,60,0,0
22932808,2286,37,0,1,22927014,689,55,0,0
22908657,1138,75,0,1,23025504,747,40,0,0
22894043,1125,81,0,2,22983597,963,110,0,0
23006568,1999,23,0,1,22924550,1664,37,0,0
22981776,1282,40,0,2,22907875,1355,42,0,0
23011477,1335,56,0,0,22901883,817,40,0,0
22951467,785,47,0,3,22937409,799,32,0,0
23031068,600,86,0,2,22936114,1676,23,0,0
22892866,1765,51,0,0,22946569,998,44,0,0
22963450,308,53,0,0,23035205,1371,39,0,0
22988917,470,60,0,0,23031010,1311,74,0,0
22908851,749,44,0,2,22930276,1572,21,0,0
23027979,2207,26,0,0,22923260,1381,21,0,0
23042734,1717,40,0,3,22954706,1055,58,0,0
23011060,115,41,0,1,22948277,332,59,0,0
22981440,943,50,0,2,22910988,900,34,0,0
22981560,1622,40,0,0,22920362,1509,56,0,0
22968978,629,75,0,1,22969388,858,81,0,0
22994465,934,21,0,7,23021392,2179,32,0,0
23009717,1147,209,0,3,22959272,1071,20,0,0
22993215,2261,50,0,3,23001305,1098,60,0,0
22913968,1775,39,0,4,23012765,1804,60,0,0
22997071,699,43,0,3,22961477,966,63,0,0
22945178,1998,33,0,1,22992734,1817,32,0,0
22974483,875,21,0,4,22971192,1264,47,0,0
23025015,1040,113,0,4,22934483,1681,68,0,0
22912335,879,70,0,1,23001130,942,53,0,0
22950385,2517,54,0,0,22983107,1126,55,0,0
22995285,1946,26,0,3,22935695,1071,59,0,0
22983151,1551,24,0,0,22939652,631,36,0,0
22930463,1291,19,0,5,22967453,1123,40,0,0
22935296,555,61,0,3,22983063,2193,65,0,0
22899973,720,44,0,0,23026104,1317,37,0,0
23000284,2174,46,0,3,23037767,1342,25,0,0
22898487,618,37,0,1,23018187,217,49,0,0
22943504,1379,33,0,3,22991734,1022,108,0,0
23028899,698,30,0,3,22921516,1095,31,0,0
22977863,2307,18,0,0,23036618,1356,33,0,0
22989743,1051,117,0,2,23038719,315,56,0,0
23001611,1370,33,0,3,23037089,721,44,0,0
22960067,513,37,0,3,22984893,1654,35,0,0
23028835,461,20,0,1,22982693,2005,37,0,0
23004195,1139,48,0,1,22951338,1651,74,0,1
23014680,2380,30,0,5,22989755,1484,52,0,0
22964830,179,75,0,1,23018697,693,68,0,0
22934110,747,40,0,4,22954462,824,77,0,0
23006105,1952,16,0,0,22981181,470,46,0,0
23028747,1670,64,0,1,23005331,679,47,0,0
22976997,1447,48,0,0,22947410,370,72,0,0
23003506,1031,29,0,2,22969832,969,49,0,0
22925821,524,22,0,0,23022045,1154,56,0,0
22957843,1381,20,0,0,23016761,1447,83,0,0
23014964,2170,31,0,2,22993115,500,15,0,0
22906188,2444,43,0,9,23043484,1007,32,0,0
22913440,1460,43,0,2,22943889,1447,28,0,0
23040802,1216,45,0,1,22989192,901,61,0,0
22940641,331,28,0,3,23012889,2557,28,0,0
23015745,1335,19,0,0,22960295,1141,45,0,0
23034184,1581,41,0,2,22921049,1130,49,0,0
23022914,646,37,0,2,22901092,977,40,0,0
23040700,1601,60,0,0,23033737,366,58,0,0
22972211,1390,119,0,5,23013789,1294,23,0,0
22925916,1122,58,0,5,22976316,1166,55,0,0
22982670,1301,58,0,0,22918000,978,47,0,0
22927586,632,32,0,1,22933478,2282,35,0,0
23016434,790,57,0,1,23016371,770,55,0,0
23015683,401,39,0,0,23039711,845,64,0,0
22988878,745,41,0,4,22991665,482,50,0,0
23019432,1319,27,0,0,22904309,2077,63,0,0
22939766,959,25,0,1,23003942,1302,87,0,0
22906069,1205,70,0,2,23030547,835,43,0,0
22999305,706,52,0,2,22963599,1916,49,0,0
22912627,1188,54,0,3,23037206,1733,49,0,0
22974840,843,17,0,17,22984955,1664,33,0,0
23014158,455,87,0,1,22937659,1100,50,0,0
23029496,1123,92,0,2,23015221,1574,44,0,0
23017267,935,61,0,1,22938568,2390,28,0,0
22936287,1626,28,0,5,22918100,1161,67,0,0
22941631,743,47,0,2,23011952,1515,65,0,0
22934755,890,44,0,4,22981821,742,48,0,0
23022532,1134,39,0,3,22955677,893,116,0,0
22991021,685,65,0,5,22934500,716,66,0,0
23005374,288,50,0,8,23006607,1785,52,0,0
22987759,797,40,0,0,23019339,388,50,0,0
23004828,636,39,0,0,22996267,636,42,0,0
22900657,1063,22,0,1,22947210,1923,37,0,0
22921894,1148,25,0,0,22970497,317,31,0,0
22933711,1049,36,0,0,22928430,523,18,0,0
22914520,664,47,0,0,22927731,1121,35,0,0
23015827,954,43,0,4,22910013,1958,70,0,0
22924103,337,77,0,0,22995110,1101,64,0,0
23046896,1010,90,0,1,23004315,605,45,0,0
22927466,309,57,0,1,22928443,1397,40,0,0
22981808,2165,61,0,2,22952053,1493,49,0,0
22945469,2379,87,0,4,23036391,1609,43,0,0
22991123,993,20,0,1,23043231,2238,28,0,0
22910551,886,31,0,5,22974881,1806,32,0,0
22941862,627,63,0,0,22918718,739,28,0,0
22930534,1652,40,0,3,23047030,2169,30,0,0
22971781,986,17,0,1,23000128,774,51,0,0
23031574,1458,36,0,6,22920386,734,50,0,0
23006811,2285,74,0,2,22976392,1378,33,0,0
22986137,880,53,0,1,22914833,2469,20,0,0
22910528,2290,23,0,0,23039496,993,51,0,0
22959249,2190,22,0,5,23018276,733,43,0,0
22916619,675,49,0,2,22907300,1271,51,0,0
22912119,793,37,0,3,22945661,428,56,0,0
22943992,1138,43,0,1,22973161,984,64,0,0
23018216,1129,62,0,3,22958308,1430,48,0,0
22971764,1437,51,0,1,22986082,1885,24,0,0
22959081,611,60,0,3,22944785,1378,53,0,0
22973905,1258,123,0,0,22928647,1643,50,0,0
23026901,1175,35,0,3,22921429,1943,28,0,0
22929791,1075,24,0,1,23025887,686,55,0,0
23014484,901,42,0,3,23035173,762,23,0,0
22968285,1212,33,0,2,22909842,895,58,0,0
22901447,914,29,0,7,22951192,1637,34,0,0
22994725,924,36,0,1,22967729,903,34,0,0
23039969,1314,47,0,1,22937822,1615,27,0,0
22976214,881,221,0,4,22967923,747,22,0,0
23037769,811,20,0,1,22981377,693,36,0,0
23015657,745,51,0,5,22920524,985,48,0,0
23008516,1463,52,0,0,22910073,942,72,0,0
23013871,1501,43,0,1,22989411,1058,39,0,0
22952716,2589,63,0,0,23047732,1019,41,0,0
22952942,887,56,0,0,23041646,1035,77,0,0
22981384,819,83,0,2,22976809,1636,61,0,0
23023040,1923,46,0,0,22968714,654,69,0,0
22916138,1996,30,0,1,23013762,607,58,0,0
22945029,2481,35,0,0,23044286,1777,47,0,0
23012512,2394,53,0,2,23002569,453,77,0,0
22943239,1036,41,0,1,23036666,729,33,0,0
23011364,1073,37,0,1,22940649,1133,46,0,0
23010481,704,35,0,6,22988998,1619,42,0,0
22989009,1192,39,0,1,22920529,1551,64,0,0
22996217,1240,59,0,6,22946044,777,78,0,0
22964314,867,36,0,1,22989695,831,48,0,0
22919442,256,20,0,1,23021315,326,58,0,0
22960795,1217,34,0,3,22949428,355,129,0,0
23012963,211,117,0,0,23042476,1106,45,0,0
22942567,672,101,0,1,22956013,522,16,0,0
22970655,226,119,0,2,22936921,1519,44,0,0
22951218,920,25,0,1,23037429,1426,38,0,0
22943523,1549,58,0,0,22966926,772,27,0,0
23027573,1815,87,0,2,22962193,990,79,0,0
22974177,1372,35,0,1,22944309,385,45,0,0
23041465,994,34,0,2,23033418,1501,96,0,0
22985575,1591,67,0,4,22944945,1002,28,0,0
22911516,863,23,0,1,22987121,444,72,0,0
22931340,1018,100,0,6,22966755,1010,46,0,0
22957517,1414,28,0,0,22957757,927,63,0,0
23027751,1381,51,0,3,22925243,786,88,0,0
22957796,777,65,0,0,22937237,433,36,0,0
22991825,1068,27,0,0,23042877,1366,33,0,0
22936521,1456,44,0,0,23048061,1116,52,0,0
22917812,758,62,0,6,22956933,608,24,0,0
23024257,1174,23,0,9,23004655,1181,16,0,0
22932084,1103,27,0,2,22917468,245,35,0,0
23046533,2124,29,0,1,22932036,980,39,0,0
22979905,1476,32,0,1,22907335,352,31,0,0
22995734,939,51,0,3,22937878,1093,179,0,0
23040033,1071,59,0,0,23039475,1780,36,0,0
22956975,921,59,0,0,22917243,918,19,0,0
23005926,949,26,0,0,23044105,429,46,0,0
23022210,954,72,0,0,22996287,1146,17,0,0
22995988,737,19,0,2,22999452,824,37,0,0
23017520,1268,25,0,7,23046280,824,66,0,0
23015428,1089,20,0,0,22988999,2109,38,0,0
23014663,837,38,0,2,22967929,848,61,0,0
23018721,1607,67,0,1,23039353,2193,59,0,0
22973293,124,40,0,0,23010431,1667,39,0,0
23013748,127,57,0,5,22977278,795,45,0,0
23006306,1599,67,0,3,22944949,608,42,0,0
22946012,1970,33,0,1,22943057,1146,37,0,0
22958643,1768,31,0,2,23033140,1165,66,0,0
22990082,797,38,0,1,23039673,364,54,0,0
22955362,1568,84,0,5,23006101,940,29,0,0
23023122,1344,40,0,0,22988326,959,200,0,0
23020096,1201,88,0,0,22961596,2262,21,0,0
23031336,1670,20,0,2,23037245,553,53,0,0
23027766,634,37,0,3,23034483,134,53,0,0
22917748,703,48,0,0,22910681,1025,68,0,0
22947143,1540,66,0,1,22936015,1060,22,0,0
23031908,438,45,0,0,22918349,1564,48,0,0
22956596,1134,69,0,5,23050535,2204,45,0,0
23051518,703,30,0,0,22960439,513,37,0,0
23010552,1276,64,0,1,22923944,904,55,0,0
23034442,2588,25,0,7,23009860,946,40,0,0
22944357,663,38,0,6,22915014,936,24,0,0
23043462,1282,57,0,1,23004237,1467,38,0,0
23023589,723,18,0,2,22922956,1912,58,0,0
22964585,1614,34,0,3,23004046,1265,59,0,0
23020810,1723,85,0,3,22979730,1029,79,0,0
22935127,1996,34,0,9,22972347,2089,36,0,0
22956305,1447,52,0,0,23019368,360,82,0,0
23009128,876,56,0,1,23023259,864,34,0,0
22923253,967,75,0,1,22974461,2242,65,0,0
23036335,748,36,0,0,22964973,613,133,0,0
23027251,924,50,0,1,22966644,1977,41,0,0
22933924,972,24,0,4,22990362,2190,33,0,0
22947176,2372,16,0,1,22909107,744,71,0,0
22915757,2419,35,0,2,22967061,1311,21,0,0
22915139,1815,57,0,1,22932747,1820,21,0,0
22957719,1353,44,0,1,23044995,1335,57,0,0
22964570,941,57,0,0,23002941,1686,82,0,0
22977013,2102,25,0,4,23043750,840,25,0,0
22909220,734,57,0,3,23040405,1140,32,0,0
23007267,1297,37,0,6,22982493,1985,55,0,0
23040678,868,42,0,7,22927102,1868,28,0,0
22972667,2565,38,0,2,22933510,2358,66,0,0
23027376,905,79,0,2,22992450,1520,30,0,0
22979624,1227,77,0,3,23038438,1023,42,0,0
23048063,1338,60,0,6,22945678,1125,63,0,0
23044337,1089,57,0,3,22940492,1800,47,0,0
23037876,835,35,0,3,22922697,1493,44,0,0
22958303,1660,43,0,3,22973471,576,33,0,0
22973076,733,41,0,5,22978021,263,58,0,0
23027253,1676,26,0,4,23030169,765,64,0,0
22974815,2080,61,0,5,22956591,1058,60,0,0
22947839,1675,54,0,2,22919532,2544,44,0,0
23028776,888,75,0,6,22949336,1111,16,0,0
22942370,1009,53,0,1,23046238,1000,36,0,0
23028188,2154,59,0,1,23049085,1940,46,0,0
22920606,1371,36,0,2,22948851,1128,86,0,0
22934115,467,56,0,1,22964528,1780,38,0,0
23028658,1527,36,0,3,23011609,1579,20,0,0
22945461,1315,29,0,2,22981372,624,34,0,0
22928827,256,66,0,1,23006895,1370,28,0,0
22997238,972,57,0,7,22984966,1122,44,0,0
22949650,915,26,0,1,23015236,1198,30,0,0
22985916,1376,84,0,3,22985334,755,27,0,0
22965928,803,47,0,1,22993411,335,68,0,0
22948553,2319,31,0,2,22931652,1078,50,0,0
23033979,1315,42,0,2,23007848,1122,31,0,0
22921416,2307,38,0,1,22988328,1502,31,0,0
23052505,1676,61,0,1,23027662,2016,73,0,0
23028115,1210,63,0,2,22956279,768,47,0,0
22999280,1933,41,0,4,23044315,901,63,0,0
22989681,1131,57,0,5,23015742,251,87,0,0
22996574,638,38,0,5,23003890,841,32,0,0
22976692,1159,83,0,14,23044539,104,205,0,0
22923550,1536,43,0,5,23045314,1295,42,0,0
23017634,485,54,0,1,23048572,1336,40,0,0
22990628,658,53,0,2,22962471,1150,49,0,0
23044561,821,69,0,2,23003994,1010,27,0,0
22940823,1269,41,0,2,22920416,1517,67,0,0
22986258,1126,18,0,0,23027603,1659,45,0,0
22992149,1365,36,0,1,23028204,1150,39,0,0
22913075,1271,28,0,0,22955049,1148,23,0,0
23030798,1181,86,0,1,22986294,1154,43,0,0
22958534,289,29,0,1,22916207,1610,27,0,0
22977147,299,74,0,3,22984470,1058,36,0,0
22958109,2264,45,0,3,22927139,2040,60,0,0
22953934,679,25,0,3,23037413,1045,67,0,0
23056166,977,60,0,1,22949689,1493,149,0,0
22940093,598,43,0,8,22990012,2159,33,0,0
22997156,921,32,0,1,22992564,918,55,0,0
23046841,390,58,0,3,22987670,1148,39,0,0
22969751,1153,61,0,1,23006387,594,58,0,0
22936354,1947,22,0,0,22996998,1739,59,0,0
22969028,1512,28,0,3,22957863,2506,20,0,0
22987755,1189,30,0,1,22924073,859,48,0,0
22922713,1987,88,0,1,22986863,476,81,0,0
22990432,883,51,0,0,23015629,909,83,0,0
22971369,1780,45,0,0,23045078,1171,54,0,0
23026007,1465,62,0,6,22953968,1133,17,0,0
22966021,1743,88,0,0,22989308,1784,29,0,0
22937482,1914,21,0,0,22958384,1681,29,0,0
22930898,607,70,0,1,22969243,1674,42,0,0
23028266,734,76,0,2,22988747,1909,178,0,0
23034222,789,62,0,7,23024200,1508,40,0,0
22984898,1030,71,0,2,23003770,866,74,0,0
22951583,539,22,0,2,23033684,1507,33,0,0
22918307,1575,55,0,1,22970380,683,74,0,0
23039518,990,35,0,4,23050602,1048,50,0,0
22941275,819,50,0,2,22991640,1124,34,0,0
22920382,1395,41,0,0,22966165,884,35,0,0
22973092,1258,52,0,2,23011975,918,52,0,0
22963108,427,67,0,1,22955324,167,54,0,0
23025160,149,117,0,10,23031820,2089,41,0,0
22962073,993,36,0,4,22998009,626,50,0,0
22924914,918,19,0,2,22969584,808,43,0,0
23019610,880,39,0,1,22917197,677,30,0,0
23049111,2561,40,0,0,23002704,672,33,0,0
22962464,1575,59,0,0,23013263,1772,87,0,0
23039785,1129,49,0,2,22980245,678,43,0,0
23038085,428,114,0,8,22933572,1007,25,0,0
22941287,1278,23,0,5,22994185,1163,56,0,0
22981297,477,21,0,2,23023632,840,53,0,0
22959153,923,18,0,2,22933642,1148,66,0,0
22975655,459,60,0,2,22999696,365,28,0,0
23011821,1508,69,0,1,23010169,614,47,0,0
22948337,1107,70,0,2,23051101,2528,44,0,0
22934544,1586,55,0,3,23005404,1044,25,0,0
22950365,226,29,0,0,23039800,1254,57,0,0
23018504,1144,36,0,3,22917412,1932,22,0,0
22979563,1358,37,0,0,22977307,1707,35,0,0
22984045,1063,92,0,1,23001322,1611,66,0,0
22979852,1733,48,0,0,23025205,969,26,0,0
23049502,1132,76,0,0,22934555,1377,34,0,0
23050105,1502,33,0,1,22920879,996,39,0,0
22990388,1155,44,0,1,22963439,844,49,0,0
22917209,504,52,0,0,22934433,1535,31,0,0
22999747,1418,53,0,1,23038852,1555,46,0,0
23019822,2141,42,0,0,23054761,376,52,0,0
23017082,846,43,0,1,22960356,994,139,0,0
22918807,322,16,0,1,22933062,1962,28,0,0
23002063,906,28,0,1,23036346,1811,27,0,0
23011147,1977,41,0,1,23032295,681,33,0,0
23000514,1197,36,0,2,23016493,1149,103,0,0
22977610,2083,32,0,7,23001618,115,74,0,0
23059609,2461,29,0,0,23016496,895,96,0,0
22944684,1778,54,0,1,22955100,966,28,0,0
22989003,1300,58,0,2,23027101,611,39,0,0
23045643,623,56,0,2,23005847,899,35,0,0
23015583,2361,28,0,1,22946386,2075,30,0,0
23015386,1170,20,0,2,23001493,844,19,0,0
22922223,811,237,0,2,23037380,1060,43,0,0
23039714,2129,28,0,2,23036963,1511,17,0,0
23061418,967,73,0,4,23029629,1121,48,0,0
23010072,1253,84,0,7,22941585,1304,33,0,0
22992517,304,29,0,2,23040263,1485,58,0,0
23038986,322,72,0,2,22957287,1001,41,0,0
22917145,2068,56,0,1,22951023,1429,39,0,0
23002917,1179,28,0,0,23006849,1402,47,0,0
22916733,291,31,0,0,23030847,918,32,0,0
22946613,935,105,0,0,23033740,1102,18,0,0
23028561,1467,40,0,0,22931096,676,33,0,0
22998235,931,34,0,2,23056047,910,45,0,0
23056501,1303,31,0,1,23003125,1679,154,0,0
22939631,1191,58,0,1,23036501,1349,68,0,0
23022903,1074,46,0,0,23053014,737,49,0,0
22919712,566,65,0,2,23044840,662,70,0,0
22953308,1461,29,0,0,23046464,743,69,0,0
22952110,185,72,0,2,22933925,1373,47,0,0
22972215,1506,32,0,1,23055044,1058,47,0,0
22997350,426,76,0,0,22979210,592,55,0,0
22957387,884,29,0,1,22921460,664,128,0,0
23025368,610,43,0,1,22926698,1110,62,0,0
23030277,194,30,0,1,23006182,493,36,0,0
22919482,1130,54,0,4,22994132,945,45,0,0
23029622,1756,26,0,1,23042246,1694,64,0,0
22933927,1279,22,0,1,23040261,759,23,0,0
22957286,608,39,0,2,22922078,357,55,0,0
23024274,1649,33,0,1,22992014,2309,63,0,0
23031745,2503,45,0,0,22919812,779,23,0,0
22961457,1031,51,0,2,23036655,758,88,0,0
23028331,838,53,0,2,23028852,1020,36,0,0
22995829,1821,58,0,1,23011955,1767,37,0,0
22968032,2543,31,0,2,22976772,379,31,0,0
22953445,1679,37,0,2,23048343,815,40,0,0
22949617,1160,52,0,1,22939835,1271,49,0,0
22980229,1780,31,0,6,22994038,2147,40,0,0
23006024,1482,96,0,3,22974977,324,30,0,0
23003939,2205,66,0,4,23037311,1300,35,0,0
22950564,2307,68,0,1,22975027,266,84,0,0
23014812,1420,25,0,2,22982737,570,32,0,0
22936714,752,96,0,2,23037239,177,19,0,0
23040884,1232,54,0,1,23056558,1373,22,0,0
22936677,1711,55,0,2,22983414,1241,27,0,0
23034389,528,49,0,9,22955494,1694,51,0,0
22949853,1171,29,0,1,23008211,2170,51,0,0
23018195,1285,62,0,0,22977906,1463,88,0,0
22959174,1805,34,0,1,22989628,653,61,0,0
23021609,1808,34,0,1,22931130,979,60,0,0
22983654,1977,21,0,2,22951678,2395,27,0,0
23026352,1686,46,0,2,23005454,807,33,0,0
22995015,679,30,0,3,23006403,371,94,0,0
23042349,934,23,0,3,23048825,957,51,0,0
23053582,225,37,0,5,23021142,1166,52,0,0
22940244,1334,27,0,3,22941326,1125,27,0,0
23010890,1451,43,0,1,22997268,1505,75,0,0
22961109,483,46,0,2,22958905,1568,75,0,0
22984696,751,39,0,1,22998505,1555,41,0,0
23036820,154,76,0,0,23001303,816,39,0,0
22988250,1349,51,0,1,22972164,1130,75,0,0
23038639,1193,114,0,1,22951518,982,39,0,0
23037652,975,36,0,1,23015059,1594,60,0,0
23057079,321,23,0,6,23039004,142,75,0,0
22988728,1287,34,0,3,23029885,1384,78,0,0
22944213,1340,43,0,8,23012082,2392,55,0,0
22996861,664,72,0,2,23050925,1998,27,0,0
23021102,2113,47,0,1,23022831,1190,34,0,0
22989563,1237,71,0,2,23040320,989,41,0,0
22945348,1094,107,0,1,22967244,1204,24,0,0
23010460,1004,33,0,8,23000265,1688,29,0,0
23047347,1359,82,0,5,22992435,1020,64,0,0
23012714,1466,24,0,1,22981469,1087,35,0,0
22921668,1181,23,0,0,23063844,260,34,0,0
23051502,1559,83,0,1,22991445,1082,28,0,0
22990206,294,41,0,2,23004247,623,54,0,0
22986425,753,42,0,2,22955239,879,20,0,0
22990617,786,66,0,0,23033422,525,24,0,0
23059451,879,32,0,1,22951184,1719,32,0,0
22941246,1130,76,0,1,22927909,875,17,0,0
22968037,1190,48,0,0,23023370,1083,48,0,0
23012862,939,53,0,2,23042850,1116,30,0,0
22957791,922,56,0,1,23039865,1930,39,0,0
23017354,1563,34,0,0,22954112,1265,57,0,0
22996410,1939,40,0,1,23024536,940,21,0,0
23051888,654,41,0,1,23023565,1328,18,0,0
23042656,1379,37,0,1,22979793,1310,53,0,0
22939629,1588,23,0,1,22979894,1157,45,0,0
22922136,1251,35,0,2,22962480,1463,32,0,0
22929572,1174,61,0,0,23026214,587,30,0,0
22931586,2335,160,0,2,22988340,1181,61,0,0
23021558,2004,42,0,0,23058549,2501,91,0,0
22942400,2263,55,0,1,22930318,565,45,0,0
23047586,649,62,0,5,23006325,1627,44,0,0
22942175,603,21,0,1,23011547,770,70,0,0
22996199,1704,27,0,1,22933744,1361,64,0,0
23000322,687,63,0,6,22988189,1633,31,0,0
22930311,778,22,0,0,22931544,1271,55,0,0
23025577,2224,29,0,2,22991327,2331,24,0,0
23051096,1178,33,0,1,23015099,466,57,0,0
23067315,1131,61,0,4,22975740,875,111,0,0
23046149,845,62,0,0,23039274,2165,32,0,0
22953639,1254,24,0,1,23064849,1283,62,0,0
23017439,1109,55,0,4,22944321,1743,181,0,0
23010488,261,36,0,3,22978136,2155,47,0,0
22950568,827,36,0,0,23021894,1201,34,0,0
23063095,1104,57,0,0,22957604,1167,39,0,0
23059597,422,37,0,1,22933446,2494,61,0,0
23020811,1020,34,0,1,22947800,584,58,0,0
23025046,703,46,0,1,23016792,635,34,0,0
22932144,1089,55,0,1,22930159,441,46,0,0
23042519,651,35,0,2,23016022,451,85,0,0
22981210,2556,51,0,13,22948714,798,82,0,0
22956501,1940,48,0,3,23044718,793,19,0,0
23028848,403,28,0,4,23037993,1618,46,0,0
23032860,1111,90,0,2,22953504,765,125,0,0
23000082,1699,29,0,1,22938259,767,78,0,0
23030246,1463,32,0,0,23054154,1864,26,0,0
23031734,799,48,0,3,22985455,2302,61,0,0
22930139,596,28,0,1,22971752,1771,22,0,0
23062089,1977,35,0,1,22956811,2137,102,0,0
22962975,227,249,0,4,23005513,2461,18,0,0
22928859,1811,41,0,1,22944588,628,40,0,0
23013234,848,34,0,3,22935686,1337,36,0,0
23038171,1339,56,0,2,22967304,943,47,0,0
23015954,1215,17,0,1,23030412,553,29,0,0
22976114,516,61,0,1,22966270,408,49,0,0
22999898,977,35,0,6,22970493,110,32,0,0
23023588,1407,62,0,0,23032131,1462,56,0,0
22987353,1526,41,0,0,22957182,854,54,0,0
23070011,1228,29,0,8,23026777,1077,31,0,0
22956838,771,58,0,2,22993014,1012,38,0,0
23004301,1049,71,0,3,23038373,678,70,0,0
23051548,1055,95,0,0,22951441,1626,36,0,0
22925226,1587,27,0,4,23070287,1680,18,0,0
22955492,951,33,0,0,23064830,914,28,0,0
23002796,610,54,0,5,22984095,1579,40,0,0
22967948,839,28,0,2,22987277,406,53,0,0
23045471,1135,65,0,1,23061533,664,20,0,0
22932530,2029,20,0,1,23024105,616,64,0,0
23025273,1661,51,0,4,22993401,712,35,0,0
23069482,1428,212,0,1,23060354,865,25,0,0
23062726,997,22,0,3,23009318,2547,41,0,0
22955361,1181,101,0,0,22934343,1071,48,0,0
22952410,996,46,0,5,23039330,1179,21,0,0
23045539,464,117,0,2,23045354,1512,47,0,0
23044574,587,28,0,3,22957048,611,51,0,0
22930869,1622,59,0,3,22997167,1104,27,0,0
22943855,1132,47,0,1,22983951,1870,42,0,0
23063583,1007,54,0,1,22973525,1009,50,0,0
22994370,2005,56,0,2,23052329,1139,79,0,0
22950539,1246,70,0,1,22961519,1457,22,0,0
22986149,447,24,0,3,23009361,720,104,0,0
22980027,600,30,0,6,22959573,748,57,0,0
22957618,526,47,0,6,23022743,186,75,0,0
23047098,1289,33,0,4,23038442,724,54,0,0
23010325,881,83,0,2,22938122,1373,29,0,0
23069313,1592,37,0,2,22929717,1603,31,0,0
23021781,1307,42,0,5,23010260,671,49,0,0
23042660,1149,53,0,8,23072828,593,74,0,0
22937905,951,30,0,7,23031263,2289,21,0,0
23065047,1160,38,0,0,23008171,1305,61,0,0
23052955,1588,72,0,3,22987470,1415,31,0,0
23073770,1794,51,0,7,22933115,1394,50,0,0
23055926,235,28,0,2,23019253,1965,182,0,0
22935183,1136,41,0,3,23030021,2081,59,0,0
22949464,1467,31,0,6,22933710,1164,31,0,0
22938456,515,27,0,4,23072106,422,43,0,0
22968009,2362,130,0,1,22932568,1304,32,0,0
22950986,1151,35,0,0,22940600,2222,46,0,1
23069322,662,37,0,8,23053774,480,44,0,0
22958220,432,33,0,0,22937107,1528,51,0,0
23002113,614,40,0,3,23023194,1621,101,0,0
23074613,1658,39,0,0,22973285,1180,59,0,0
22928118,617,42,0,3,23058211,552,32,0,0
22975584,258,88,0,2,23047944,1122,43,0,0
22985768,231,60,0,9,22999860,1014,49,0,0
23057727,771,83,0,1,22989207,740,47,0,0
23003046,987,16,0,1,23004085,852,62,0,0
22961567,926,51,0,1,23018532,720,38,0,0
22990420,2346,32,0,3,22980443,809,62,0,0
23041102,812,18,0,0,23034321,1692,50,0,0
23071815,664,85,0,1,23006938,823,43,0,0
23028878,1299,51,0,0,23069968,2025,61,0,0
22963893,1471,49,0,0,22933670,1742,27,0,0
23016196,1007,61,0,3,22973930,2184,25,0,0
23041976,1999,27,0,1,23067657,1962,30,0,0
23030903,927,35,0,0,22972217,1475,67,0,0
23008418,1599,36,0,4,23003900,804,51,0,0
22995659,929,37,0,4,22960560,2522,39,0,0
22998494,1286,54,0,1,23001204,1716,27,0,0
23016469,1137,86,0,1,22937261,1726,15,0,0
23043709,1546,57,0,0,23000291,1304,45,0,0
23070584,1750,48,0,0,23025813,1557,63,0,0
23058005,1892,52,0,1,22960210,2072,67,0,0
23012389,1139,19,0,2,23038107,668,57,0,0
23060962,261,65,0,2,22990747,1940,25,0,0
22982707,1238,22,0,0,22944225,534,50,0,0
23025805,1068,87,0,1,23052294,1650,73,0,0
23047800,1293,28,0,2,22943245,1628,80,0,0
23015984,854,35,0,3,22943532,668,36,0,0
22958391,1281,87,0,0,23023005,1791,33,0,0
22931671,710,52,0,1,22939271,1348,59,0,0
23047364,764,69,0,0,22994300,850,60,0,0
23024224,666,16,0,1,23006931,1824,72,0,0
23061591,1766,69,0,1,23012515,1123,32,0,0
22995652,252,37,0,1,23047524,1215,47,0,0
23060904,1756,38,0,0,22937137,535,39,0,0
23041429,709,32,0,0,22995802,645,45,0,0
23062174,1023,27,0,12,23015531,604,58,0,0
22932902,1315,74,0,0,23049337,854,32,0,0
22957180,607,63,0,0,22959804,541,69,0,0
23044604,856,115,0,1,23034973,2171,40,0,0
23037086,2098,58,0,7,23050189,2147,40,0,0
22938817,1635,74,0,10,22964215,1696,56,0,0
23049588,1223,22,0,0,23005848,1099,31,0,0
23003496,1973,48,0,6,23029660,1166,34,0,0
23003797,2109,71,0,4,22985384,1419,41,0,0
22974181,656,94,0,2,22989614,1165,54,0,0
23047767,1969,68,0,1,23075442,1187,31,0,0
23027208,1284,31,0,1,22995291,857,74,0,0
22946715,2279,18,0,1,23033533,2298,30,0,0
22962992,2355,81,0,0,22999114,884,31,0,0
22962188,2066,46,0,0,23036981,611,34,0,0
22944079,2020,41,0,0,22965623,1016,36,0,0
23046824,965,56,0,4,23005209,2386,42,0,0
23004348,710,57,0,1,23028711,811,37,0,0
23048670,231,87,0,1,22990626,1884,16,0,0
23001708,1192,54,0,2,22963305,531,63,0,0
23050034,348,63,0,2,22959427,1317,50,0,0
22966588,861,46,0,3,23025699,1411,55,0,0
23029994,956,27,0,0,23067804,2570,64,0,0
22973723,566,54,0,0,23049621,1136,57,0,0
22937234,772,54,0,0,23054300,552,53,0,0
23007671,1467,85,0,2,23055463,1136,50,0,0
23071926,698,31,0,4,22961878,1145,51,0,0
23011750,1729,69,0,2,22955173,440,38,0,0
22962824,782,27,0,0,22993712,2117,38,0,0
22973270,1110,69,0,1,23062136,524,96,0,0
22993561,1102,101,0,0,23071006,704,86,0,0
23026045,1753,40,0,0,23052349,1664,25,0,0
23017780,610,90,0,6,23005898,1084,29,0,0
23055879,2394,95,0,2,22995628,1397,32,0,0
23078441,1883,24,0,3,22984915,986,37,0,0
23061224,852,34,0,1,23037756,831,76,0,0
22977023,1362,21,0,4,23006107,742,20,0,0
22972207,700,97,0,2,22989191,1181,69,0,0
23056196,1015,43,0,2,23062757,713,55,0,0
23028732,2417,38,0,2,22933150,810,62,0,0
22958136,757,61,0,7,22941960,868,27,0,0
23042167,1422,71,0,0,23068201,1587,53,0,0
22961124,317,45,0,3,22960054,2141,46,0,0
22971839,778,56,0,3,23036113,684,42,0,0
22958141,1100,39,0,0,22981651,614,22,0,0
22953586,1765,22,0,0,23045543,2169,36,0,0
23081484,430,91,0,9,22993660,2053,44,0,0
22981691,1148,54,0,0,23003429,1305,45,0,0
23044500,145,39,0,1,23055152,1972,45,0,0
22991257,1462,74,0,8,23016835,2236,45,0,0
22961982,1134,61,0,0,23029881,879,36,0,0
22956383,1416,25,0,0,22967448,1666,68,0,0
23065478,1043,55,0,2,23053269,1027,38,0,0
23074224,1306,90,0,1,23048190,1171,45,0,0
23021420,1327,75,0,6,23041714,768,16,0,0
23055299,1639,84,0,7,22938759,941,31,0,0
22990408,1647,82,0,4,22956795,1055,67,0,0
22944853,743,20,0,2,22967777,1740,30,0,0
22956715,961,71,0,2,22985139,833,17,0,0
22975189,1726,82,0,5,23081601,1351,93,0,0
23044386,1095,33,0,0,23066808,304,56,0,0
22947491,671,27,0,5,22996040,793,46,0,0
23016155,1724,27,0,1,23015633,1972,34,0,0
23074726,1410,55,0,2,22960213,825,30,0,0
22998477,682,97,0,2,22952917,1411,52,0,0
22968270,1044,70,0,0,22993781,779,37,0,0
23067797,1703,34,0,2,23030452,1576,42,0,0
23080795,1128,28,0,2,23016342,1312,68,0,0
23075577,886,82,0,6,22936804,1372,41,0,0
22963380,795,34,0,2,23012593,537,37,0,1
22975942,946,43,0,2,22976178,980,42,0,0
22947292,857,34,0,3,22970814,1891,23,0,0
23043350,993,65,0,2,23069790,1046,45,0,0
23021652,1443,70,0,2,23058739,1707,39,0,0
22995351,922,56,0,2,23079728,1353,57,0,0
23079597,983,80,0,1,23074968,1127,34,0,0
23052372,717,31,0,2,22969516,1172,71,0,0
23051397,1119,49,0,0,23034784,351,36,0,0
23010312,892,27,0,3,22989515,302,47,0,0
22992374,1282,30,0,6,22940392,1454,31,0,0
22990893,246,45,0,0,23061148,1367,30,0,0
23081936,628,63,0,1,22964546,1696,40,0,0
22968172,930,52,0,2,22938698,802,43,0,0
23055511,1677,74,0,3,22980364,2246,24,0,0
22993538,648,18,0,1,22944371,1073,18,0,0
23039806,886,52,0,1,23045938,681,48,0,0
22989982,1665,60,0,1,22976512,1535,82,0,0
23038507,2024,32,0,0,22940770,714,52,0,0
23082557,287,29,0,3,23080488,1253,41,0,0
23049728,2334,33,0,4,23018965,2108,37,0,0
23007819,780,19,0,0,23035186,1401,52,0,0
22942487,1602,34,0,3,22973999,403,30,0,0
23025386,1822,46,0,2,22992688,578,80,0,0
23058690,1340,27,0,5,23082341,1275,53,0,0
22991341,1008,49,0,2,22960604,1864,107,0,0
23055750,1189,38,0,7,22985936,769,20,0,0
23054323,1489,39,0,2,22939612,475,45,0,0
23019637,1879,59,0,3,22954703,709,48,0,0
22965948,637,30,0,1,22988958,571,61,0,0
22967848,2195,31,0,2,22992933,1380,42,0,0
22947387,1119,34,0,2,22970261,517,19,0,0
22981230,517,43,0,5,23016451,1102,54,0,0
23034436,722,86,0,1,22971088,818,57,0,0
23017897,1672,79,0,0,23080322,1483,29,0,0
23024376,1530,21,0,4,23077607,1684,12,0,0
22989914,1861,33,0,1,22953599,904,47,0,0
22945495,2310,87,0,1,23043071,1285,56,0,0
22999682,890,19,0,0,22940281,844,53,0,0
23060633,156,19,0,0,22964454,662,65,0,0
23043778,1089,82,0,0,23034052,1338,69,0,0
23021329,407,71,0,12,23003036,2373,68,0,0
22982031,1168,29,0,3,23050304,1054,29,0,0
23051146,1351,64,0,1,23002712,1227,22,0,0
23041520,374,63,0,1,23002208,1080,25,0,0
23016622,502,39,0,2,23075659,523,24,0,0
23024865,1114,58,0,2,22943261,373,48,0,0
22953103,1367,18,0,5,23053545,2687,45,0,0
23085300,1487,25,0,3,22960268,2271,36,0,0
22941791,945,21,0,0,23009615,1608,57,0,0
23035825,701,53,0,1,23036536,1836,43,0,0
23036732,891,26,0,0,23013704,1789,31,0,0
22973302,1632,24,0,3,23048449,504,23,0,0
22992599,939,35,0,2,23054482,1030,59,0,0
22940808,1604,51,0,2,23050549,529,53,0,0
22942938,855,30,0,3,23017506,658,82,0,0
22968702,1246,46,0,5,22951743,1889,28,0,0
23049509,736,24,0,0,22950279,1272,64,0,0
23070171,892,37,0,11,23057657,223,50,0,0
22998395,1491,45,0,4,22989140,673,37,0,0
22963511,689,39,0,2,22948365,904,86,0,0
22953419,1254,46,0,1,23010729,676,62,0,0
22956773,1153,22,0,0,23061456,1120,27,0,0
23052424,1691,52,0,2,23017657,2657,25,0,0
22993245,514,26,0,3,22967208,1412,41,0,0
23023422,1786,80,0,0,23076197,409,45,0,0
23019528,1303,30,0,3,23016134,1111,50,0,0
22950840,1442,18,0,2,23076336,1319,53,0,0
23074851,1658,81,0,4,22952624,946,57,0,0
23058487,583,109,0,9,22992242,302,33,0,0
23018069,1042,20,0,0,23002066,342,44,0,0
23001249,439,74,0,1,22967084,998,15,0,0
22983299,1133,32,0,4,23033693,1398,42,0,0
23078615,1543,31,0,2,23073783,1025,47,0,0
22993719,623,30,0,0,23030004,1661,64,0,0
22983779,1332,47,0,2,23015538,1421,77,0,0
23075774,1205,33,0,1,23031991,1775,14,0,0
23013724,1318,33,0,1,22992462,236,25,0,0
23079462,717,241,0,1,22948392,958,64,0,0
22973276,2136,40,0,0,23027544,1235,42,0,0
22980233,1139,58,0,1,22972971,1049,26,0,0
23026705,415,24,0,3,23071002,1647,44,0,0
23050963,830,24,0,3,23000847,975,46,0,0
23037933,656,47,0,3,22952850,1918,34,0,0
22961273,1558,59,0,1,23016706,304,55,0,0
23049431,838,26,0,1,23079743,1153,32,0,0
23033407,769,36,0,2,22955771,1890,64,0,0
23048853,534,42,0,1,23060776,785,88,0,0
23027026,1464,42,0,0,22996390,605,46,0,0
23005421,1674,39,0,0,23006110,1277,85,0,0
23031983,1629,51,0,1,22971581,1710,50,0,1
22978351,355,56,0,12,22990419,1594,78,0,0
23058403,120,122,0,0,23029237,1307,54,0,0
22995105,575,33,0,6,23051390,1094,52,0,0
23026476,1805,30,0,3,23012548,744,47,0,0
22953999,1371,26,0,0,22967651,2158,26,0,0
23051626,828,35,0,4,22962792,1382,26,0,0
22970510,657,40,0,1,22973044,1189,37,0,0
22973949,1314,56,0,3,23012555,1623,74,0,0
23065532,1354,46,0,2,23048635,1148,48,0,0
23062034,1069,68,0,4,23035883,1926,35,0,0
22984135,928,61,0,2,23086274,1470,48,0,0
22941284,970,37,0,2,23086430,882,47,0,0
22977226,1655,43,0,1,23059710,1985,40,0,0
23067154,1190,50,0,5,23027140,1149,57,0,0
23058913,1837,35,0,1,23003741,1218,33,0,0
23006202,809,68,0,0,23006346,1041,35,0,0
22986733,1542,69,0,3,23032418,1674,38,0,0
23083136,613,88,0,3,23030685,916,61,0,0
23054105,698,40,0,1,23052034,1862,33,0,0
22958874,1153,79,0,1,22962086,1141,63,0,0
23059001,1461,39,0,0,23027835,1919,45,0,0
22975417,990,66,0,0,22971914,1193,46,0,0
23012373,768,35,0,7,22943705,1528,31,0,0
23003159,533,72,0,0,23019708,672,43,0,0
22968218,1673,28,0,3,23083837,1316,46,0,0
22982511,361,51,0,0,23065076,2286,57,0,0
23024637,261,62,0,3,23000832,1043,25,0,0
23025651,1938,41,0,2,23016760,315,27,0,0
23080495,934,43,0,2,23011511,588,15,0,0
22971663,1782,50,0,2,23073790,964,41,0,0
23011953,1034,29,0,5,23000126,589,51,0,0
23083292,949,20,0,7,22985761,644,26,0,0
22971989,1168,48,0,0,23049830,672,49,0,0
22993801,725,85,0,6,23047566,1632,39,0,0
22975120,763,45,0,1,23027869,705,26,0,0
22981156,574,56,0,4,22972267,1442,45,0,0
23049603,1096,62,0,1,23027614,276,124,0,0
23030784,1346,52,0,3,23063467,2236,31,0,0
23077357,1102,32,0,2,23001739,2103,21,0,0
22945355,1613,65,0,4,22957651,232,59,0,0
22990300,447,47,0,0,23039383,1074,39,0,0
22997105,1149,49,0,2,23026257,1104,33,0,0
23042493,2155,17,0,6,23059223,1012,35,0,0
23002283,1013,70,0,7,23082529,293,59,0,0
23090874,1032,23,0,1,23073321,1010,30,0,0
22954953,1609,52,0,12,23032414,826,60,0,0
23050835,281,33,0,0,23070344,1724,74,0,0
22957051,375,25,0,6,23019415,1634,17,0,0
23086372,1493,72,0,1,23054603,1430,114,0,0
22947785,1837,39,0,1,23089362,115,88,0,0
23004179,1266,49,0,3,23014941,2068,61,0,0
22966286,685,78,0,0,22956238,1096,71,0,0
23085783,785,65,0,3,22984242,711,36,0,0
23039620,280,26,0,0,23014435,2112,57,0,0
23013521,1713,26,0,4,23007011,682,69,0,1
22947434,847,48,0,0,22993953,1607,71,0,0
22957344,1603,80,0,1,23062103,1056,77,0,0
23066151,733,18,0,1,22982144,1685,75,0,0
23090883,1754,34,0,1,22969652,1279,43,0,0
22995569,1555,68,0,2,23085998,1570,19,0,0
23090583,764,34,0,0,22960521,1107,38,0,0
22994763,1990,47,0,1,22974488,2436,30,0,0
22945084,1819,42,0,3,22979807,307,38,0,0
23057197,1606,51,0,1,22994088,719,71,0,0
23058012,779,47,0,4,23084596,2193,24,0,0
23050954,1447,50,0,1,22962279,220,21,0,0
23029469,904,26,0,1,22983432,2194,67,0,0
23040086,617,53,0,4,22985919,1101,142,0,0
22954243,1341,55,0,1,22952411,1785,24,0,0
22973765,1120,30,0,3,22999243,1487,47,0,0
23014760,1941,21,0,0,22978041,2132,13,0,0
23061697,1324,31,0,1,23067187,1038,19,0,0
23092218,1531,76,0,1,22983464,653,28,0,0
23081551,592,87,0,1,22992772,1191,61,0,0
23006284,963,36,0,2,23049935,1651,27,0,0
23002433,1546,81,0,1,23081029,1367,41,0,0
23025449,936,54,0,6,23089253,628,40,0,0
23014377,1293,60,0,4,22977230,1129,24,0,0
23032218,408,14,0,2,23012761,1492,38,0,0
22989985,1280,66,0,1,22989300,762,156,0,0
23081736,836,58,0,1,22981317,713,55,0,0
23076059,487,30,0,10,22991539,1311,74,0,0
23019360,1692,29,0,4,23031271,567,56,0,0
23029842,673,74,0,1,22966556,2165,26,0,0
23059435,998,38,0,7,22963061,1110,33,0,0
23073074,1029,55,0,2,22947719,1291,55,0,0
22984389,1030,12,0,3,23018981,721,51,0,0
22968923,873,58,0,1,23005090,419,209,0,0
23016576,2190,88,0,1,22992108,1686,35,0,0
22979790,842,74,0,4,23048281,725,38,0,0
23025115,1642,18,0,3,23037561,971,56,0,0
22970356,561,31,0,1,23021972,1023,25,0,0
23085286,1272,26,0,0,23010675,807,22,0,0
23086541,777,29,0,2,23014613,2219,25,0,0
23033127,420,49,0,6,23035217,811,43,0,0
22974797,1476,128,0,0,22995469,780,44,0,0
23013806,1234,52,0,6,23008340,990,62,0,0
22953903,692,25,0,9,22962293,1814,36,0,0
23016168,751,40,0,2,23042757,791,62,0,0
22963826,1869,18,0,1,22972914,1074,46,0,0
23032774,1178,36,0,1,23034608,783,24,0,0
23064086,478,75,0,4,22978362,442,77,0,0
22962403,399,41,0,4,23034004,955,54,0,0
23026848,1648,74,0,1,23006629,1572,66,0,0
23007794,694,179,0,0,23054784,1224,32,0,0
22985978,838,72,0,2,22978878,1379,81,0,0
23087742,1220,26,0,3,23044733,1170,95,0,0
23078699,741,90,0,0,23031907,989,19,0,0
22963958,910,30,0,3,23050273,420,73,0,0
23026020,1332,37,0,0,23057212,585,53,0,0
22961296,147,48,0,3,22964613,2593,46,0,0
23077363,397,16,0,5,22977709,1014,21,0,0
23002168,956,58,0,4,23071865,1103,46,0,0
23014679,633,45,0,3,23020361,1980,46,0,0
22960869,742,50,0,1,22995452,1075,31,0,0
23027368,696,38,0,3,22988842,1583,38,0,0
22950927,1822,24,0,5,23061760,2202,32,0,0
23082379,1870,28,0,6,23083764,1168,48,0,0
23072528,2083,34,0,2,22990134,831,17,0,0
23081065,2067,35,0,0,23038676,984,52,0,0
22963649,1985,35,0,4,23091491,811,41,0,0
23023485,674,22,0,1,22978245,2525,71,0,0
23065467,1080,43,0,2,22968663,843,26,0,0
23074871,793,57,0,4,23002267,987,47,0,0
23065311,117,68,0,1,22955385,955,35,0,0
23011987,1388,61,0,1,23083740,541,39,0,0
22972596,1192,34,0,4,23041511,1743,30,0,0
23084252,880,44,0,4,23059120,1014,49,0,0
23032777,934,41,0,0,23060146,1403,38,0,0
23040618,741,51,0,4,23091716,2175,36,0,0
22996519,1102,85,0,0,23060976,1046,37,0,0
23065647,982,18,0,6,23048109,1248,42,0,0
23050506,1907,46,0,4,22950809,939,31,0,0
23026222,1064,33,0,1,22961106,1063,29,0,0
23043690,1469,44,0,1,23026993,393,40,0,0
23066586,975,45,0,4,22964248,393,34,0,0
23082006,1707,52,0,0,22965384,917,160,0,0
22964191,373,48,0,1,22979986,2302,37,0,0
22957491,387,103,0,3,23095719,1694,30,0,0
22974667,830,43,0,1,22967486,1230,28,0,0
22961892,1110,23,0,0,23095254,1248,32,0,0
23025505,1061,22,0,0,22967557,842,68,0,0
23072584,2256,44,0,10,23003283,1036,43,0,0
23004627,183,120,0,2,22973353,845,36,0,0
23021813,993,34,0,1,23014767,1852,41,0,0
22955164,898,42,0,0,23096559,827,34,0,0
22995692,860,67,0,8,23032329,882,47,0,0
23010562,1390,35,0,0,23087496,995,48,0,0
23026141,1838,48,0,1,23036351,760,81,0,0
23019018,1653,35,0,1,23038818,877,38,0,0
23079769,696,92,0,0,22952412,652,22,0,0
23086425,532,42,0,3,23058357,848,53,0,0
22957721,574,47,0,1,23042124,544,32,0,0
23055156,702,35,0,1,22988387,933,52,0,0
23054433,2107,19,0,1,23026925,707,35,0,0
23055344,1475,47,0,3,22987609,1245,176,0,0
22963744,354,40,0,3,23010316,565,99,0,0
23082848,723,56,0,9,23026365,1180,49,0,0
22984339,673,47,0,2,23009775,481,39,0,0
22962404,1802,41,0,1,23062819,866,26,0,0
23097294,1521,39,0,0,22966221,929,57,0,0
22955051,1914,69,0,1,22985937,1519,29,0,0
22967229,789,32,0,0,22996807,1924,46,0,0
23049215,891,70,0,11,22994845,1215,89,0,0
23072964,1108,25,0,3,23049857,1662,27,0,0
23064941,979,36,0,7,22980706,1818,24,0,0
23006622,649,80,0,7,23052825,597,78,0,0
23045702,2002,23,0,5,22991698,702,47,0,0
23037829,1848,31,0,4,23042201,539,18,0,0
22996913,1984,47,0,5,22988775,1765,36,0,0
22957012,1630,27,0,2,22972132,1958,53,0,0
23042530,1810,31,0,1,23073912,1223,50,0,0
23028067,831,21,0,1,23001284,1555,33,0,0
23063046,1450,43,0,1,23088463,1563,34,0,0
22956628,918,33,0,1,23068463,1602,83,0,0
23045601,1614,104,0,0,23024918,1419,69,0,0
23091520,1728,45,0,1,23046089,972,50,0,0
23054336,1162,41,0,1,23082398,2298,45,0,0
23042849,1310,57,0,7,23086444,1295,66,0,0
23054228,2277,36,0,0,23036109,1125,48,0,0
23094618,1331,26,0,1,23023745,1648,102,0,0
22998680,699,46,0,1,23092113,1154,33,0,0
23042679,1696,53,0,8,23054917,961,64,0,0
23064527,151,32,0,1,23050735,844,42,0,0
23043014,1030,41,0,1,23041622,1768,36,0,0
23043264,1729,78,0,1,23098375,1795,31,0,0
22979990,1754,31,0,1,23062876,941,36,0,0
23068299,315,51,0,0,22967128,2138,40,0,0
22977339,891,49,0,1,22992155,1919,37,0,0
23008684,1233,31,0,0,23055101,1417,17,0,0
23056561,1062,31,0,2,23000062,718,56,0,0
22993350,1165,61,0,0,22996250,626,65,0,0
22966387,711,19,0,2,23072243,716,34,0,0
22960399,1015,27,0,0,22976396,1301,42,0,0
23023787,1229,34,0,8,22961142,1211,61,0,0
23049109,1376,59,0,0,22995798,1352,96,0,0
22996683,874,50,0,4,22973728,505,76,0,0
23051994,1411,28,0,12,22961653,1086,56,0,0
22991987,1907,31,0,2,22962918,616,60,0,0
23061880,1173,55,0,9,22969953,1729,67,0,0
23042878,521,117,0,2,23028817,618,50,0,0
23050983,734,40,0,2,23002166,1050,36,0,0
23057590,848,123,0,2,23060799,1135,43,0,0
22977892,258,27,0,0,23094796,1666,27,0,0
22956248,1373,50,0,0,23029579,1216,21,0,0
23033599,2101,27,0,0,22968480,1529,66,0,0
23042117,825,59,0,1,23082754,527,29,0,0
23015859,1311,40,0,0,23080134,1137,40,0,0
22971524,1680,28,0,4,22989823,2592,29,0,0
23048684,1181,28,0,2,23036462,670,49,0,0
23003465,1511,24,0,2,23008990,105,76,0,0
23003660,718,42,0,1,22997155,568,46,0,0
23044274,1026,70,0,1,23043058,2093,42,0,0
23081726,627,60,0,1,23033113,1155,102,0,0
23031319,381,43,0,0,23036988,1075,41,0,0
23069889,1493,158,0,1,22996037,605,42,0,0
23078414,1639,27,0,0,23055767,1665,38,0,0
22971423,1753,61,0,2,23023448,1195,43,0,0
23091808,1606,45,0,5,23060935,1299,127,0,0
23077434,952,50,0,1,23082712,1009,37,0,0
23088247,2125,33,0,1,23090757,368,23,0,0
23086150,1321,41,0,2,23059000,2382,40,0,0
23026162,909,38,0,5,23033742,585,52,0,0
23055167,1560,54,0,2,23009727,1028,69,0,0
22971699,275,29,0,1,23059905,1674,57,0,0
23023819,1060,40,0,1,23012501,2009,41,0,0
22981253,825,78,0,1,23096443,1863,35,0,0
23039683,546,55,0,4,23014727,2452,46,0,0
23000188,497,26,0,0,22992225,1170,36,0,0
23084772,2105,86,0,0,23027572,691,50,0,0
22975545,812,18,0,3,22988319,1645,29,0,0
23099095,670,177,0,1,23082102,146,155,0,0
23017711,1086,42,0,2,23057050,1274,49,0,0
23085601,1254,47,0,3,23056008,1047,42,0,0
22959503,1135,36,0,1,23041114,737,67,0,0
23067449,2026,49,0,2,22968666,994,37,0,0
23037128,138,108,0,1,23026367,1133,41,0,0
23038924,1476,58,0,0,23064617,147,27,0,0
23002428,1440,26,0,0,23096823,1272,87,0,0
23069674,2152,57,0,8,23021388,2044,31,0,0
23020406,854,28,0,2,23096434,1832,60,0,0
23038155,1708,45,0,2,23090817,332,23,0,0
23032841,583,93,0,1,23042477,1322,42,0,0
23015985,1314,85,0,1,23039815,1423,60,0,0
23081342,1667,35,0,5,23091836,695,37,0,0
23032514,2340,28,0,0,23086095,1266,42,0,0
23021987,955,34,0,1,23051661,266,56,0,0
23043753,1411,22,0,2,23024011,696,75,0,0
23014729,532,66,0,15,23051889,335,57,0,0
23049711,2310,50,0,2,22968504,1697,27,0,0
23064934,1037,71,0,9,22959948,2447,46,0,0
23097387,748,38,0,9,23040004,1328,28,0,0
23017630,1465,47,0,0,23096719,1140,65,0,0
23066367,1011,40,0,1,23086180,1245,34,0,0
23028739,408,35,0,3,23047489,347,31,0,0
23043872,950,34,0,1,22985947,1526,54,0,0
22968886,1639,56,0,1,23004724,1280,23,0,0
23087361,1241,42,0,1,22966290,814,28,0,0
22968436,1400,38,0,3,23007408,2158,60,0,0
23082172,1007,59,0,1,23082450,1764,50,0,0
23051464,163,53,0,0,23030198,2020,36,0,0
23000560,1399,36,0,0,23048734,930,62,0,0
22970749,755,43,0,0,22980211,1156,42,0,0
22995630,1654,31,0,2,23003962,2055,43,0,0
22960408,853,33,0,1,23010618,873,27,0,0
23046956,1591,80,0,3,23045294,845,35,0,0
23092032,749,62,0,0,23097516,1986,27,0,0
22993261,555,36,0,2,23036192,747,46,0,0
23024616,717,31,0,1,23052151,371,36,0,0
22967001,1649,26,0,1,23084544,674,53,0,0
23030879,810,257,0,1,23051025,1731,64,0,0
23050516,1164,58,0,1,23026168,864,20,0,0
23089630,721,98,0,3,23029181,1974,57,0,0
22997088,1447,47,0,2,22980779,1399,100,0,0
23021565,1389,58,0,1,23096356,1041,46,0,0
23067201,848,62,0,1,23063700,832,32,0,0
23081337,1839,48,0,0,23092292,845,25,0,0
22985924,1434,80,0,2,23045972,1573,66,0,0
23099461,639,59,0,2,23042145,1129,36,0,0
23014216,1064,45,0,3,22989523,614,14,0,0
23069758,1266,99,0,2,23104353,801,19,0,0
23095961,2507,38,0,1,23001061,1860,58,0,0
23100837,729,52,0,6,23099222,1923,25,0,0
23066056,1328,23,0,2,23090615,2522,59,0,0
22967296,549,79,0,12,23061192,1488,18,0,0
22972457,700,92,0,0,23028389,697,55,0,0
23041484,1558,50,0,4,23096288,923,39,0,0
23003111,1101,52,0,2,22992873,1222,33,0,0
23080898,871,36,0,7,23096552,1184,48,0,0
22999581,1102,27,0,1,23041582,1019,26,0,0
23007111,750,79,0,0,22984038,1159,31,0,0
23053374,1346,81,0,0,23061978,1006,42,0,0
22990098,1840,46,0,1,23049798,1612,49,0,0
23041717,948,60,0,1,23032194,584,71,0,0
23069466,2379,78,0,4,23063333,1685,19,0,0
22964931,1049,66,0,1,22998058,1839,101,0,0
22999478,1325,31,0,4,22974099,1027,38,0,0
23078034,1887,48,0,6,23021262,594,49,0,0
22962561,961,41,0,2,23080715,1565,40,0,0
23066866,1209,44,0,2,23078091,988,77,0,0
22991867,1261,17,0,0,23001818,801,25,0,0
23104791,376,78,0,0,22975962,662,53,0,0
23101505,1459,41,0,2,23005683,379,49,0,0
23007685,964,86,0,0,22990334,2532,38,0,0
23007065,938,67,0,0,23026081,1629,71,0,0
23101562,660,59,0,0,23021157,1614,48,0,0
23014821,2330,29,0,1,22988336,853,52,0,0
23018897,1626,70,0,2,23027172,982,66,0,0
22969067,1495,62,0,6,23054428,1098,47,0,0
23054029,175,34,0,1,23062393,751,27,0,0
22970192,1194,33,0,1,23099895,1127,56,0,0
23015169,1389,38,0,5,22990767,1621,50,0,0
23075371,2574,41,0,2,23001579,419,31,0,0
23092908,411,30,0,0,23066429,1723,79,0,0
22963267,2089,51,0,2,23106682,695,44,0,0
22973941,665,73,0,5,23017036,1106,51,0,0
23015491,1657,42,0,10,23000592,2497,53,0,0
23077598,1017,30,0,1,23030841,1593,28,0,0
23044639,1705,32,0,1,23078817,2022,62,0,0
22985326,202,47,0,3,23065593,1566,42,0,0
23042224,897,42,0,5,23066423,976,86,0,0
23012412,1968,79,0,4,23091344,1022,14,0,0
23055834,1102,63,0,1,23061579,1489,129,0,0
23066984,1214,59,0,0,23055432,1934,64,0,0
23025795,1357,32,0,1,23014875,735,38,0,0
23006513,1229,58,0,3,23079219,1116,34,0,0
23084504,1172,61,0,5,22986373,1267,49,0,0
22965660,1155,34,0,3,23070305,2325,34,0,0
23008036,1112,32,0,1,23018443,1397,26,0,0
23027783,547,21,0,1,23025499,867,31,0,0
23063606,1254,54,0,3,23028602,1838,45,0,0
23062667,487,36,0,1,22983623,741,58,0,0
23044338,1177,90,0,0,23023507,1577,31,0,0
23041101,1533,35,0,1,23013421,797,31,0,0
23021965,2141,31,0,2,23062619,834,47,0,0
23035576,2378,32,0,0,23092965,1794,49,0,0
22967643,1031,69,0,0,23080006,1075,50,0,0
22993130,1106,42,0,5,23040488,1221,26,0,0
23051364,787,81,0,1,23003532,1704,35,0,0
23036978,902,41,0,1,23064415,1809,17,0,0
23059786,902,56,0,0,23016398,1680,29,0,0
23065465,1805,31,0,1,23098697,227,62,0,0
23078810,1424,72,0,1,23020690,1829,76,0,0
23030700,782,49,0,1,23095770,2563,59,0,0
22988984,1229,32,0,0,22989540,1169,23,0,0
22992876,1403,17,0,0,23035926,231,206,0,0
23064377,918,48,0,0,23094713,928,33,0,0
23003692,1120,16,0,0,23095229,1050,68,0,0
23019301,1419,60,0,0,22973669,1695,50,0,0
23038893,1101,47,0,0,22974178,1666,27,0,0
22994979,1161,42,0,1,23028982,1392,47,0,0
23041190,1360,42,0,6,23028600,1758,95,0,0
22981307,829,38,0,1,23097602,426,45,0,0
23004730,872,67,0,4,22997162,1378,100,0,0
23010912,456,39,0,1,23082641,1325,87,0,0
23024547,791,60,0,3,23045656,1699,23,0,0
23000198,504,201,0,2,22980728,923,32,0,0
23056256,229,54,0,3,22970846,1255,17,0,0
23053842,119,29,0,2,22997171,1152,30,0,0
23012869,1315,38,0,3,23046950,1169,65,0,0
23088508,1996,25,0,3,23083413,1401,37,0,0
23008239,1106,52,0,2,23003672,1624,104,0,0
23088197,1474,43,0,0,23003049,1186,23,0,0
22983167,127,38,0,2,23058811,1370,61,0,0
23053429,614,20,0,3,23100563,871,43,0,0
22985054,1178,24,0,0,23082695,706,67,0,0
23023152,1256,50,0,0,23065931,1845,20,0,0
23104265,475,32,0,2,23090021,1460,49,0,0
23092970,895,49,0,2,23092344,609,45,0,0
23037847,619,61,0,0,23012371,641,31,0,0
23110510,942,119,0,14,22987871,2074,84,0,0
23017150,810,76,0,0,23038583,790,106,0,0
23092186,1242,32,0,3,23076055,621,64,0,0
23045221,1670,25,0,7,23091999,1082,31,0,0
22999338,760,35,0,3,22973732,597,32,0,0
23056969,1788,48,0,3,22985610,1941,41,0,0
22982710,2064,48,0,7,22986361,739,76,0,0
23055420,1197,64,0,5,23048792,1042,56,0,0
23045942,328,35,0,1,23106169,586,16,0,0
23049706,537,30,0,0,23019861,896,87,0,0
22996268,959,25,0,18,23009647,976,78,0,0
23062855,2611,43,0,5,23082602,1638,59,0,0
23014684,2191,27,0,5,23108374,759,54,0,0
22989827,1520,41,0,3,23031777,1997,38,0,0
23079757,822,47,0,2,22989773,1176,32,0,0
23079756,813,53,0,1,22996073,315,60,0,0
22989777,1466,69,0,0,23100203,1316,21,0,0
23096650,1366,123,0,2,23026229,740,50,0,0
23091852,1032,71,0,1,23072726,407,64,0,0
23072493,1222,34,0,0,23071008,585,46,0,0
23076398,2114,44,0,1,23065164,960,34,0,0
23087553,569,75,0,2,23000960,2212,51,0,0
23069326,1920,31,0,3,23064800,1763,36,0,0
23109906,651,78,0,2,22985681,539,44,0,0
23028445,539,30,0,3,23090086,1157,78,0,0
23099390,650,116,0,5,23015729,1217,45,0,0
23069699,1532,39,0,6,23076635,1312,29,0,0
23097405,907,30,0,0,23090365,1346,35,0,0
23064729,1580,62,0,5,22986089,823,45,0,0
23028598,1134,51,0,0,23043735,1435,45,0,0
23086981,758,44,0,1,23049969,588,45,0,0
23093197,1104,48,0,1,22979908,981,98,0,0
22974378,495,48,0,3,23014490,789,22,0,0
22995042,1555,59,0,2,23106100,1812,29,0,0
23085598,1667,35,0,3,23110364,1914,25,0,0
23049795,2119,55,0,0,23077389,2392,62,0,0
23094667,409,65,0,1,23049205,1058,94,0,0
23109522,796,62,0,0,23019455,745,77,0,0
23046593,1150,40,0,1,23043921,1321,19,0,0
22975006,1212,26,0,1,23085258,1790,36,0,0
23040666,1164,39,0,3,23034820,939,43,0,0
22981980,953,23,0,2,23041282,341,92,0,0
23041327,577,71,0,3,23037114,1105,75,0,0
23100870,519,19,0,2,22987988,1114,114,0,0
23078085,700,29,0,0,23063963,984,42,0,0
23038730,1426,51,0,3,23023830,1030,47,0,0
22986820,1208,88,0,7,22976165,876,119,0,0
23088273,1002,73,0,3,23113313,1846,53,0,0
23015512,442,41,0,3,23015244,2570,30,0,0
23024844,299,52,0,8,22987447,1132,21,0,0
23044152,1949,10,0,1,23111773,762,122,0,0
23053780,1429,45,0,1,23100261,1139,33,0,0
22992021,740,60,0,1,23036232,2164,66,0,0
23113541,1992,36,0,6,23065101,2050,50,0,0
23005755,205,28,0,2,22974790,1129,57,0,0
23047660,2540,42,0,0,23000774,608,43,0,0
23001790,934,37,0,0,23074345,2193,31,0,0
22985860,991,38,0,2,22980051,1807,32,0,0
23025296,1168,35,0,7,23037557,350,28,0,0
23005508,210,43,0,8,23040247,1425,45,0,0
23037511,1329,17,0,4,23063506,1084,26,0,0
23078432,715,327,0,1,23016104,731,63,0,0
23111747,633,35,0,3,23085516,895,47,0,0
23102928,650,42,0,3,23071925,1508,84,0,0
23083507,1119,43,0,0,23038854,511,56,0,0
23009817,847,42,0,1,23046115,295,85,0,0
23017756,950,74,0,4,23042456,854,42,0,0
23084985,1445,41,0,10,23004112,891,26,0,0
23013202,1117,43,0,1,23016781,1299,56,0,0
23009685,881,61,0,1,23022417,1648,25,0,0
23051525,1095,17,0,1,23044121,810,195,0,0
23060083,876,16,0,0,22990718,1185,52,0,0
23096452,1729,27,0,4,23101078,1016,269,0,0
23096107,1569,15,0,1,22980690,478,56,0,0
23086151,576,29,0,8,23060278,1781,38,0,0
22996699,2008,42,0,0,23022981,169,38,0,0
23052993,2412,32,0,5,23052925,698,35,0,0
23043070,274,63,0,1,23065385,892,29,0,0
23043248,1533,41,0,8,23087922,243,178,0,0
23039595,564,42,0,1,23021268,390,40,0,0
23021372,1884,59,0,3,23092767,1240,38,0,0
23108072,1199,22,0,2,23091189,886,53,0,0
23005099,1646,38,0,6,23095731,1957,69,0,0
23066995,1649,40,0,1,23031100,473,50,0,0
23086307,2358,26,0,5,22977477,1942,60,0,0
23030740,1443,31,0,4,23105965,401,51,0,0
22991840,1594,35,0,1,23013880,1748,33,0,0
23071232,610,84,0,1,23006444,1618,81,0,0
23079543,1819,29,0,6,23035055,996,68,0,0
22977459,1662,60,0,2,22998199,686,31,0,0
23063222,1416,32,0,1,22984535,2412,70,0,0
22997712,1651,32,0,0,23086268,648,20,0,0
23083480,1504,34,0,4,23036370,2354,45,0,0
23099425,1059,61,0,1,23065676,1972,53,0,0
23033020,1236,58,0,0,23104885,1046,51,0,0
22982292,799,81,0,8,23001794,1038,100,0,0
23085015,1118,70,0,1,23022126,307,57,0,0
23097761,1672,34,0,11,23083229,2507,39,0,0
23053120,1167,64,0,3,23054982,1885,65,0,0
22993056,638,48,0,7,23059869,717,57,0,0
23108884,1048,43,0,0,23006604,751,28,0,0
23032018,2338,60,0,5,23073345,1663,29,0,0
23071602,716,80,0,2,22991228,641,63,0,0
23109377,969,39,0,2,23040483,162,51,0,0
23046231,529,59,0,1,23001939,639,79,0,0
23008016,1142,50,0,5,23106474,1619,24,0,0
23029242,2288,28,0,1,23049530,1068,56,0,0
23103740,1513,80,0,2,23033541,1174,98,0,0
23071850,1478,39,0,6,23042884,1465,35,0,0
23097062,890,32,0,9,23082743,1561,20,0,0
23094421,2435,40,0,0,23006690,1495,55,0,0
22991388,2156,46,0,1,23083185,1000,46,0,0
23117425,1024,102,0,1,23038823,1514,38,0,0
23057901,1495,26,0,2,23089904,1187,32,0,0
23015928,756,63,0,4,23037549,1294,28,0,0
23080415,1125,55,0,6,23116032,367,88,0,0
23094537,1114,25,0,1,23062773,312,88,0,0
23036679,1968,37,0,2,23036259,834,26,0,0
23030206,1473,63,0,3,23051259,1610,44,0,0
23086418,1237,45,0,0,23111229,602,14,0,0
23015188,450,27,0,1,23041290,1398,107,0,0
22993596,980,25,0,2,23060035,1686,39,0,0
23093716,1063,29,0,3,23026672,1599,51,0,0
23096717,1966,46,0,0,23040675,1610,19,0,0
23099438,1455,35,0,0,23117144,1008,70,0,0
23082164,1029,52,0,1,23076961,352,43,0,0
23098836,2230,69,0,5,23008659,1090,42,0,0
22977457,1799,74,0,2,22993591,1842,44,0,0
23113836,2083,16,0,2,23035037,959,58,0,0
23072959,1580,34,0,1,23051092,622,96,0,0
23087782,2119,38,0,1,23004205,943,24,0,0
23112846,1175,26,0,2,23047416,136,22,0,0
23112585,1433,26,0,0,22991808,683,36,0,0
23095917,753,105,0,2,23023009,1382,38,0,0
23003271,1766,35,0,3,23031480,1370,31,0,0
23089414,537,57,0,1,22990515,946,57,0,0
23042662,210,27,0,1,23069420,1566,26,0,0
23044702,1112,46,0,3,22981184,991,34,0,0
23107463,909,46,0,0,22995385,2047,28,0,0
23088517,117,55,0,2,23045032,962,51,0,0
23021969,676,233,0,6,22997795,1977,48,0,0
23109311,1135,64,0,1,23071814,1576,21,0,0
23051189,1146,37,0,5,23088740,478,55,0,0
23087047,787,66,0,1,23002006,189,24,0,0
23082050,1100,41,0,2,23040265,915,68,0,0
23099092,1323,27,0,1,23081541,1480,33,0,0
23068394,1158,40,0,0,23103493,2043,48,0,0
23082269,1558,37,0,2,23065390,1562,27,0,0
23109007,1320,43,0,3,23051815,1157,44,0,0
23053704,1276,53,0,1,23026146,1118,54,0,0
23000311,625,25,0,2,23005545,1661,48,0,0
23093725,293,35,0,6,23095182,1148,80,0,0
23100151,1246,39,0,2,23051833,1118,64,0,0
23002719,1942,28,0,3,23007333,802,49,0,0
23107035,285,71,0,4,22981161,1630,47,0,0
23088193,1808,51,0,0,23009797,1041,59,0,0
22982724,1947,42,0,1,23002760,562,45,0,0
23047821,1184,66,0,1,23021367,226,88,0,0
22989871,2152,25,0,2,23040351,694,37,0,0
23047808,1768,34,0,1,23026294,433,49,0,0
23052247,1480,48,0,1,23085385,1280,57,0,0
22991344,675,44,0,2,23109042,1661,47,0,0
23082957,1457,42,0,5,23070828,1568,57,0,0
22994766,1542,54,0,1,23052279,240,45,0,0
23105615,836,17,0,4,23055853,640,41,0,0
23084573,1171,45,0,0,22987062,1942,62,0,0
23106763,900,70,0,0,23073527,2266,43,0,0
23115237,811,122,0,2,23043307,2081,49,0,0
23075712,1063,70,0,1,23097357,1090,57,0,0
22991938,1123,33,0,6,23116195,830,154,0,0
23086123,1178,26,0,1,22991693,109,48,0,0
23101713,619,27,0,1,23044277,2109,48,0,0
23073238,1903,32,0,3,23063427,1852,21,0,0
23031387,1075,39,0,3,23120556,2133,23,0,0
23000250,603,28,0,3,22987352,2357,58,0,0
23000833,1620,88,0,1,23101497,940,75,0,0
23043852,1736,39,0,6,23042100,920,32,0,0
23052781,225,21,0,2,23031532,290,26,0,0
23054740,598,29,0,6,23059574,742,52,0,0
23074877,1324,58,0,2,23095207,1259,28,0,1
22988277,1011,48,0,3,23086304,1455,35,0,0
23062495,898,65,0,1,23103597,634,30,0,0
23098380,1690,76,0,1,23036722,864,29,0,0
23102869,1188,42,0,4,23063280,498,18,0,0
23120924,2201,56,0,1,23097215,611,37,0,0
23060357,1560,66,0,1,23086542,1966,68,0,0
23066319,1238,42,0,1,23041224,1088,51,0,0
22983380,751,24,0,1,23040732,1665,34,0,0
23094091,1647,32,0,1,23081356,730,37,0,0
23092044,440,29,0,1,23111348,1741,48,0,0
23037017,1002,28,0,6,23104043,1096,57,0,0
23096636,556,42,0,2,23036571,1774,81,0,0
23106393,1035,39,0,1,22982381,1108,44,0,0
23117187,2127,28,0,1,23036413,670,57,0,0
23117012,323,43,0,2,23108844,1201,41,0,0
23055133,1842,17,0,0,23015138,766,45,0,0
23102798,1622,35,0,0,23001241,1166,50,0,0
23084750,993,64,0,3,23115444,1454,34,0,0
22988276,388,84,0,1,23014101,1275,27,0,0
23104198,146,93,0,5,23090970,1162,44,0,0
23090243,705,33,0,2,23016741,1517,54,0,0
23077622,775,48,0,1,23114225,1310,33,0,0
23026377,1050,30,0,0,23086238,1993,43,0,0
23024909,1019,67,0,9,23036419,1179,59,0,0
23054387,1556,33,0,1,22985292,1113,41,0,0
22995155,1593,48,0,8,23019931,2123,59,0,0
23068868,1758,61,0,0,22989996,1793,62,0,0
23021252,961,33,0,0,23109504,2100,32,0,0
23075026,1928,52,0,3,23059044,324,67,0,0
23114669,1423,37,0,4,23095177,1573,58,0,0
23111010,449,88,0,1,23033485,2514,41,0,0
23086599,1042,39,0,1,23030467,1647,57,0,0
23044930,1483,36,0,0,23091635,797,66,0,0
23094949,1389,38,0,3,23032091,1384,41,0,0
23081058,1228,54,0,1,23045120,995,48,0,0
23088257,1150,38,0,3,23077169,1512,60,0,0
23024240,1396,31,0,1,23107218,1673,33,0,0
23120102,920,37,0,0,23028933,761,45,0,0
23123521,1132,73,0,5,23006614,811,111,0,0
23021525,719,39,0,2,22997330,711,16,0,0
23098547,2281,54,0,4,23073721,2022,39,0,0
23100618,2067,75,0,3,22992249,1628,30,0,0
23032211,1690,44,0,1,23075844,939,63,0,0
23117785,432,75,0,0,23029961,1490,20,0,0
23001184,964,33,0,7,23023032,663,70,0,0
23027230,1035,19,0,1,23000598,859,66,0,0
23093455,2197,31,0,4,23109602,904,45,0,0
23083138,1455,53,0,0,23075093,1450,35,0,0
23066123,1242,64,0,1,22996990,864,33,0,0
23004856,344,67,0,5,23039730,508,70,0,0
23048537,1271,61,0,0,23123111,496,45,0,0
23069415,456,32,0,13,23118006,1686,47,0,0
23019577,752,30,0,1,23123888,907,56,0,0
23021818,1863,75,0,0,22989400,337,48,0,0
23020830,433,28,0,6,23015817,1651,32,0,0
23048709,2567,42,0,6,23033687,1327,51,0,0
22999512,1071,60,0,1,23092093,994,79,0,0
23066413,1238,34,0,2,23002823,1422,38,0,0
23054172,1426,44,0,2,23010965,2561,72,0,0
23061419,1665,45,0,7,23038771,1024,29,0,0
23043680,1299,72,0,1,23037235,1319,69,0,0
23116137,1494,29,0,2,23078242,1075,37,0,0
23089037,780,115,0,0,23106679,1568,30,0,0
23064872,698,38,0,4,23107305,1244,46,0,0
23062051,736,99,0,1,23110607,294,49,0,0
23119658,664,61,0,2,23119764,767,39,0,0
23029958,2590,30,0,15,23093288,1131,65,0,0
23099109,1340,32,0,3,23069846,1294,48,0,0
23076827,639,73,0,9,23024924,1367,47,0,0
23013377,1678,54,0,4,23096718,1633,97,0,0
22993320,1378,35,0,0,23021476,1873,32,0,0
23051352,721,38,0,1,23064749,969,71,0,0
23106481,725,51,0,0,23125707,1158,44,0,0
23050254,602,65,0,1,23019833,1572,63,0,0
22990104,1633,41,0,2,23049560,974,25,0,0
23086535,233,45,0,2,23093959,245,27,0,0
23110506,995,54,0,1,23030554,669,52,0,0
22998831,1828,27,0,0,23051095,1583,50,0,0
23066818,886,24,0,3,23123288,1028,72,0,0
23065015,1692,56,0,1,23097934,821,28,0,0
23004642,1496,20,0,1,23025216,1081,82,0,0
23095245,1612,16,0,1,22987673,1452,57,0,0
23019148,1613,56,0,5,23037683,1321,32,0,0
23052015,1426,64,0,5,23123551,579,63,0,0
22987611,449,50,0,0,23082041,1162,47,0,0
23075861,1835,30,0,2,23109986,760,30,0,0
23003564,2484,177,0,6,23052824,1091,27,0,0
23015967,536,76,0,4,23103795,1361,44,0,0
23088579,1182,56,0,7,23101934,2283,40,0,0
23065435,351,46,0,1,23017296,300,44,0,0
23096701,1766,61,0,3,23097494,715,15,0,0
23033371,1625,85,0,3,23036024,1207,28,0,0
22997563,632,93,0,1,23008499,1324,40,0,0
23031384,1026,34,0,2,23048214,1969,65,0,0
23099630,2341,46,0,3,23075438,358,64,0,0
23009726,1022,66,0,5,23074384,135,55,0,0
23027627,1222,40,0,7,23103086,877,25,0,0
23045344,935,24,0,3,23099082,975,61,0,0
23048001,1043,25,0,1,23051461,1323,32,0,0
23002446,279,23,0,0,22997247,1666,62,0,0
23012632,581,39,0,12,23026179,1585,18,0,0
23083817,920,38,0,2,23082587,1381,28,0,0
23095692,911,36,0,1,23112230,1287,34,0,0
23109786,1492,49,0,1,23058119,647,34,0,0
23058216,801,23,0,2,23059167,1020,24,0,0
23071407,854,43,0,0,23021618,1017,63,0,0
23036282,867,74,0,0,23106792,548,72,0,0
23048390,695,34,0,1,23054103,501,33,0,0
23023913,1094,35,0,1,23027625,622,82,0,0
23003834,2328,44,0,6,23083460,731,20,0,0
23113492,975,82,0,1,23023521,1371,46,0,0
23104309,1237,38,0,1,23094457,1205,78,0,0
23085774,1489,57,0,2,23057945,399,17,0,0
23025463,711,61,0,1,23013290,952,57,0,0
23045222,711,46,0,2,23024444,1167,20,0,0
23034125,522,93,0,3,23112526,970,59,0,0
23120173,370,45,0,9,22994301,564,49,0,0
23090114,888,32,0,1,23020031,1936,55,0,0
23050431,1641,103,0,6,23015938,882,38,0,0
23010569,1935,34,0,2,23032279,1609,31,0,0
23044826,389,101,0,2,23080159,1620,24,0,0
23058620,1183,52,0,5,23036140,921,62,0,0
23018772,625,45,0,7,23051649,801,15,0,0
23101439,1117,19,0,1,23086641,1466,39,0,0
23127824,1109,30,0,1,23114376,1236,29,0,0
23009914,1304,39,0,1,23000300,1227,59,0,0
23098740,1947,45,0,1,23056054,1689,21,0,0
23087259,997,57,0,2,23065446,2200,28,0,0
23035246,1108,39,0,2,23004051,699,48,0,0
23073598,1143,60,0,3,23070609,2192,36,0,0
23049031,1919,66,0,3,23084274,1717,43,0,0
23094080,882,41,0,0,23106221,357,28,0,0
23073891,718,33,0,1,23075848,153,22,0,0
23013858,741,50,0,3,23072951,1851,54,0,0
23020806,541,63,0,1,23102629,1405,66,0,0
23107892,922,38,0,1,22998625,783,40,0,1
23034424,653,55,0,0,23013444,278,62,0,0
22996135,640,70,0,1,23095905,1662,59,0,0
23080101,1448,61,0,1,23032545,1270,84,0,0
23015903,1793,53,0,0,23009596,856,45,0,0
23121189,844,68,0,0,23000736,950,46,0,0
23055138,1360,43,0,3,23047879,504,47,0,0
23103801,2596,54,0,2,23073588,1653,47,0,0
23108509,1089,42,0,6,23020917,438,70,0,0
23015373,1691,42,0,1,23011470,839,52,0,0
23129751,1313,52,0,0,23084659,846,61,0,0
23067542,513,63,0,2,23102910,686,50,0,0
23010918,1168,56,0,0,23086894,284,44,0,0
23080733,1303,50,0,0,23011652,2219,65,0,0
22995109,910,68,0,3,23002384,950,33,0,0
23119200,1309,20,0,0,22992683,708,33,0,0
23043936,1060,29,0,0,23019704,395,28,0,0
23130397,980,42,0,2,23065177,1617,44,0,0
23061212,1119,41,0,0,23122019,1983,100,0,0
23115269,1234,37,0,3,23113738,984,53,0,0
23045171,939,42,0,2,23009819,357,60,0,0
23110579,773,42,0,1,23108117,1375,65,0,0
23084459,1368,63,0,4,23013069,1671,39,0,0
23017171,187,17,0,2,23043339,489,33,0,0
22994941,1658,27,0,1,23061108,2679,35,0,0
23040062,732,74,0,0,23022968,719,76,0,0
23127389,447,48,0,2,23123073,1094,19,0,0
23068871,1524,48,0,2,23084376,2005,66,0,0
23021164,2158,58,0,2,23011193,1462,33,0,0
23088175,1589,69,0,6,23093481,149,66,0,0
23103782,236,65,0,1,23100900,765,30,0,0
23023363,850,44,0,0,23094475,1250,30,0,0
23107258,641,68,0,2,23072647,946,22,0,0
23103698,707,71,0,0,23061511,1313,102,0,0
23098835,411,199,0,1,23072099,2433,42,0,0
23070560,1061,25,0,3,23070537,1691,42,0,0
23051693,1394,24,0,1,23008039,873,79,0,0
23076648,1373,98,0,11,23019625,2015,50,0,0
23112201,1066,30,0,0,23132193,1795,71,0,0
23117530,1682,43,0,1,23053488,2560,60,0,0
23005386,2567,20,0,0,23100411,641,74,0,0
23047333,728,38,0,3,23005834,1700,54,0,0
23043110,382,97,0,1,23107382,1072,93,0,0
23064790,1459,55,0,1,23028390,466,43,0,0
23018445,916,35,0,5,23040644,401,31,0,0
23110360,1239,32,0,1,23021406,1695,40,0,0
23048763,1259,46,0,3,23023388,676,35,0,0
23102585,1234,63,0,1,23063670,1862,30,0,0
23118291,474,45,0,3,23111978,319,44,0,0
23095581,656,24,0,2,23118580,1956,63,0,0
23025914,1370,45,0,7,23100867,817,39,0,0
23099635,1137,49,0,5,23083703,1574,38,0,0
23105810,2111,48,0,5,23008781,2410,14,0,0
23041741,982,15,0,0,23116871,1403,30,0,0
23089766,815,50,0,0,23104448,679,62,0,0
23022628,1022,33,0,5,23034834,2128,31,0,0
23014028,2179,31,0,2,23052585,1478,51,0,0
23091932,437,46,0,1,23032406,200,87,0,0
23034062,1305,33,0,7,23052978,1434,58,0,0
23013629,1780,72,0,0,23003966,1151,30,0,0
23023058,1417,52,0,0,23051294,1627,99,0,0
23041694,808,47,0,0,23097082,2537,19,0,0
23031420,1317,58,0,0,23098200,1664,41,0,0
23027259,1584,59,0,0,23015218,1342,51,0,0
23052152,684,101,0,1,23009620,1218,34,0,0
23100546,901,71,0,4,23044622,1394,53,0,0
23108883,2027,68,0,1,23010657,1318,32,0,0
23105475,1121,39,0,3,23000877,232,35,0,0
23000012,1464,115,0,3,23131453,1193,27,0,0
23105135,1572,42,0,3,23084865,932,48,0,0
23010580,1411,63,0,4,23010191,152,44,0,0
23082959,1761,14,0,12,23055589,162,48,0,0
23104143,2031,41,0,2,23012475,923,17,0,0
23113716,1666,36,0,2,23084412,2624,78,0,0
23083044,1232,64,0,12,23052660,373,70,0,0
23019887,864,74,0,5,23121334,1140,38,0,0
23062503,1734,45,0,0,23097951,660,69,0,0
23047407,2075,56,0,2,23054203,382,50,0,0
23071437,359,72,0,1,23107329,1247,15,0,0
23101483,1400,93,0,4,23081734,1041,26,0,0
23077979,109,235,0,2,23042977,1171,31,0,0
23059021,781,87,0,0,23092037,1097,38,0,0
23049598,715,22,0,1,23045583,114,77,0,0
23106218,1688,46,0,1,23034987,1759,48,0,0
23013228,886,47,0,0,23055343,917,43,0,0
23133264,1086,30,0,0,23044319,325,45,0,0
23058208,839,25,0,0,23033838,835,40,0,0
23121825,1153,88,0,3,23059025,1439,59,0,0
23124358,958,38,0,1,23008994,554,87,0,0
23033215,1068,43,0,2,23066391,2404,32,0,0
23108171,1932,37,0,4,23011488,212,91,0,0
23029088,772,46,0,1,23100297,1435,95,0,0
23021855,2240,23,0,0,23004084,817,24,0,0
23004881,2582,24,0,0,23116461,732,47,0,0
23032594,1335,57,0,1,23107666,270,25,0,0
23135545,421,41,0,0,23093846,1308,38,0,0
23012905,641,55,0,0,23011593,611,67,0,0
23017367,1021,31,0,1,23027955,1256,34,0,0
23028377,678,89,0,0,23047303,1995,34,0,0
23049008,833,30,0,1,23001310,756,43,0,0
23002366,894,57,0,0,23112262,399,63,0,0
23012837,507,22,0,0,23072336,1546,35,0,0
23094730,1132,30,0,2,23047468,864,67,0,0
23054585,1402,60,0,5,23096519,2297,19,0,0
23132444,1066,67,0,1,23074326,604,25,0,0
23064556,541,66,0,4,23051084,1952,55,0,0
23038333,1731,35,0,2,23033556,1652,36,0,0
23115278,861,39,0,1,23109716,609,46,0,0
23023922,1421,105,0,1,23037905,298,64,0,0
23093381,1165,49,0,1,23002948,1221,46,0,0
23013633,1650,21,0,1,23067370,1100,80,0,0
23132867,160,53,0,2,23049812,2295,24,0,0
23063768,1791,28,0,4,23057640,730,56,0,0
23067360,1231,18,0,1,23015795,2329,40,0,0
22999675,1906,21,0,1,23029792,631,37,0,0
23009995,2373,28,0,0,23096952,753,45,0,0
23080472,977,51,0,2,23096771,1335,65,0,0
23011741,1760,13,0,0,23054217,116,22,0,0
23071789,800,43,0,1,23008196,914,123,0,0
23049150,661,35,0,1,23056633,607,51,0,0
23133707,1768,42,0,4,23004534,1621,73,0,0
23062159,671,28,0,1,23084207,1404,76,0,0
23048142,1759,51,0,10,23010410,1716,27,0,0
23026790,2418,47,0,10,23053641,2177,20,0,0
23098728,1142,120,0,3,23003886,1124,22,0,0
23061122,1477,37,0,1,23084585,667,96,0,0
23034940,623,46,0,0,23130964,1639,31,0,0
23056084,986,37,0,0,23006797,1357,28,0,0
23042509,958,46,0,4,23113206,2049,51,0,0
23027091,750,85,0,2,23006206,497,61,0,0
23103632,794,40,0,3,23000361,1694,75,0,0
23075759,775,49,0,2,23073039,809,36,0,0
23003932,2088,27,0,5,23133468,989,32,0,0
23016148,1105,34,0,1,23014865,1508,83,0,0
23050237,1071,24,0,0,23107186,383,96,0,0
23070963,565,62,0,0,23018491,1671,34,0,0
23138917,312,43,0,1,23137168,1454,65,0,0
23128160,938,131,0,3,23087246,846,46,0,0
23073910,482,69,0,0,23013141,1714,27,0,0
23013280,1704,19,0,3,23121876,1262,24,0,0
23068459,875,66,0,4,23130933,1768,37,0,0
23073843,771,150,0,3,23039225,1685,38,0,0
23086316,2058,47,0,1,23040887,1661,32,0,0
23073573,1067,22,0,3,23024198,930,51,0,0
23004259,2139,22,0,1,23016910,803,91,0,0
23124372,1635,37,0,1,23087405,597,207,0,0
23049440,1408,31,0,6,23139549,930,59,0,0
23002587,1034,25,0,0,23117625,913,95,0,0
23016491,173,46,0,0,23093119,1535,31,0,0
23093652,531,22,0,4,23004451,834,41,0,0
23005496,1311,18,0,1,23100930,1701,43,0,0
23110879,812,31,0,0,23133515,903,19,0,0
23030813,586,60,0,11,23109427,1291,23,0,0
23098440,1252,52,0,3,23051509,1208,32,0,0
23135751,523,41,0,1,23067820,1716,53,0,0
23001949,2566,23,0,4,23015044,914,31,0,0
23032814,504,52,0,0,23036775,1511,48,0,0
23007818,1579,80,0,0,23061115,1927,228,0,0
23111665,1991,28,0,2,23013365,1128,48,0,0
23123069,1078,24,0,1,23117153,1874,40,0,0
23021753,695,43,0,4,23135862,277,55,0,0
23002281,951,44,0,2,23032765,446,20,0,0
23021017,1141,65,0,7,23123823,2510,25,0,0
23132939,2188,46,0,0,23020355,757,48,0,0
23089144,1218,65,0,1,23042858,1161,51,0,0
23015663,733,51,0,1,23122992,1049,35,0,0
23082953,1164,27,0,4,23131842,428,51,0,0
23067004,747,34,0,1,23124223,1138,58,0,0
23107084,1834,43,0,2,23057208,1970,66,0,0
23047804,913,37,0,3,23033190,1006,59,0,0
23023406,852,79,0,3,23025417,1660,58,0,0
23109665,721,43,0,9,23052425,1443,61,0,0
23117101,1099,81,0,1,23054898,137,60,0,0
23026278,404,67,0,4,23124120,1609,48,0,0
23105097,671,125,0,1,23130535,259,83,0,0
23025929,606,59,0,1,23072288,1117,19,0,0
23004949,1262,24,0,1,23057862,2151,86,0,0
23117484,452,26,0,2,23043878,1183,38,0,0
23096994,1192,48,0,2,23087497,1612,28,0,0
23122560,1161,68,0,2,23069312,1552,50,0,0
23038967,1663,66,0,2,23022371,1146,49,0,0
23119875,2003,80,0,1,23094761,1035,46,0,0
23118586,664,60,0,3,23106034,872,71,0,0
23029773,1076,57,0,2,23076085,1257,24,0,0
23116151,545,79,0,0,23011319,821,23,0,0
23113775,1642,49,0,1,23014414,1384,29,0,0
23094078,534,29,0,8,23024560,1697,25,0,0
23030364,1387,40,0,3,23006458,1869,16,0,0
23119319,927,72,0,1,23035397,1184,48,0,0
23133715,1343,39,0,2,23040059,521,78,0,0
23032064,1970,33,0,3,23123608,2177,25,0,0
23037503,319,38,0,1,23042752,1288,69,0,0
23004989,1693,33,0,2,23088426,1458,41,0,0
23004986,1076,34,0,0,23004360,1154,27,0,0
23135828,336,59,0,8,23007269,806,33,0,0
23134925,829,23,0,1,23028913,1753,46,0,0
23045511,1118,35,0,3,23062423,1219,33,0,0
23074736,1653,38,0,0,23007739,943,19,0,0
23040148,857,43,0,0,23097399,661,40,0,0
23022706,855,40,0,2,23111484,823,45,0,0
23008721,224,32,0,2,23030680,1382,45,0,0
23065285,1496,27,0,1,23113652,631,28,0,0
23111108,1013,69,0,2,23036996,845,63,0,0
23039218,1553,44,0,5,23038052,1777,68,0,0
23036144,1015,56,0,2,23106402,969,59,0,0
23103392,1743,29,0,1,23104959,603,36,0,0
23043802,1198,74,0,1,23015270,1649,50,0,0
23075159,1034,46,0,1,23005983,1685,33,0,1
23043067,1623,38,0,0,23044176,554,90,0,0
23024131,743,29,0,3,23091205,1521,29,0,0
23069778,1680,19,0,2,23075995,678,82,0,0
23058820,1662,48,0,0,23104805,2271,19,0,0
23134355,1137,36,0,5,23134480,906,74,0,0
23072464,1691,41,0,0,23021323,1745,51,0,0
23094719,1174,27,0,1,23006008,920,17,0,0
23141360,1148,65,0,0,23107057,947,63,0,0
23029559,1901,58,0,1,23011081,1688,29,0,0
23071066,1565,89,0,1,23027461,1990,41,0,0
23025056,1731,50,0,3,23080493,1434,64,0,0
23144449,1096,36,0,1,23140365,747,23,0,0
23054816,2102,43,0,7,23040516,1060,25,0,0
23142192,2503,41,0,1,23051834,1418,20,0,0
23062685,638,44,0,1,23062521,1381,45,0,0
23110537,1299,76,0,1,23134019,2090,33,0,0
23104361,1935,42,0,0,23126926,1091,33,0,0
23022111,1477,78,0,2,23118165,1432,57,0,0
23107047,947,58,0,2,23097037,1130,81,0,0
23082084,1335,32,0,3,23048031,1859,40,0,0
23086991,673,32,0,1,23081664,1158,50,0,0
23095835,1316,77,0,0,23012866,904,31,0,0
23066326,2583,46,0,3,23103231,1078,25,0,0
23011893,274,77,0,1,23084434,245,73,0,0
23067329,914,64,0,5,23130962,883,43,0,0
23066345,1966,34,0,1,23114668,1798,33,0,0
23028429,1513,21,0,1,23092067,686,49,0,0
23145053,165,33,0,4,23055113,1627,80,0,0
23022348,200,39,0,7,23088336,515,51,0,0
23048015,1769,86,0,2,23141394,2230,96,0,0
23007576,708,154,0,0,23105183,1138,49,0,0
23130941,1233,27,0,6,23111417,1680,27,0,0
23075766,817,21,0,5,23065265,1163,16,0,0
23054166,1567,38,0,0,23027448,1720,23,0,0
23078599,1723,43,0,3,23092114,1672,21,0,0
23086741,1231,35,0,1,23038357,911,56,0,0
23114925,1995,59,0,2,23095702,925,70,0,0
23022181,558,70,0,2,23011464,656,41,0,0
23141088,1116,50,0,3,23018484,2229,38,0,0
23024424,857,54,0,2,23022787,510,28,0,0
23077810,1036,66,0,0,23136894,980,42,0,0
23017943,729,53,0,2,23032965,2011,50,0,0
23022314,1022,58,0,1,23127344,1902,40,0,0
23010617,1254,81,0,3,23048647,1187,24,0,0
23009352,1128,30,0,1,23043720,981,26,0,0
23146544,1140,83,0,7,23080874,1858,50,0,0
23082176,1126,24,0,3,23134177,1739,41,0,0
23045164,1837,48,0,0,23138788,628,17,0,0
23123258,1350,27,0,11,23063069,1508,33,0,0
23056419,1256,47,0,0,23120138,948,62,0,0
23013566,1570,27,0,1,23056893,1945,39,0,0
23016730,1024,134,0,3,23088515,1177,65,0,0
23044921,963,19,0,1,23050281,1687,79,0,0
23124438,1535,37,0,0,23103527,1523,75,0,0
23098644,791,36,0,1,23118942,677,46,0,0
23133524,874,22,0,2,23129967,1248,21,0,0
23147682,518,22,0,6,23054287,1785,30,0,0
23029605,1359,48,0,4,23082998,1270,32,0,0
23020490,1583,62,0,2,23132415,1067,76,0,0
23068269,1383,44,0,3,23052467,786,31,0,0
23014241,861,56,0,3,23054621,746,76,0,0
23048865,1629,52,0,3,23064592,2536,64,0,0
23007909,1405,88,0,9,23140968,1613,50,0,0
23007725,1627,21,0,7,23124820,1939,62,0,0
23093284,178,45,0,0,23025607,668,33,0,0
23023962,1545,52,0,4,23059914,2177,40,0,0
23046861,963,58,0,5,23028208,1150,35,0,0
23115127,1238,43,0,1,23039005,686,70,0,0
23062355,1341,31,0,1,23064752,747,42,0,0
23139293,1300,73,0,4,23140788,1823,87,0,0
23066492,409,39,0,6,23041364,1675,61,0,0
23040657,1118,91,0,3,23052654,769,26,0,0
23119929,1939,46,0,3,23081697,419,51,0,0
23055629,1190,77,0,1,23065204,1091,15,0,0
23146983,545,47,0,3,23071053,1756,46,0,0
23141871,1933,25,0,6,23106588,1949,20,0,0
23049007,2120,41,0,0,23101522,1175,36,0,0
23142483,1186,89,0,0,23119555,506,42,0,0
23146493,1078,25,0,6,23107290,862,37,0,0
23022343,1042,64,0,2,23118460,1346,23,0,0
23091081,912,24,0,3,23082564,882,62,0,0
23026581,926,29,0,7,23104753,1815,38,0,0
23025727,1000,60,0,3,23042654,1147,31,0,0
23100749,1742,22,0,1,23149562,932,23,0,0
23068617,1099,43,0,1,23125462,360,45,0,0
23148817,1831,44,0,0,23134412,2009,79,0,0
23122010,617,54,0,8,23084701,1437,54,0,0
23043579,893,38,0,0,23015598,352,82,0,0
23023626,1835,73,0,8,23035367,435,44,0,0
23068243,1525,51,0,0,23052153,765,46,0,0
23091370,1272,53,0,3,23084312,667,42,0,0
23117808,895,21,0,1,23096843,1253,40,0,0
23061421,1746,33,0,2,23012813,1905,28,0,0
23126904,1092,25,0,1,23021659,1387,41,0,0
23026542,526,52,0,8,23015534,2303,56,0,0
23015665,1505,28,0,2,23119445,115,29,0,0
23138438,1086,47,0,2,23146477,2240,54,0,0
23072491,878,30,0,2,23051225,1375,23,0,0
23091802,634,31,0,1,23107503,809,36,0,0
23075520,1316,53,0,3,23015995,428,42,0,0
23075160,623,42,0,1,23140688,212,46,0,0
23104455,1114,28,0,1,23063496,1084,37,0,0
23085095,706,62,0,2,23130151,260,39,0,0
23048816,888,72,0,0,23040511,1827,41,0,0
23121456,1448,45,0,2,23104475,1109,21,0,0
23083537,1241,59,0,0,23071772,468,58,0,0
23085675,104,31,0,3,23112747,959,32,0,0
23123791,605,33,0,1,23095485,1271,22,0,0
23141281,327,38,0,3,23069835,868,61,0,0
23091247,435,75,0,1,23122976,1458,29,0,0
23111137,1032,92,0,1,23087533,1007,55,0,0
23132566,655,29,0,1,23097278,1668,41,0,0
23117891,1102,45,0,2,23082778,610,90,0,0
23147020,2201,42,0,2,23054335,1446,47,0,0
23105126,2152,46,0,0,23075078,1894,31,0,0
23077901,1459,119,0,1,23056747,1147,71,0,0
23099128,1440,46,0,2,23018339,675,50,0,0
23060517,2325,54,0,3,23037877,1362,84,0,0
23017833,1912,37,0,2,23058063,371,52,0,0
23129242,1318,61,0,0,23091394,1225,24,0,0
23087638,1228,26,0,9,23080317,1471,37,0,0
23120969,1075,22,0,2,23051469,1895,51,0,0
23026633,629,40,0,2,23036800,676,46,0,0
23012659,1513,95,0,4,23066206,467,86,0,0
23126154,1600,32,0,2,23074221,1109,39,0,0
23102777,1160,36,0,6,23027329,528,15,0,0
23016683,861,44,0,3,23072424,374,69,0,0
23062180,461,49,0,1,23083197,714,42,0,0
23033884,1162,33,0,2,23034487,736,31,0,0
23080702,1285,72,0,0,23065205,1612,36,0,0
23064587,616,32,0,2,23043127,672,32,0,0
23034578,1004,27,0,2,23151004,1574,20,0,0
23033110,1672,60,0,8,23054853,1066,41,0,0
23030620,948,44,0,0,23124543,1182,316,0,0
23115710,1456,34,0,1,23039934,1456,42,0,0
23131560,860,22,0,2,23104988,878,48,0,0
23094902,2012,34,0,1,23017142,1495,36,0,0
23108025,1181,49,0,1,23033715,964,47,0,0
23122044,1759,38,0,1,23028027,1221,31,0,0
23027811,1674,21,0,3,23118627,1115,50,0,0
23038594,1193,31,0,4,23017093,1521,33,0,0
23134149,1446,37,0,6,23023376,1198,53,0,0
23097464,732,64,0,3,23147639,1135,51,0,0
23112816,710,46,0,0,23078956,791,34,0,0
23083024,1192,31,0,0,23014771,928,79,0,0
23060597,792,49,0,2,23048460,2161,24,0,0
23058447,1617,57,0,1,23049825,668,41,0,0
23023732,1313,30,0,4,23133956,1636,31,0,0
23107923,1155,52,0,2,23149930,2542,61,0,0
23047458,1065,35,0,6,23072246,1786,38,0,0
23107397,1061,13,0,10,23103395,273,49,0,0
23113844,1019,52,0,4,23097285,986,142,0,0
23034013,933,25,0,1,23134478,670,48,0,0
23118498,1042,71,0,10,23040055,564,18,0,0
23127533,705,29,0,0,23102406,761,41,0,0
23099509,1465,42,0,10,23129180,2291,70,0,0
23028285,1245,61,0,0,23018059,870,58,0,0
23095729,1403,22,0,3,23082349,1394,46,0,0
23056106,1114,31,0,2,23083301,1871,64,0,0
23047781,1459,36,0,2,23069789,810,37,0,0
23064956,2588,39,0,5,23139477,991,45,0,0
23141620,1649,41,0,0,23056834,190,42,0,0
23084866,833,40,0,6,23060688,796,28,0,0
23045594,488,22,0,2,23043081,1106,48,0,0
23095637,1667,57,0,1,23070255,1130,86,0,0
23113233,2163,32,0,6,23020823,951,40,0,0
23033077,2325,31,0,1,23085764,1319,56,0,0
23063601,694,29,0,0,23072394,1289,47,0,0
23089391,796,44,0,5,23021361,1159,33,0,0
23071387,1197,52,0,5,23030983,2362,25,0,0
23054929,998,13,0,0,23042642,1458,33,0,0
23083648,851,51,0,3,23040538,803,51,0,0
23145364,1234,48,0,9,23114131,1265,22,0,0
23083022,1541,76,0,1,23017710,789,33,0,0
23021620,1137,29,0,1,23074791,861,38,0,0
23041309,1097,38,0,0,23137392,1817,24,0,0
23126791,399,18,0,9,23121516,683,21,0,0
23058601,644,25,0,6,23048975,2068,40,0,0
23063912,1374,42,0,1,23106838,938,36,0,0
23090274,900,77,0,5,23126981,1313,14,0,0
23045419,1791,46,0,4,23139849,1346,41,0,0
23089942,746,30,0,3,23081722,579,37,0,0
23108691,905,50,0,0,23127980,1301,28,0,0
23141960,2400,95,0,2,23112243,1115,29,0,0
23047868,1157,22,0,3,23138844,2118,34,0,0
23100560,1820,49,0,0,23077665,1176,76,0,0
23121938,955,42,0,9,23030033,1271,44,0,0
23050987,1417,39,0,1,23061191,820,47,0,0
23150674,288,74,0,2,23053615,571,60,0,0
23032073,237,69,0,1,23118877,1502,41,0,0
23027369,974,51,0,1,23070823,2045,67,0,0
23139369,1349,34,0,2,23066323,1028,76,0,0
23127429,467,45,0,2,23086050,1077,41,0,0
23080978,1015,23,0,2,23124474,825,44,0,0
23066452,479,64,0,3,23107236,358,48,0,0
23123729,1300,29,0,3,23138659,787,46,0,0
23068447,1376,48,0,3,23124768,1532,32,0,0
23150110,1759,41,0,1,23038006,1324,95,0,0
23099986,828,59,0,3,23027068,1787,33,0,0
23054042,622,52,0,10,23103308,1247,48,0,0
23150259,1154,67,0,5,23130947,646,67,0,0
23152678,866,67,0,6,23030914,1816,66,0,0
23092851,268,28,0,1,23030391,1588,60,0,0
23098164,2157,46,0,1,23100873,1699,14,0,0
23119591,632,18,0,1,23043934,1685,62,0,0
23100422,821,44,0,7,23065526,1136,27,0,0
23090931,1058,44,0,0,23100415,935,48,0,0
23149567,614,87,0,5,23090683,1445,56,0,0
23050056,1390,40,0,6,23155447,1226,41,0,0
23049190,1056,28,0,2,23121721,520,90,0,0
23027077,1369,46,0,1,23094622,1160,63,0,0
23062383,610,50,0,1,23105975,1263,87,0,1
23061819,1189,15,0,6,23056853,603,45,0,0
23062179,1210,53,0,1,23021022,1427,36,0,0
23042607,1728,45,0,1,23063229,1054,28,0,0
23124274,525,47,0,1,23152041,460,42,0,0
23033478,1011,87,0,5,23117358,191,212,0,0
23118172,128,30,0,1,23138016,1296,70,0,0
23136850,1177,33,0,2,23091673,100,31,0,0
23157515,2298,23,0,5,23097578,1166,37,0,0
23071432,2266,80,0,2,23096013,723,150,0,0
23049343,688,89,0,7,23132644,862,159,0,0
23072349,1670,93,0,0,23087698,1131,37,0,0
23091613,831,38,0,2,23032780,611,198,0,0
23092616,806,40,0,0,23020822,1996,62,0,0
23151339,1231,19,0,1,23117668,1498,35,0,0
23153647,1626,50,0,0,23089047,1320,28,0,0
23118124,841,17,0,1,23097302,831,44,0,0
23028642,2286,53,0,0,23085036,627,60,0,0
23098775,1676,35,0,3,23119666,1150,16,0,0
23020486,2011,67,0,3,23087044,1874,45,0,0
23119671,1658,41,0,3,23064192,1597,29,0,0
23027889,292,27,0,3,23138851,2112,70,0,0
23114868,1429,38,0,4,23117595,1340,47,0,0
23058645,1455,32,0,0,23027880,1120,33,0,0
23032149,373,34,0,1,23045494,1360,45,0,0
23153335,2162,59,0,3,23134038,1245,24,0,0
23116038,1356,56,0,1,23049012,1109,57,0,0
23101521,279,48,0,3,23025322,1379,24,0,0
23135173,2226,51,0,3,23027815,676,27,0,0
23113613,1285,100,0,0,23054703,881,88,0,0
23083899,689,176,0,0,23085986,1445,21,0,0
23145323,1028,64,0,9,23145403,1896,39,0,0
23070616,864,63,0,3,23149317,2281,62,0,0
23079659,1683,50,0,1,23114571,724,97,0,0
23070347,874,52,0,4,23058624,2069,36,0,0
23079415,1181,38,0,1,23040508,430,44,0,1
23127852,854,30,0,8,23118299,681,30,0,0
23144822,1113,37,0,1,23032525,1795,36,0,0
23123630,1111,58,0,3,23121975,1169,82,0,0
23150895,880,74,0,3,23158655,707,29,0,0
23068395,652,31,0,1,23154282,866,81,0,0
23069240,1390,49,0,4,23086937,692,33,0,0
23152366,1585,61,0,9,23049571,2389,37,0,0
23158836,1160,43,0,0,23026802,962,49,0,0
23121754,1287,59,0,6,23026272,713,50,0,0
23033299,855,47,0,2,23109769,1074,66,0,0
23032974,286,75,0,1,23093759,1277,22,0,0
23021940,1994,59,0,2,23132128,945,41,0,0
23064170,841,66,0,8,23022004,970,115,0,0
23036477,601,42,0,5,23025816,954,14,0,0
23135919,950,24,0,1,23107080,2020,64,0,0
23152430,1140,78,0,0,23104279,1495,45,0,0
23122840,1052,22,0,1,23103056,1193,31,0,0
23021876,1732,59,0,3,23057570,1227,70,0,0
23030030,1927,43,0,7,23119873,779,38,0,0
23028587,1908,28,0,0,23159419,861,51,0,0
23025931,392,35,0,0,23045047,148,29,0,0
23027580,2143,24,0,1,23145186,743,82,0,0
23131777,861,83,0,2,23024503,715,135,0,0
23113500,1418,37,0,3,23128508,796,205,0,0
23046141,2621,30,0,1,23027337,726,27,0,0
23044578,1782,45,0,1,23121750,1363,44,0,0
23030320,1647,24,0,4,23072302,1068,25,0,0
23155281,895,48,0,4,23080979,894,27,0,0
23120588,1720,58,0,5,23023293,1919,33,0,0
23086020,144,23,0,6,23054880,2059,138,0,0
23095464,671,123,0,9,23125968,1798,75,0,0
23072395,1561,44,0,6,23091151,1114,33,0,0
23122962,1684,41,0,4,23102931,1710,23,0,0
23059224,529,26,0,2,23101462,2295,49,0,0
23098830,1154,81,0,2,23109589,879,82,0,0
23084085,1686,63,0,4,23141802,943,34,0,0
23121142,967,78,0,6,23087320,1780,42,0,0
23075355,686,40,0,0,23027125,1110,55,0,0
23050146,1141,79,0,3,23077884,847,163,0,0
23153496,756,110,0,1,23082411,1020,32,0,0
23026896,893,60,0,5,23140148,1151,27,0,0
23150838,468,31,0,1,23033058,1489,76,0,0
23072027,1092,24,0,1,23098770,2108,60,0,0
23162171,1570,110,0,1,23127249,1257,27,0,0
23111383,376,50,0,0,23159580,1981,33,0,0
23146594,817,29,0,0,23128200,870,56,0,0
23116299,780,24,0,4,23087324,1144,43,0,0
23127161,1723,42,0,2,23138171,1489,52,0,0
23036525,2354,38,0,1,23112233,994,26,0,0
23044234,1565,71,0,1,23051820,1778,32,0,0
23083299,124,32,0,0,23069239,772,46,0,0
23161383,405,46,0,1,23155780,674,59,0,0
23136470,1570,53,0,1,23050265,714,52,0,0
23115489,845,67,0,3,23083117,735,42,0,0
23062954,833,41,0,0,23072076,1190,47,0,0
23110193,2077,29,0,1,23151834,1201,55,0,0
23025114,863,19,0,1,23163903,1386,31,0,0
23051826,170,90,0,5,23128353,1658,74,0,0
23071047,2509,43,0,2,23088097,695,66,0,0
23096608,1945,48,0,5,23149478,1071,35,0,0
23043325,1712,40,0,8,23126762,1142,40,0,0
23049827,1989,26,0,0,23053441,898,21,0,0
23098845,577,65,0,1,23056965,827,41,0,0
23128929,625,40,0,6,23044387,1062,56,0,0
23026471,1692,25,0,0,23135932,1663,53,0,0
23130829,640,47,0,2,23059489,1488,38,0,0
23161459,411,57,0,1,23046943,563,232,0,0
23141862,1876,43,0,0,23051645,1114,71,0,0
23152437,1555,28,0,3,23143193,884,47,0,0
23032556,823,60,0,0,23085268,552,33,0,0
23156679,1420,42,0,5,23078418,919,102,0,0
23028485,1151,73,0,1,23055446,633,35,0,0
23044310,183,47,0,1,23161135,1003,54,0,0
23146934,917,26,0,1,23056621,1577,44,0,0
23155619,1575,17,0,0,23103043,433,91,0,0
23146885,734,28,0,1,23071077,1035,20,0,0
23144109,513,46,0,1,23147122,1168,52,0,0
23137010,2180,57,0,0,23064891,1156,42,0,0
23059642,1237,23,0,3,23061847,564,28,0,0
23123937,1122,33,0,8,23074258,1938,30,0,0
23081398,580,64,0,2,23038842,1445,42,0,0
23120857,1798,36,0,2,23134991,460,69,0,0
23051786,650,31,0,0,23049881,1668,34,0,0
23117921,280,46,0,1,23031082,1716,37,0,0
23158195,1338,61,0,1,23030339,2048,33,0,0
23047733,2244,54,0,6,23102074,2301,60,0,0
23111269,1202,56,0,5,23150191,1846,71,0,0
23136430,1244,49,0,7,23054271,628,53,0,0
23106348,1581,51,0,0,23143720,2138,67,0,0
23067057,794,93,0,0,23144152,1500,40,0,0
23094955,1728,33,0,2,23055050,818,84,0,0
23152500,1980,57,0,2,23086349,731,50,0,0
23099549,508,36,0,1,23138144,992,76,0,0
23128013,1783,33,0,0,23049811,1105,34,0,0
23104841,1929,150,0,7,23133883,621,18,0,0
23093645,1020,86,0,2,23061371,2169,71,0,0
23075723,1248,42,0,1,23045327,1280,26,0,0
23113133,703,93,0,0,23029990,1307,91,0,0
23124065,542,63,0,0,23062863,1154,52,0,0
23122657,1381,28,0,0,23079931,2082,54,0,0
23138762,893,82,0,4,23074638,1144,16,0,0
23132963,2106,37,0,3,23114966,1649,35,0,0
23078571,1110,27,0,1,23125486,1225,57,0,0
23165919,1515,23,0,0,23168547,1694,27,0,0
23059658,1965,41,0,2,23114043,1040,24,0,0
23124599,1499,26,0,6,23161963,683,38,0,0
23062490,1321,58,0,1,23068737,1616,39,0,0
23137330,256,82,0,7,23115611,2247,31,0,0
23158349,688,71,0,2,23118288,1058,26,0,0
23146501,433,32,0,0,23132903,2136,50,0,0
23077524,989,43,0,2,23086924,754,23,0,0
23034730,912,26,0,0,23141686,1724,25,0,0
23028644,2486,49,0,0,23029299,1826,30,0,0
23115238,1163,54,0,3,23073704,1165,83,0,0
23042422,960,35,0,1,23029394,2287,32,0,0
23057380,1294,46,0,1,23095134,2188,37,0,0
23133239,1134,104,0,0,23052402,958,142,0,0
23049098,1639,47,0,6,23167260,300,21,0,0
23090342,1102,88,0,0,23032517,798,90,0,0
23099478,1974,77,0,0,23109724,408,57,0,0
23159534,654,16,0,0,23105088,1443,21,0,0
23056786,519,39,0,2,23042889,628,22,0,0
23116277,882,50,0,2,23155602,985,35,0,0
23142357,2584,23,0,1,23039092,1614,89,0,0
23099381,878,33,0,1,23102596,966,89,0,0
23052583,2132,37,0,5,23044348,2076,43,0,0
23081324,1266,28,0,1,23136519,1649,64,0,0
23071146,1350,53,0,0,23088896,1360,42,0,0
23094959,1308,38,0,1,23161360,1123,60,0,0
23131408,129,27,0,0,23132432,569,24,0,0
23084349,110,57,0,5,23100639,1385,55,0,0
23107965,603,33,0,1,23093450,564,14,0,0
23130651,1106,61,0,0,23049036,1952,64,0,0
23031558,1105,93,0,1,23080095,1244,44,0,0
23157804,678,82,0,1,23142942,503,42,0,0
23054767,755,44,0,2,23051369,1610,19,0,0
23134268,1547,35,0,0,23074160,1181,82,0,0
23168035,2484,37,0,4,23062053,1526,28,0,0
23149760,1008,26,0,3,23096554,859,69,0,0
23073727,1246,28,0,1,23054112,1565,36,0,0
23028786,860,49,0,0,23041665,1942,43,0,0
23134668,1851,18,0,6,23039474,587,45,0,0
23170562,1102,31,0,1,23043402,1577,25,0,0
23088349,1182,85,0,1,23056709,1686,38,0,0
23100207,1303,20,0,3,23168736,100,88,0,0
23158711,387,54,0,1,23159791,1504,32,0,0
23032394,723,101,0,0,23070207,1494,58,0,0
23048334,2082,49,0,5,23168634,960,24,0,0
23123009,1034,20,0,4,23044554,2279,36,0,0
23152605,1525,47,0,1,23052653,1622,41,0,0
23048769,1994,30,0,1,23036612,1145,67,0,0
23080158,1064,59,0,0,23155706,652,99,0,0
23126274,2152,58,0,6,23124295,977,76,0,0
23110964,1012,47,0,0,23029169,770,60,0,0
23115140,990,31,0,2,23131669,957,57,0,0
23118400,1856,47,0,3,23091201,1243,51,0,0
23036216,1082,41,0,3,23118859,840,45,0,0
23043902,2157,46,0,1,23070278,725,86,0,0
23109854,1629,31,0,3,23123872,1105,28,0,0
23043838,1230,36,0,0,23105906,326,89,0,0
23100604,642,25,0,2,23131570,961,39,0,0
23126302,1155,104,0,1,23151205,1133,63,0,0
23056957,850,43,0,3,23170484,780,44,0,0
23125495,874,75,0,1,23056005,948,44,0,0
23106199,1094,39,0,2,23075462,816,72,0,0
23130334,1635,22,0,1,23032267,726,54,0,0
23109322,1402,85,0,3,23061138,1467,46,0,0
23103390,484,41,0,0,23117520,422,22,0,0
23054711,959,42,0,0,23170031,2546,69,0,0
23047878,1811,30,0,3,23095716,1879,21,0,0
23081235,905,63,0,2,23132008,1678,37,0,0
23059263,864,53,0,2,23119444,1103,40,0,0
23169587,2184,21,0,1,23030341,1755,65,0,0
23114491,2576,28,0,1,23165100,1533,57,0,0
23109732,1944,57,0,4,23143827,1227,66,0,0
23164269,1286,25,0,5,23114596,639,43,0,0
23128329,1855,63,0,1,23095664,2325,18,0,0
23096868,706,26,0,8,23123186,251,47,0,0
23110090,1066,141,0,2,23148831,1769,50,0,0
23050196,415,149,0,4,23159642,392,49,0,0
23084934,1733,55,0,4,23041839,1471,38,0,0
23126765,1490,23,0,15,23031154,174,35,0,0
23084109,1503,41,0,7,23068594,1708,21,0,0
23136155,523,55,0,5,23077755,1215,232,0,0
23149401,705,25,0,1,23133619,718,12,0,0
23118254,932,43,0,1,23128810,619,130,0,0
23077887,771,49,0,6,23152171,1732,29,0,0
23086989,2520,38,0,1,23124331,760,70,0,0
23032918,1218,44,0,8,23125640,1597,15,0,0
23067807,1271,46,0,0,23092378,871,107,0,0
23149039,255,45,0,2,23087221,321,53,0,0
23122385,1025,41,0,6,23085162,444,71,0,0
23143012,1480,35,0,2,23122771,1764,64,0,0
23137232,893,49,0,5,23048751,1605,67,0,0
23035995,743,56,0,4,23137782,1361,83,0,0
23055150,807,33,0,2,23166471,1673,56,0,0
23093216,1579,45,0,3,23129325,525,50,0,0
23056390,682,54,0,2,23039079,817,22,0,0
23174233,1679,57,0,0,23051986,1270,22,0,0
23096561,1287,38,0,3,23049050,1680,39,0,0
23053997,985,40,0,0,23085770,914,65,0,0
23079927,1620,42,0,3,23050165,1177,34,0,0
23137748,1026,18,0,1,23141061,1429,39,0,0
23052775,608,40,0,1,23166229,414,29,0,0
23038001,840,26,0,0,23086756,723,223,0,0
23137038,935,46,0,7,23158555,796,61,0,0
23091792,1446,31,0,4,23066131,1159,40,0,0
23122843,1204,39,0,0,23143787,1865,49,0,0
23169554,165,27,0,4,23095873,1135,40,0,0
23098270,2094,26,0,1,23095646,1159,29,0,0
23043583,539,31,0,3,23059730,697,63,0,0
23059475,2201,46,0,1,23094482,754,47,0,0
23051529,1659,21,0,4,23175789,1735,24,0,0
23071839,2090,51,0,2,23088454,977,49,0,0
23054435,711,28,0,1,23101400,569,46,0,0
23106154,770,44,0,1,23114348,2352,47,0,0
23143404,2562,78,0,1,23101029,877,32,0,0
23094789,1649,28,0,6,23107222,1422,58,0,0
23127038,1176,48,0,2,23063292,646,55,0,0
23122953,787,28,0,2,23050214,618,44,0,0
23120049,1594,19,0,1,23116249,814,72,0,0
23145558,443,47,0,0,23055366,1308,29,0,0
23054799,1195,44,0,1,23169250,1337,51,0,0
23095354,1033,116,0,3,23037273,1120,78,0,0
23097937,599,54,0,6,23152967,314,43,0,0
23036032,1665,64,0,0,23152560,863,101,0,0
23041771,1484,39,0,0,23170949,1416,41,0,0
23127810,630,53,0,0,23139159,566,72,0,0
23125027,1441,38,0,4,23070137,1352,28,0,0
23124678,673,65,0,0,23118783,715,68,0,0
23121814,1702,47,0,6,23132011,1815,54,0,0
23153581,1052,49,0,3,23167557,556,86,0,0
23072359,2023,66,0,0,23093199,778,29,0,0
23035371,722,132,0,0,23097818,889,55,0,0
23152823,326,61,0,3,23132428,1256,72,0,0
23083332,2193,32,0,4,23040531,1135,55,0,0
23170568,1668,67,0,4,23038102,688,35,0,0
23130215,1561,40,0,1,23058204,2242,59,0,0
23057941,1252,18,0,14,23071592,1949,29,0,1
23156737,2199,21,0,3,23125014,1755,43,0,0
23155539,839,50,0,1,23054550,510,31,0,0
23040371,1013,27,0,3,23038186,231,54,0,0
23137252,1372,65,0,1,23094279,1976,45,0,0
23055557,943,46,0,0,23130413,817,100,0,0
23058228,1181,54,0,7,23046902,183,47,0,0
23137703,163,22,0,0,23049983,1073,35,0,0
23072281,633,78,0,1,23161418,317,55,0,0
23160952,1421,21,0,0,23074934,1380,112,0,0
23146213,119,84,0,2,23035229,1646,56,0,0
23048451,1586,15,0,3,23093124,635,39,0,0
23123893,167,70,0,1,23062806,768,91,0,0
23099531,1699,80,0,0,23129376,1768,47,0,0
23098635,853,26,0,2,23143813,209,47,0,0
23086285,550,79,0,2,23102349,1903,35,0,0
23058818,898,22,0,2,23053402,1044,33,0,0
23046748,1870,102,0,2,23095541,1405,49,0,0
23151961,853,91,0,7,23114274,1722,56,0,0
23155618,2201,64,0,2,23117075,1215,70,0,0
23167829,1143,35,0,4,23081101,784,41,0,0
23158043,688,28,0,2,23063812,740,63,0,0
23094880,969,49,0,4,23085347,1033,43,0,0
23092612,302,28,0,3,23169858,2433,65,0,0
23100790,708,30,0,5,23150279,2092,96,0,0
23081938,1407,56,0,1,23047290,1998,87,0,0
23114010,1323,26,0,0,23048456,1655,26,0,0
23039042,938,44,0,1,23162082,939,78,0,0
23060805,1375,23,0,1,23163986,837,34,0,0
23073293,1162,56,0,3,23112833,1796,43,0,0
23049679,1971,43,0,3,23049699,1704,57,0,0
23167039,2125,30,0,2,23109520,1055,40,0,0
23048308,675,71,0,1,23126094,517,29,0,0
23175089,723,16,0,0,23088015,245,40,0,0
23132091,519,30,0,3,23162737,469,84,0,0
23154648,2052,68,0,1,23061059,1088,39,0,0
23151968,1219,65,0,0,23063471,509,42,0,0
23045212,1007,74,0,3,23085805,381,69,0,0
23039333,438,45,0,3,23037941,2382,35,0,0
23145218,454,34,0,3,23058674,1410,47,0,0
23116442,1457,67,0,0,23165661,654,40,0,0
23053474,932,40,0,1,23095267,2180,59,0,0
23114401,537,29,0,0,23175684,2194,26,0,0
23176405,933,33,0,0,23163683,1104,47,0,0
23112467,744,24,0,1,23104742,962,33,0,0
23048302,928,32,0,0,23169162,305,55,0,0
23084131,1147,27,0,3,23155760,1302,25,0,0
23039742,662,39,0,2,23174508,639,33,0,0
23073365,1051,60,0,1,23055547,1430,46,0,0
23136331,1139,54,0,1,23153621,1055,17,0,0
23043712,1433,30,0,3,23163730,1270,42,0,0
23132722,2071,57,0,1,23107205,1100,24,0,0
23134741,858,61,0,2,23061896,1248,61,0,0
23158154,1733,44,0,1,23163797,1491,28,0,0
23179645,807,58,0,3,23084437,643,45,0,0
23037866,1541,46,0,2,23164499,314,40,0,0
23052057,580,25,0,0,23062680,1694,63,0,0
23043811,1345,55,0,0,23140519,1239,48,0,0
23094659,1356,28,0,2,23148897,652,38,0,0
23063268,672,43,0,3,23132960,908,17,0,0
23176393,192,37,0,0,23165842,1232,110,0,0
23126280,1303,35,0,2,23171205,1977,173,0,0
23147192,784,47,0,0,23139235,707,23,0,0
23047540,912,30,0,1,23054570,552,88,0,0
23146236,671,53,0,2,23158165,690,110,0,0
23097238,1218,43,0,2,23068886,193,65,0,0
23083725,1316,38,0,1,23134425,1859,29,0,0
23045324,634,62,0,8,23116657,864,85,0,0
23119760,758,95,0,1,23154072,1774,47,0,0
23147309,2198,24,0,6,23112053,1481,26,0,0
23055615,1474,42,0,1,23093417,1445,36,0,0
23049463,412,25,0,3,23042507,1657,50,0,0
23104202,2021,27,0,3,23119443,439,21,0,0
23176570,1421,21,0,2,23140166,1285,37,0,0
23059957,762,53,0,2,23096085,1772,58,0,0
23047844,1304,21,0,7,23164057,606,21,0,0
23160710,614,17,0,11,23178232,775,49,0,0
23130163,788,35,0,9,23136707,1338,39,0,0
23151874,1780,36,0,2,23048562,698,36,0,0
23173666,1593,69,0,4,23153079,1941,23,0,0
23054873,1664,31,0,0,23180127,1870,67,0,0
23092190,629,82,0,0,23094174,1828,35,0,0
23110752,1818,27,0,3,23061949,1100,28,0,0
23074411,828,24,0,3,23071531,1842,45,0,1
23177672,1967,43,0,4,23059027,2110,35,0,0
23083660,862,64,0,0,23067214,787,146,0,0
23093524,802,33,0,1,23175852,1398,158,0,0
23153324,1770,15,0,0,23138885,1167,25,0,0
23099161,1841,32,0,1,23173493,218,29,0,0
23069610,375,53,0,0,23044013,1175,54,0,0
23092428,1127,40,0,1,23133973,944,29,0,0
23143004,966,36,0,3,23144200,1643,77,0,0
23104837,1290,41,0,1,23180449,1269,74,0,0
23103293,1268,13,0,0,23114133,779,72,0,0
23097812,418,21,0,2,23116894,530,55,0,0
23051818,911,45,0,3,23130938,631,22,0,0
23159806,1096,60,0,1,23092571,863,33,0,0
23052444,729,28,0,2,23154081,1583,32,0,0
23176640,1155,61,0,2,23081395,2459,60,0,0
23176560,953,31,0,0,23156815,931,69,0,0
23107187,1492,43,0,2,23169702,1114,59,0,0
23165393,911,73,0,1,23150015,453,49,0,0
23076517,1753,33,0,2,23050035,1150,64,0,0
23182199,1879,57,0,2,23175580,1823,31,0,0
23149201,2168,57,0,1,23179948,845,28,0,0
23183014,1174,78,0,5,23163286,795,54,0,0
23089247,165,51,0,2,23139203,1962,88,0,0
23151338,1160,76,0,0,23153099,1732,60,0,0
23152446,937,18,0,0,23066253,779,47,0,0
23152516,806,80,0,2,23145840,937,64,0,0
23175527,1529,45,0,5,23138717,1860,35,0,0
23114134,968,39,0,2,23046776,1134,32,0,0
23042676,1001,39,0,2,23120493,1808,33,0,0
23161530,840,33,0,1,23089160,881,129,0,0
23127883,259,90,0,2,23126825,1964,39,0,0
23111243,347,65,0,0,23117248,1116,25,0,0
23088913,455,69,0,0,23130477,1368,23,0,0
23151291,892,64,0,2,23061494,1496,49,0,0
23093738,1313,36,0,0,23094763,1187,32,0,0
23174561,677,65,0,1,23177572,892,83,0,0
23145660,1175,59,0,2,23159285,1391,41,0,0
23181281,1633,39,0,6,23157771,578,50,0,0
23055635,917,50,0,1,23053762,517,27,0,0
23123790,1742,36,0,0,23094799,735,94,0,0
23155337,830,36,0,3,23158263,1677,60,0,0
23118846,1446,41,0,0,23061170,167,32,0,0
23134424,1413,32,0,1,23098072,785,69,0,0
23133066,1134,40,0,5,23168519,815,65,0,0
23122818,1253,58,0,0,23058256,1398,27,0,0
23176189,1675,44,0,0,23113091,662,19,0,0
23143871,819,39,0,3,23128004,1118,32,0,0
23143884,1387,26,0,3,23177951,655,83,0,0
23090890,715,34,0,0,23145676,911,27,0,0
23077734,1712,53,0,3,23061332,1788,67,0,0
23168720,1207,22,0,3,23119596,266,21,0,0
23115422,1649,25,0,0,23065596,1264,122,0,0
23144024,1131,93,0,1,23135166,731,50,0,0
23098725,638,72,0,2,23058614,661,52,0,0
23172633,1166,29,0,5,23105256,345,70,0,0
23150121,132,80,0,2,23058251,1463,48,0,0
23100315,1476,44,0,3,23104307,1113,33,0,0
23118914,665,43,0,1,23103762,1298,70,0,0
23061834,1424,28,0,3,23159416,751,47,0,0
23110948,744,30,0,0,23116259,1671,78,0,0
23091012,1175,30,0,1,23121810,837,17,0,0
23092347,1195,65,0,3,23069441,2443,46,0,0
23153286,1241,39,0,4,23082890,391,25,0,0
23186195,473,78,0,3,23131588,1473,25,0,0
23128157,1754,46,0,2,23135905,832,117,0,0
23162632,1297,56,0,0,23060348,990,37,0,0
23073132,1257,30,0,4,23076583,986,30,0,0
23106373,548,77,0,0,23119762,1371,53,0,0
23045718,1068,66,0,3,23176305,1616,36,0,0
23158208,791,61,0,4,23171612,486,60,0,0
23047702,920,26,0,3,23098274,1526,35,0,0
23078055,1276,51,0,0,23125165,476,49,0,0
23051482,690,55,0,2,23185539,1117,29,0,0
23098795,948,44,0,4,23068666,1456,41,0,0
23120021,2444,61,0,2,23051991,1161,36,0,0
23173517,662,56,0,4,23087181,765,76,0,0
23080462,1739,23,0,3,23108299,1246,45,0,0
23054304,1475,47,0,0,23118424,2128,32,0,0
23136222,1290,62,0,3,23164362,831,37,0,0
23094159,1834,32,0,0,23123332,712,37,0,0
23180314,1529,29,0,3,23075911,1033,49,0,0
23159514,1550,71,0,0,23123700,1400,75,0,0
23071391,796,30,0,2,23070607,773,38,0,0
23143031,510,16,0,1,23045969,964,34,0,0
23176929,1467,62,0,2,23082163,1580,42,0,0
23095440,2437,61,0,2,23080934,864,31,0,0
23147698,389,70,0,3,23178567,422,42,0,0
23075421,876,20,0,3,23116852,1113,101,0,0
23065071,1347,80,0,1,23157607,482,31,0,0
23079457,670,60,0,3,23118065,1671,53,0,0
23108540,1189,51,0,3,23110611,774,55,0,0
23128435,856,45,0,0,23110589,166,70,0,0
23122613,907,92,0,1,23091496,1394,36,0,0
23121265,1333,34,0,0,23163015,1140,45,0,0
23052737,1313,44,0,0,23117661,1588,42,0,0
23073142,2417,42,0,2,23138950,784,89,0,0
23053795,864,71,0,2,23075869,1346,73,0,0
23071874,1210,103,0,2,23081575,898,52,0,0
23049277,1210,86,0,0,23098632,655,53,0,0
23098414,2195,48,0,9,23113403,1314,85,0,0
23120861,1616,81,0,0,23124167,1157,47,0,0
23143622,735,29,0,5,23117432,1372,30,0,0
23090644,1675,48,0,1,23146454,609,30,0,0
23128527,997,38,0,4,23135462,1047,68,0,0
23145335,977,97,0,6,23062410,1457,24,0,0
23143364,1549,41,0,0,23096762,630,40,0,0
23070582,1638,62,0,0,23048841,2111,23,0,0
23059424,1654,29,0,1,23069607,1500,70,0,0
23107707,1225,63,0,3,23083956,1008,34,0,0
23143723,1127,51,0,0,23181238,1253,38,0,0
23163035,715,36,0,1,23155554,1482,60,0,0
23105765,925,29,0,1,23146507,154,59,0,0
23169379,1205,45,0,2,23107050,165,21,0,0
23077642,848,45,0,2,23175972,938,72,0,0
23092291,1174,66,0,3,23180948,1480,74,0,0
23084237,1147,30,0,1,23067260,454,57,0,0
23053090,543,74,0,1,23057181,702,103,0,0
23181782,1140,56,0,3,23146200,1103,50,0,0
23050738,1891,22,0,1,23107896,1118,58,0,0
23083314,1091,15,0,1,23080082,1823,40,0,0
23113997,941,54,0,1,23143461,586,26,0,0
23058942,1574,31,0,3,23147755,290,48,0,0
23188309,1392,41,0,0,23057038,2164,117,0,0
23065917,1186,17,0,5,23100581,967,45,0,0
23114423,1782,34,0,3,23067977,1427,21,0,0
23105796,981,26,0,3,23082460,1832,31,0,0
23050745,1703,23,0,4,23070081,830,19,0,0
23110795,982,67,0,2,23143748,1482,37,0,0
23141911,1155,94,0,1,23118871,1284,55,0,0
23174210,1216,69,0,1,23073802,1300,69,0,0
23095876,929,35,0,2,23165023,1325,44,0,0
23097076,895,78,0,2,23091256,1766,93,0,0
23087705,607,26,0,8,23070036,1522,51,0,0
23172913,828,38,0,2,23098017,1726,46,0,0
23105221,554,31,0,2,23186186,580,51,0,0
23064798,2191,42,0,4,23142723,1578,24,0,0
23166024,1066,54,0,2,23161401,1639,54,0,0
23173903,1407,32,0,1,23113162,1978,23,0,0
23096067,2431,34,0,1,23111302,305,44,0,0
23103573,627,45,0,16,23166602,2081,60,0,0
23177897,1474,90,0,7,23188648,1298,61,0,0
23157860,699,32,0,1,23147208,1460,40,0,0
23060218,1161,37,0,0,23110987,225,63,0,0
23079720,257,16,0,1,23085293,2459,49,0,0
23137441,1671,42,0,1,23146674,487,63,0,0
23176416,379,33,0,1,23170423,1101,45,0,0
23051971,911,18,0,1,23079785,960,48,0,0
23185012,1431,43,0,0,23088940,1646,66,0,0
23157202,1064,87,0,7,23111220,1709,23,0,0
23151020,1114,57,0,1,23176988,1659,29,0,0
23082902,720,106,0,1,23050465,1277,65,0,0
23109088,551,32,0,2,23089186,1123,24,0,0
23127409,1500,59,0,0,23107555,2422,50,0,0
23193160,1463,59,0,4,23121196,2007,59,0,0
23150643,1093,61,0,1,23049529,1003,32,0,0
23154979,754,37,0,2,23098377,850,41,0,0
23172433,1161,60,0,0,23191646,759,36,0,0
23078320,2206,56,0,1,23118485,1213,68,0,0
23104280,680,77,0,0,23190511,844,45,0,0
23065106,999,76,0,1,23120728,2222,45,0,0
23140485,436,25,0,3,23108960,825,72,0,0
23186014,1567,51,0,3,23147097,747,71,0,0
23090046,426,49,0,1,23184649,1342,104,0,1
23172772,1436,47,0,1,23173838,1863,23,0,0
23156870,1678,45,0,4,23108784,1040,34,0,0
23079569,1199,22,0,1,23119688,1384,26,0,0
23146486,1265,32,0,2,23118227,952,65,0,0
23103686,1800,50,0,2,23167532,346,26,0,0
23094813,890,48,0,1,23104225,654,83,0,0
23166515,689,39,0,7,23131042,152,91,0,0
23096045,1816,34,0,3,23079289,1557,25,0,0
23177684,1060,51,0,0,23159805,332,36,0,0
23062622,951,121,0,1,23094800,937,32,0,0
23082898,715,46,0,2,23143607,660,46,0,0
23121675,1310,67,0,9,23104798,485,70,0,0
23189068,1579,53,0,4,23188815,944,69,0,0
23124081,260,52,0,0,23116011,652,32,0,0
23054906,1194,23,0,2,23111153,1600,52,0,0
23183920,1889,108,0,4,23136978,1410,38,0,0
23134130,1982,22,0,2,23149303,729,79,0,0
23105831,2594,52,0,3,23073927,1364,21,0,0
23055763,1009,41,0,6,23132300,1631,46,0,0
23084243,1796,73,0,8,23089650,2011,36,0,0
23157586,1753,53,0,2,23081618,566,25,0,0
23084800,1307,28,0,4,23115864,1776,90,0,0
23152732,840,42,0,3,23106181,324,98,0,0
23129319,1372,31,0,0,23188304,1534,39,0,0
23055289,2463,26,0,0,23187143,529,78,0,0
23186682,1752,33,0,1,23052282,1533,38,0,0
23062898,1022,17,0,1,23097334,1188,35,0,0
23121454,1332,14,0,3,23154956,1932,38,0,0
23106798,1659,98,0,1,23136863,1382,37,0,0
23124181,1061,37,0,3,23157006,2141,36,0,0
23183556,395,46,0,0,23132961,311,32,0,0
23149818,430,48,0,0,23055062,844,58,0,0
23069906,679,51,0,0,23065535,2215,34,0,0
23179953,1196,29,0,11,23192934,1181,31,0,0
23185098,1010,39,0,1,23176166,828,92,0,0
23069481,1805,50,0,0,23178737,493,80,0,0
23149114,1184,72,0,1,23112021,1002,44,0,0
23153303,1255,69,0,1,23084519,1174,87,0,0
23180413,408,39,0,5,23149980,673,49,0,0
23059304,1777,22,0,1,23140369,2536,44,0,0
23072160,1613,69,0,1,23082937,882,28,0,0
23126105,513,36,0,0,23113772,1226,17,0,0
23137454,825,54,0,6,23172943,1224,42,0,0
23131518,864,52,0,3,23093888,604,52,0,0
23174692,150,135,0,4,23196896,1204,27,0,0
23192512,611,59,0,2,23094523,1705,57,0,0
23177445,221,52,0,4,23131957,750,19,0,0
23196619,759,64,0,1,23109688,1661,38,0,0
23104845,1837,31,0,1,23176857,1292,53,0,0
23143059,1582,60,0,4,23085227,977,62,0,0
23128826,1736,53,0,0,23131252,520,73,0,0
23194584,1617,40,0,4,23157740,1150,40,0,0
23191891,716,47,0,1,23071783,1185,23,0,0
23188833,1178,59,0,0,23091465,1222,108,0,0
23066923,491,39,0,2,23115629,730,25,0,0
23169617,1112,67,0,2,23087842,1638,45,0,0
23106589,1959,23,0,4,23160233,819,59,0,0
23093324,916,46,0,7,23192042,471,21,0,0
23100746,299,50,0,12,23135028,1515,16,0,0
23149463,1708,55,0,1,23189335,1562,38,0,1
23177325,1601,29,0,1,23087079,1085,62,0,0
23175439,1247,38,0,2,23193804,1118,75,0,0
23150344,1430,48,0,4,23084760,1199,82,0,0
23183268,868,115,0,0,23172373,355,23,0,0
23155462,1636,70,0,1,23127014,1018,73,0,0
23061411,650,57,0,8,23058602,1743,61,0,0
23143708,876,15,0,4,23076205,1403,50,0,0
23138697,644,51,0,1,23138178,1010,33,0,0
23168054,1716,41,0,2,23094809,987,54,0,0
23157261,2471,26,0,1,23108570,630,61,0,0
23185472,435,38,0,1,23157133,1348,66,0,0
23193503,505,50,0,3,23058787,2167,14,0,0
23132246,1892,54,0,4,23092988,1249,18,0,0
23134982,1111,25,0,4,23180125,2293,32,0,0
23127619,1345,26,0,1,23112440,1482,24,0,0
23173941,980,47,0,6,23161430,863,57,0,0
23059632,1151,43,0,0,23090262,203,25,0,0
23142677,2210,47,0,1,23061544,992,47,0,0
23164892,948,49,0,1,23080280,862,142,0,0
23080696,999,52,0,2,23071415,1446,47,0,0
23179114,1385,33,0,7,23120343,1575,27,0,0
23137564,121,97,0,1,23181634,512,51,0,0
23093898,1134,53,0,4,23093305,1353,28,0,0
23097518,397,34,0,3,23183715,768,19,0,0
23107582,1246,63,0,0,23072250,1527,63,0,0
23087458,1121,103,0,0,23122845,1195,40,0,0
23118316,622,39,0,2,23131020,847,29,0,0
23077544,1190,37,0,1,23144524,1603,33,0,0
23116702,1810,75,0,0,23120373,1018,62,0,0
23096392,1159,25,0,4,23107058,2258,27,0,0
23110129,1396,20,0,3,23134365,1104,47,0,0
23171981,319,44,0,0,23126686,1472,61,0,0
23136191,901,98,0,3,23099237,1597,103,0,0
23066931,2250,56,0,0,23129133,1256,126,0,0
23185805,1385,65,0,0,23129978,819,34,0,0
23181916,325,80,0,4,23152803,1837,70,0,0
23143735,2127,62,0,3,23076099,1671,27,0,0
23162195,838,24,0,1,23074752,926,49,0,0
23098450,631,43,0,3,23182010,906,36,0,0
23110907,994,67,0,0,23087793,864,31,0,0
23195678,1301,47,0,7,23165809,2390,57,0,0
23116854,1774,30,0,4,23077941,642,44,0,0
23089531,824,28,0,2,23087541,424,78,0,0
23173304,2084,64,0,1,23066352,997,30,0,0
23063391,1637,56,0,1,23160865,825,25,0,0
23112837,1637,58,0,1,23083851,1017,33,0,0
23169427,1244,29,0,8,23085668,1272,32,0,0
23116699,1682,62,0,0,23161179,434,51,0,0
23112859,417,27,0,3,23176284,917,54,0,0
23099616,1923,62,0,0,23185223,881,37,0,0
23093601,1600,71,0,0,23067008,1109,28,0,0
23074398,1114,42,0,3,23176571,422,64,0,0
23121065,868,64,0,0,23123300,575,49,0,0
23101860,1772,82,0,2,23190009,852,87,0,0
23063623,1781,62,0,4,23152126,724,77,0,0
23056174,609,42,0,3,23080214,1057,21,0,0
23186148,1424,24,0,3,23102639,638,137,0,0
23060821,1096,64,0,3,23159327,735,33,0,0
23120609,963,66,0,1,23200570,474,39,0,0
23135989,2024,29,0,4,23083304,1735,38,0,0
23138781,603,50,0,3,23176872,1396,41,0,0
23131586,815,28,0,8,23123859,1278,26,0,0
23136141,881,49,0,1,23165900,1151,56,0,0
23132404,1564,67,0,2,23154643,909,35,0,0
23108347,410,77,0,4,23096886,683,59,0,0
23080661,1086,45,0,0,23131583,1299,49,0,0
23103627,1511,19,0,2,23201937,946,60,0,0
23200993,1774,24,0,0,23145885,1904,45,0,0
23145006,895,66,0,0,23095699,745,42,0,0
23200250,1549,37,0,3,23100812,211,63,0,0
23201780,957,26,0,2,23145406,901,36,0,0
23140131,613,38,0,3,23115324,609,58,0,0
23106405,2020,56,0,1,23063192,465,62,0,0
23200235,913,63,0,0,23107469,1650,71,0,0
23067375,1157,96,0,2,23063659,946,56,0,0
23149145,942,41,0,1,23122544,1283,69,0,0
23199011,1923,21,0,0,23173462,1131,35,0,0
23102923,1282,57,0,1,23104662,1406,26,0,0
23172025,504,47,0,2,23097568,927,53,0,0
23196577,1364,54,0,2,23142274,908,78,0,0
23091462,1215,26,0,2,23202127,1777,43,0,0
23087286,919,48,0,2,23069462,839,56,0,0
23083478,1224,48,0,5,23106258,1534,42,0,0
23160930,974,22,0,0,23119341,731,73,0,0
23181511,1556,22,0,1,23085513,1554,35,0,0
23095377,841,60,0,1,23122755,657,70,0,0
23164986,1009,33,0,3,23142132,1523,52,0,0
23123558,967,106,0,1,23151406,1114,28,0,0
23187353,1526,86,0,1,23097783,1647,26,0,0
23122039,982,48,0,2,23127800,1978,21,0,0
23143615,1211,33,0,2,23193771,1381,47,0,0
23063859,360,42,0,0,23128342,1737,27,0,0
23086998,1032,37,0,0,23067358,1677,34,0,0
23076067,992,44,0,1,23169963,283,89,0,0
23130021,1799,36,0,8,23166230,115,183,0,0
23132156,929,20,0,0,23190285,1888,33,0,0
23130598,829,71,0,2,23131563,1129,21,0,0
23163011,1335,48,0,3,23102328,575,47,0,0
23127291,1151,70,0,4,23129177,501,98,0,0
23185158,1852,47,0,3,23201869,1045,46,0,0
23156199,1616,63,0,0,23065859,995,87,0,0
23137654,867,46,0,2,23095162,901,36,0,0
23145109,824,19,0,2,23138955,1056,58,0,0
23109648,1196,45,0,2,23109655,1609,44,0,0
23083545,1331,80,0,0,23148431,206,87,0,0
23183793,109,38,0,2,23134144,1525,20,0,0
23202001,1086,53,0,1,23115619,1094,40,0,0
23154409,1492,25,0,2,23191222,605,57,0,0
23096617,1163,42,0,0,23069291,1079,45,0,0
23102098,1849,42,0,8,23198225,324,161,0,0
23067236,1416,59,0,1,23177401,484,67,0,0
23162370,1489,21,0,3,23162540,924,66,0,0
23128420,1951,62,0,3,23083885,1324,29,0,0
23138124,2200,42,0,3,23151653,639,179,0,0
23153214,1093,32,0,3,23190497,234,43,0,0
23142501,791,86,0,2,23170393,1446,35,0,0
23180395,905,55,0,1,23103517,677,21,0,0
23122745,569,42,0,5,23071431,478,63,0,0
23201216,1157,45,0,2,23095509,689,82,0,0
23131123,1133,54,0,4,23143511,1909,58,0,0
23195361,1570,99,0,4,23141931,465,29,0,0
23112539,690,26,0,1,23160516,1084,71,0,0
23096555,1608,34,0,1,23128372,756,55,0,0
23157685,1125,46,0,1,23127775,807,42,0,0
23118680,1498,27,0,4,23172389,1972,55,0,0
23128784,994,56,0,1,23161684,1351,56,0,0
23183274,1527,18,0,0,23063053,1326,40,0,0
23118362,2015,58,0,0,23109547,2573,36,0,0
23154784,637,66,0,3,23179243,888,62,0,0
23104272,1116,17,0,1,23152294,914,67,0,0
23081346,149,60,0,1,23112566,790,90,0,0
23157456,1131,56,0,7,23121572,682,45,0,0
23183726,2111,28,0,0,23106285,196,65,0,0
23161070,1446,35,0,0,23071140,1060,19,0,0
23095537,2009,36,0,0,23103594,2299,40,0,0
23191352,1250,52,0,1,23127704,1693,51,0,0
23144209,1624,60,0,3,23154722,630,63,0,0
23205609,1368,36,0,2,23126128,2316,68,0,0
23080897,1466,32,0,1,23110517,898,53,0,0
23118198,1375,29,0,2,23063600,951,75,0,0
23145575,1617,31,0,2,23087505,489,77,0,0
23133564,2148,30,0,1,23136127,812,57,0,0
23103224,323,29,0,1,23130057,298,50,0,0
23153277,384,47,0,1,23100847,2425,44,0,0
23073284,1111,56,0,0,23113787,1868,43,0,0
23176291,1082,24,0,0,23122169,842,63,0,0
23109791,1058,29,0,0,23135516,927,44,0,0
23190693,1406,35,0,0,23203051,1979,19,0,0
23205644,1672,48,0,1,23129777,922,61,0,0
23139418,2151,29,0,0,23070567,685,18,0,0
23096949,535,34,0,1,23082931,660,35,0,0
23178154,867,47,0,0,23120231,1664,42,0,0
23152009,1810,30,0,2,23136500,736,44,0,0
23127985,1196,22,0,0,23167080,673,94,0,0
23107858,460,77,0,1,23181175,1111,39,0,0
23077475,1813,44,0,1,23133212,168,72,0,0
23164651,1101,22,0,5,23080088,1744,55,0,0
23124363,1115,50,0,0,23202866,1147,63,0,0
23088037,192,44,0,8,23092607,627,38,0,0
23085817,1569,67,0,1,23128543,1481,64,0,0
23124746,750,91,0,2,23082671,494,53,0,0
23091195,2108,82,0,4,23187525,1336,39,0,0
23172498,1242,38,0,1,23177720,964,55,0,0
23148182,387,55,0,1,23082867,1579,42,0,0
23156853,179,36,0,2,23186702,378,40,0,0
23095614,1139,95,0,2,23129763,1512,48,0,0
23118278,2091,68,0,1,23092078,1287,36,0,0
23133060,1530,50,0,2,23178803,1608,50,0,0
23143965,1785,52,0,1,23097678,1009,68,0,0
23186572,1269,41,0,1,23085818,820,33,0,0
23190178,1126,25,0,2,23143598,453,25,0,0
23104127,1451,40,0,7,23145686,667,33,0,0
23149280,963,12,0,4,23084963,1506,39,0,0
23194970,1795,16,0,3,23066245,1436,47,0,0
23199739,1017,22,0,8,23098589,1241,34,0,0
23093911,1969,47,0,2,23203777,1689,65,0,0
23168023,941,42,0,1,23206671,1239,26,0,0
23094881,915,56,0,0,23184772,1076,18,0,0
23174088,1113,36,0,1,23083924,403,38,0,0
23120229,636,53,0,2,23099374,695,82,0,0
23207619,978,77,0,1,23152193,952,45,0,0
23116260,487,17,0,0,23109430,1779,45,0,0
23127950,1689,90,0,9,23198839,1540,52,0,0
23152216,1172,28,0,2,23076913,669,20,0,0
23202629,2162,32,0,2,23110826,1144,37,0,0
23120205,972,42,0,6,23192006,548,28,0,0
23130050,931,23,0,3,23143489,653,57,0,0
23091057,1062,29,0,1,23180370,730,48,0,0
23092167,651,31,0,0,23106120,408,30,0,0
23067522,356,99,0,3,23171354,765,79,0,0
23138867,327,77,0,1,23080607,1906,56,0,0
23206752,1440,33,0,3,23110207,1002,60,0,0
23208145,1028,28,0,6,23128450,1171,48,0,0
23207541,765,26,0,1,23168394,1803,60,0,0
23159295,525,78,0,1,23116047,536,72,0,0
23191539,1095,16,0,4,23174785,1019,32,0,0
23135582,561,38,0,1,23164739,1895,16,0,0
23207012,1434,38,0,0,23079037,893,103,0,0
23186858,2176,32,0,1,23125626,647,91,0,0
23200900,2018,46,0,0,23199929,962,35,0,0
23070800,894,27,0,1,23118643,444,34,0,0
23191260,487,79,0,3,23110659,688,32,0,0
23136158,604,79,0,2,23179355,2176,59,0,0
23190251,2192,49,0,0,23118396,901,44,0,0
23205459,1168,43,0,0,23160071,473,31,0,0
23082846,709,129,0,2,23179252,863,42,0,0
23111496,731,40,0,1,23126382,204,26,0,0
23092330,1739,26,0,2,23147206,600,66,0,0
23180933,1479,36,0,3,23207805,337,54,0,0
23147213,1161,65,0,1,23147445,1550,36,0,0
23125967,1290,39,0,0,23112861,606,31,0,0
23086932,1170,50,0,7,23201967,848,15,0,0
23141688,2110,15,0,0,23087205,1848,34,0,0
23198112,558,49,0,2,23080233,1121,36,0,0
23205863,696,62,0,4,23197187,830,87,0,0
23073187,745,184,0,2,23155625,628,58,0,0
23169522,945,56,0,8,23125871,694,48,0,0
23073237,1123,64,0,0,23177814,1012,50,0,0
23104344,1666,41,0,5,23171572,838,65,0,0
23142423,1939,30,0,5,23091319,2168,33,0,0
23130189,601,73,0,2,23125894,1339,42,0,0
23151520,1623,88,0,0,23101182,1165,26,0,0
23072408,783,45,0,1,23203372,950,43,0,0
23196833,1346,23,0,5,23160470,1760,22,0,0
23089107,490,32,0,0,23132648,1294,49,0,0
23095994,1655,31,0,2,23179875,1223,19,0,0
23171649,625,38,0,1,23174636,787,39,0,0
23204829,2083,42,0,4,23147788,960,30,0,0
23088806,1979,27,0,2,23100490,956,110,0,0
23198026,1777,44,0,2,23090450,1610,23,0,0
23112061,1925,35,0,0,23176558,1168,47,0,0
23182362,978,32,0,1,23208750,1382,49,0,0
23155084,637,64,0,2,23085584,1519,25,0,0
23107622,1255,75,0,1,23194830,1157,38,0,0
23202570,1853,53,0,1,23124428,152,23,0,0
23084188,177,75,0,1,23081554,809,22,0,0
23198310,1926,36,0,1,23176397,968,63,0,0
23137131,1332,29,0,2,23202122,305,20,0,0
23073946,1123,65,0,1,23078364,1169,90,0,0
23208411,699,76,0,3,23125477,1938,44,0,0
23096989,2097,32,0,0,23202580,1346,31,0,0
23117577,2318,42,0,1,23158036,1413,48,0,0
23167810,1320,27,0,0,23169273,1219,43,0,1
23164959,820,27,0,2,23080701,456,41,0,0
23123649,479,62,0,1,23138360,1449,37,0,0
23098950,1372,34,0,0,23092493,1082,14,0,0
23163149,549,28,0,0,23191441,286,142,0,0
23180090,1542,41,0,2,23175030,581,26,0,0
23131945,1106,26,0,6,23208785,2403,23,0,0
23095361,801,25,0,1,23093442,2003,39,0,0
23204147,1679,30,0,2,23136472,1159,59,0,0
23150844,1690,58,0,1,23101770,1623,43,0,0
23206575,2102,35,0,4,23083134,1258,64,0,0
23164866,1707,48,0,2,23078026,1175,51,0,0
23199831,1534,36,0,1,23114291,2375,48,0,0
23134827,2284,37,0,2,23091106,657,33,0,0
23132162,1214,51,0,1,23133938,2044,38,0,0
23177038,1161,53,0,2,23110042,1117,33,0,0
23096757,718,45,0,3,23115183,1087,39,0,0
23183996,1129,40,0,0,23175633,1279,34,0,0
23129807,1137,39,0,1,23109446,1500,23,0,0
23166679,764,29,0,3,23185398,308,55,0,0
23189628,2022,28,0,0,23115556,1147,22,0,0
23112512,675,30,0,1,23131624,1275,50,0,0
23075529,885,60,0,4,23181027,774,52,0,0
23087822,874,68,0,1,23145048,724,77,0,0
23168581,1020,31,0,5,23185526,915,70,0,0
23136004,619,234,0,0,23204310,646,42,0,0
23162549,657,50,0,0,23174248,1302,83,0,0
23113478,1454,55,0,2,23111452,2339,53,0,0
23158383,821,75,0,0,23159209,1894,52,0,0
23182863,1260,75,0,8,23113413,1571,51,0,0
23106809,618,55,0,4,23173290,874,35,0,0
23211086,341,17,0,4,23105319,1001,25,0,0
23081623,526,51,0,2,23134014,341,16,0,0
23105865,178,36,0,0,23158563,339,52,0,0
23105922,1686,41,0,4,23142935,1613,39,0,0
23145619,1142,45,0,11,23110760,1063,120,0,0
23145523,647,50,0,2,23187055,1261,42,0,0
23073911,1305,41,0,2,23081952,646,36,0,0
23090733,897,90,0,0,23167070,1394,12,0,0
23215130,635,29,0,7,23155475,292,17,0,0
23127173,738,40,0,0,23161157,780,86,0,0
23132536,804,28,0,1,23138615,1787,20,0,0
23166007,1067,42,0,1,23090993,1643,32,0,0
23125868,507,51,0,4,23125120,640,71,0,0
23202959,809,54,0,3,23215146,1553,69,0,0
23114148,2107,33,0,2,23109494,946,38,0,0
23088168,870,522,0,2,23145257,2249,26,0,0
23156284,1811,44,0,5,23189403,1167,63,0,0
23180310,887,12,0,2,23154836,523,83,0,0
23181647,236,56,0,1,23199320,884,68,0,0
23101867,997,21,0,0,23125381,1185,56,0,0
23208218,334,91,0,0,23167339,1155,94,0,0
23124605,1246,62,0,3,23181570,151,87,0,0
23137019,716,28,0,5,23134960,1301,27,0,0
23127061,1200,35,0,3,23177161,1686,41,0,0
23136419,451,28,0,2,23130805,1218,34,0,0
23189011,2590,28,0,3,23084954,1081,94,0,0
23129365,1049,23,0,0,23115539,334,66,0,0
23190244,2108,20,0,2,23125622,1796,31,0,0
23105937,1166,55,0,4,23143032,1682,63,0,0
23209217,753,65,0,2,23146955,2483,48,0,0
23163285,923,21,0,1,23084929,1181,25,0,0
23133585,1196,31,0,3,23214214,1677,46,0,0
23197645,541,50,0,2,23179644,997,63,0,0
23179567,959,53,0,1,23113829,1735,34,0,0
23115125,1273,63,0,2,23147842,594,55,0,0
23210097,1680,63,0,4,23190691,327,30,0,0
23208700,2087,61,0,1,23107744,1397,21,0,0
23215886,1626,35,0,1,23110027,807,41,0,0
23120750,631,82,0,0,23095412,476,57,0,0
23143952,961,22,0,2,23150074,1034,41,0,0
23204539,920,49,0,1,23091275,658,31,0,0
23209634,975,111,0,1,23082447,1770,41,0,0
23186362,1185,65,0,5,23121160,469,106,0,0
23157736,1113,32,0,2,23082082,1784,38,0,0
23139721,941,29,0,3,23097721,1666,21,0,0
23193424,1601,55,0,0,23100230,790,23,0,0
23153243,1168,103,0,11,23183119,1369,47,0,0
23117027,1399,15,0,6,23129980,611,35,0,0
23159490,455,43,0,1,23087197,709,22,0,0
23124587,1213,25,0,1,23114429,600,33,0,0
23091574,226,34,0,1,23174291,1162,63,0,0
23214299,907,102,0,8,23119094,2366,25,0,0
23138509,1628,45,0,2,23156383,2038,31,0,0
23131217,1707,54,0,1,23183747,874,46,0,0
23124214,833,80,0,1,23125932,675,41,0,0
23127653,1123,73,0,3,23203890,1961,55,0,0
23123852,878,60,0,4,23166696,1874,73,0,0
23193864,1656,37,0,5,23096548,1516,46,0,0
23124023,1211,58,0,0,23138160,1405,54,0,0
23109080,1087,35,0,5,23169796,141,71,0,0
23087537,2066,69,0,1,23121727,1144,49,0,0
23203678,534,39,0,5,23183494,318,28,0,0
23082626,1570,43,0,3,23204684,2380,62,0,0
23218320,551,55,0,2,23179053,645,33,0,0
23160417,1371,27,0,0,23123267,856,72,0,0
23215186,699,26,0,0,23097142,2554,34,0,0
23208301,696,72,0,0,23135413,1481,39,0,0
23127279,633,35,0,2,23176407,545,38,0,0
23165426,1057,77,0,3,23158837,819,42,0,0
23183003,1093,69,0,4,23093640,1047,49,0,0
23080199,820,42,0,1,23137624,954,63,0,0
23125336,1774,21,0,4,23108468,163,68,0,0
23172808,1101,49,0,4,23142593,1711,31,0,0
23185633,1086,28,0,3,23141562,989,96,0,0
23084012,1523,66,0,4,23145801,452,45,0,0
23195283,440,43,0,1,23159545,1127,34,0,0
23185502,1644,52,0,3,23090947,892,26,0,0
23149289,803,63,0,0,23174453,1001,47,0,0
23205152,887,47,0,4,23174570,620,75,0,0
23122899,1173,57,0,2,23095472,2028,34,0,0
23110765,848,38,0,7,23113833,1460,32,0,0
23215387,784,25,0,1,23195043,2003,28,0,0
23207599,896,87,0,5,23130254,630,34,0,0
23148241,1183,27,0,1,23103965,822,58,0,0
23103439,1190,31,0,1,23168064,1130,53,0,0
23147349,1066,47,0,1,23142571,1175,82,0,0
23119986,1507,46,0,1,23099660,324,35,0,0
23094727,836,71,0,5,23166918,841,35,0,0
23081715,1507,26,0,0,23126998,1706,64,0,0
23086469,1682,63,0,0,23158326,1490,103,0,0
23162455,518,20,0,4,23109703,535,60,0,0
23159443,868,40,0,0,23101309,1695,43,0,0
23092464,1057,36,0,1,23214957,695,46,0,0
23184860,1591,24,0,1,23141471,326,24,0,0
23211015,837,30,0,1,23139563,377,38,0,0
23166498,845,65,0,0,23170465,2365,27,0,0
23101656,431,64,0,3,23159787,1989,57,0,0
23085131,450,24,0,1,23111265,138,72,0,0
23215753,847,80,0,5,23084670,308,24,0,0
23083625,926,42,0,4,23187977,345,89,0,0
23216833,919,53,0,2,23142475,234,65,0,0
23097718,1855,31,0,3,23082024,785,48,0,0
23132456,1909,30,0,1,23131136,1468,95,0,0
23127358,537,89,0,9,23158759,1274,186,0,0
23102872,872,45,0,1,23189044,2005,25,0,0
23110159,1677,81,0,2,23139068,861,24,0,0
23098723,1230,27,0,0,23181677,597,38,0,0
23107768,441,38,0,6,23120251,872,12,0,0
23152640,1180,41,0,2,23085590,1321,39,0,0
23167678,657,74,0,2,23118352,683,53,0,0
23217927,874,62,0,0,23091534,850,22,0,0
23184218,1314,31,0,1,23090591,1108,20,0,0
23111221,988,45,0,1,23095314,1448,62,0,0
23092111,1126,41,0,7,23152233,2353,41,0,0
23215693,1963,40,0,0,23116771,1250,50,0,0
23198564,2047,32,0,2,23206346,974,56,0,0
23137757,1217,26,0,0,23112825,612,46,0,0
23152595,632,33,0,4,23153016,1125,52,0,0
23220810,1228,63,0,1,23207429,2299,31,0,0
23198188,1166,40,0,1,23092730,1440,27,0,0
23118873,1677,48,0,5,23138253,1674,62,0,0
23168915,733,34,0,3,23190501,153,18,0,0
23168793,1413,24,0,0,23135988,1510,51,0,0
23088799,759,41,0,1,23169716,1067,66,0,0
23188060,200,31,0,0,23152101,211,120,0,0
23156095,1430,61,0,2,23100052,2070,47,0,0
23103997,2204,42,0,3,23085768,1438,34,0,0
23104364,663,34,0,5,23136789,1029,20,0,0
23138406,2173,27,0,2,23141821,1619,35,0,0
23211478,1698,45,0,1,23172897,1815,56,0,0
23200166,1069,51,0,4,23198668,1495,29,0,0
23129219,2210,30,0,4,23140988,559,85,0,0
23121159,925,42,0,0,23105213,161,39,0,0
23148947,933,65,0,1,23196488,725,52,0,0
23155686,731,76,0,1,23116882,550,219,0,0
23118004,734,54,0,1,23105725,867,85,0,0
23147948,1704,53,0,0,23116033,1483,56,0,0
23175582,970,40,0,0,23151951,1161,76,0,0
23212834,810,22,0,0,23193894,1082,48,0,0
23206771,883,95,0,0,23119544,294,47,0,0
23186420,2515,38,0,1,23181482,847,62,0,0
23215813,499,88,0,0,23218080,1152,44,0,0
23104718,1026,49,0,3,23156575,693,59,0,0
23087107,1167,42,0,1,23147434,1610,32,0,0
23202126,347,74,0,2,23133562,829,66,0,0
23137543,1990,23,0,0,23088826,487,94,0,0
23090146,2147,16,0,1,23098453,1119,28,0,0
23188000,729,45,0,0,23192590,2397,49,0,0
23223318,448,133,0,5,23098473,1539,38,0,0
23163208,942,45,0,0,23116291,468,68,0,0
23190993,299,34,0,1,23133031,2182,71,0,0
23173967,925,36,0,2,23202779,435,65,0,0
23211751,780,52,0,1,23184081,1178,42,0,0
23203320,1042,17,0,1,23222784,1860,52,0,0
23195524,1284,62,0,0,23203467,724,40,0,0
23139002,2195,30,0,2,23210296,974,42,0,0
23223894,541,223,0,3,23169304,1284,69,0,0
23203939,2464,44,0,3,23200284,760,52,0,0
23088630,296,40,0,1,23118928,794,118,0,0
23146040,950,44,0,1,23139108,1329,139,0,0
23129221,1630,31,0,0,23158780,1360,27,0,0
23204055,1028,47,0,3,23101590,836,35,0,0
23205400,1110,27,0,2,23195118,662,22,0,0
23164482,1948,29,0,3,23158809,1146,69,0,0
23214259,808,49,0,0,23192627,1586,52,0,0
23223384,1186,65,0,2,23212867,1397,61,0,0
23208890,1180,27,0,0,23205356,1895,46,0,0
23145145,605,36,0,7,23187923,2268,70,0,0
23218632,1860,39,0,4,23131215,1686,28,0,0
23144408,785,20,0,8,23088903,2482,46,0,0
23169893,2237,65,0,0,23172718,374,26,0,0
23125220,1151,53,0,1,23164862,706,33,0,0
23195926,961,70,0,0,23210533,1199,246,0,0
23161511,598,60,0,1,23103893,667,23,0,1
23111621,888,36,0,3,23097646,619,60,0,0
23142662,885,96,0,0,23180490,583,60,0,0
23153287,203,27,0,0,23096138,1943,24,0,0
23131362,1453,53,0,0,23207406,489,81,0,0
23187323,238,29,0,1,23158616,1821,65,0,0
23144418,992,21,0,1,23177432,1916,46,0,0
23143019,1878,26,0,5,23111351,1398,27,0,0
23225186,1279,43,0,0,23142038,116,34,0,0
23179743,1539,39,0,1,23135517,1864,49,0,0
23220129,1461,39,0,1,23224454,859,38,0,0
23200810,1082,18,0,3,23167169,1002,67,0,0
23126823,1893,29,0,0,23097310,1068,62,0,0
23145749,1609,39,0,3,23217868,1000,72,0,0
23218875,1322,37,0,1,23197810,139,116,0,0
23190880,1278,59,0,5,23128486,1658,56,0,0
23226338,947,56,0,3,23109723,1804,81,0,0
23154132,1145,58,0,6,23107943,1893,31,0,0
23135445,1522,33,0,1,23226086,742,56,0,0
23112332,1162,64,0,1,23176883,1992,22,0,0
23201713,791,51,0,3,23188359,308,43,0,0
23135877,613,83,0,13,23200392,1058,57,0,0
23193972,1174,64,0,0,23172412,465,48,0,0
23151405,772,43,0,2,23207889,1638,58,0,0
23121451,755,36,0,0,23197971,903,26,0,0
23151798,611,30,0,15,23180698,340,43,0,0
23174985,378,73,0,1,23150533,1407,47,0,0
23162447,2574,73,0,1,23193468,661,63,0,0
23136188,422,24,0,2,23110130,1754,23,0,0
23214465,1382,70,0,2,23119525,2084,42,0,0
23136323,2213,23,0,0,23192204,1518,23,0,0
23162382,2123,39,0,4,23166927,651,96,0,0
23128011,890,58,0,1,23184597,1776,41,0,0
23220295,1552,62,0,1,23172317,1366,41,0,0
23153047,1189,60,0,2,23226544,1143,34,0,0
23170175,1086,44,0,10,23193547,1538,38,0,0
23104055,741,50,0,2,23204373,128,73,0,0
23092108,935,38,0,5,23181227,1701,36,0,0
23101595,1437,66,0,2,23175858,2351,38,0,0
23151540,453,46,0,0,23090628,1576,39,0,0
23100962,1995,58,0,1,23096619,488,45,0,0
23212602,905,68,0,9,23113947,1192,48,0,0
23175249,1458,40,0,5,23128875,740,67,0,0
23206032,932,47,0,3,23154621,857,103,0,0
23114044,1348,37,0,0,23166036,592,27,0,0
23092055,1174,39,0,2,23110816,1461,85,0,0
23146922,1614,24,0,1,23183670,938,173,0,0
23224195,763,28,0,3,23163220,2501,44,0,0
23149207,1994,15,0,1,23212040,1857,29,0,0
23199247,1587,56,0,4,23138694,892,44,0,0
23194736,1228,21,0,4,23154898,521,111,0,0
23201440,1796,52,0,1,23121806,1801,37,0,0
23223111,1243,24,0,4,23113918,1054,51,0,0
23158693,1445,39,0,1,23123227,681,38,0,0
23169405,1789,42,0,3,23139447,412,89,0,0
23180379,2080,60,0,3,23225029,1375,85,0,0
23197458,1043,49,0,1,23213734,1947,41,0,0
23099363,1244,45,0,3,23133108,2320,71,0,0
23171373,753,84,0,8,23150413,1803,49,0,0
23102389,1669,40,0,3,23177224,1092,41,0,0
23112159,711,28,0,1,23149256,1818,23,0,0
23117351,510,47,0,5,23106750,444,49,0,0
23186136,1115,39,0,2,23110068,750,26,0,0
23096902,1174,48,0,1,23107400,681,63,0,0
23192941,897,32,0,2,23090955,253,43,0,0
23092935,2385,25,0,2,23099299,1478,44,0,0
23103891,1215,93,0,1,23171960,534,29,0,0
23190646,1703,39,0,0,23133390,1856,69,0,0
23212126,1448,56,0,1,23094358,1813,32,0,0
23128913,633,46,0,2,23139388,1641,60,0,0
23135682,2009,21,0,2,23208118,648,58,0,0
23211896,1478,16,0,10,23176060,450,61,0,0
23207004,1135,53,0,7,23221547,1260,52,0,0
23092882,1649,60,0,1,23197275,2015,28,0,0
23150600,432,185,0,2,23153781,114,38,0,0
23121882,409,85,0,0,23193738,152,48,0,0
23105851,1678,49,0,1,23187496,631,48,0,0
23230768,1658,24,0,2,23228904,1191,30,0,0
23101344,339,83,0,5,23108275,1284,46,0,0
23118246,1678,57,0,2,23168823,2546,26,0,0
23225646,1732,28,0,3,23094555,384,18,0,0
23188029,2475,49,0,1,23149725,1170,37,0,0
23148811,885,59,0,0,23186435,997,105,0,0
23114795,553,47,0,1,23220112,1195,109,0,0
23094860,1590,43,0,3,23192529,474,71,0,0
23162413,1112,59,0,1,23162052,530,52,0,0
23168034,292,51,0,2,23216917,1787,27,0,0
23103238,1339,115,0,2,23159987,1608,44,0,0
23107670,101,61,0,1,23180993,876,57,0,0
23201395,1339,16,0,0,23174112,2479,27,0,0
23109816,1610,20,0,1,23096967,842,50,0,0
23205170,399,20,0,7,23195725,1580,47,0,0
23218454,1637,16,0,2,23115404,1191,44,0,0
23119725,873,31,0,0,23141174,992,31,0,0
23218795,1264,25,0,4,23117045,1308,68,0,0
23101092,1556,38,0,5,23153597,124,34,0,0
23224501,1290,27,0,1,23098109,744,64,0,0
23169372,1357,44,0,1,23216084,620,44,0,0
23166878,267,32,0,1,23169743,1621,44,0,0
23131886,1037,46,0,2,23203266,1674,44,0,0
23219099,948,28,0,1,23184775,1477,40,0,0
23144938,1073,67,0,1,23205952,445,39,0,0
23163947,402,17,0,12,23142706,1168,30,0,0
23199431,1181,46,0,1,23182345,1600,18,0,0
23187153,556,30,0,0,23150830,1199,56,0,0
23159667,1142,25,0,0,23112487,941,37,0,0
23097408,1675,37,0,0,23095186,2006,63,0,0
23214615,2409,39,0,3,23193341,1751,32,0,0
23129875,611,41,0,1,23153799,1642,34,0,0
23106640,2110,54,0,6,23183294,463,35,0,0
23173190,1438,22,0,6,23145044,664,34,0,0
23173254,1427,86,0,1,23223523,2125,25,0,0
23104373,1732,26,0,1,23174936,1188,40,0,0
23136584,612,31,0,2,23175813,1523,31,0,0
23151902,611,50,0,0,23117956,213,50,0,0
23133005,1398,42,0,2,23128911,878,64,0,0
23095498,332,53,0,7,23164287,572,58,0,0
23124527,1380,22,0,4,23198920,1693,31,0,0
23139327,170,23,0,1,23185591,832,37,0,0
23123655,2406,21,0,1,23121244,1190,15,0,0
23129032,577,28,0,0,23225543,1163,22,0,0
23104085,1809,29,0,2,23161092,469,16,0,0
23096676,895,36,0,7,23097145,1696,71,0,0
23106151,995,32,0,4,23225941,1439,22,0,0
23119756,216,93,0,1,23107668,744,77,0,0
23199013,1100,30,0,1,23174016,1739,56,0,0
23155247,1866,81,0,1,23114855,705,44,0,0
23203972,101,44,0,4,23101290,729,64,0,0
23100064,594,62,0,0,23228845,2114,19,0,0
23183291,794,61,0,1,23132136,1992,32,0,0
23110132,1558,32,0,0,23109346,1027,43,0,0
23134001,1063,72,0,1,23183572,1694,50,0,0
23206577,648,45,0,0,23147367,391,84,0,0
23117415,604,53,0,1,23141363,891,91,0,0
23102703,640,63,0,0,23135470,1251,34,0,0
23186502,945,47,0,1,23123827,1738,64,0,0
23094580,1866,41,0,4,23237278,1040,96,0,0
23191002,612,120,0,1,23110278,1078,80,0,0
23126504,645,27,0,1,23225831,714,52,0,0
23130304,1048,37,0,3,23220212,1654,47,0,0
23115054,111,28,0,8,23103913,1165,37,0,0
23233882,2443,20,0,0,23166997,1666,29,0,0
23103687,884,50,0,2,23122414,1460,63,0,0
23160365,1233,37,0,0,23165992,1305,30,0,0
23201253,1087,41,0,2,23098382,1077,42,0,0
23226916,675,33,0,1,23185436,744,67,0,0
23136187,1826,40,0,0,23127078,752,40,0,0
23122785,1471,43,0,1,23111817,1198,103,0,0
23121931,1209,48,0,0,23109534,641,82,0,0
23238072,988,24,0,1,23156068,1329,61,0,0
23186289,572,52,0,3,23135386,1194,37,0,0
23216103,1147,58,0,1,23146960,2533,35,0,0
23133437,277,26,0,2,23218823,962,18,0,0
23201517,1177,41,0,3,23169084,919,45,0,0
23184307,791,47,0,2,23177566,590,42,0,0
23115703,716,104,0,0,23123192,698,43,0,0
23216966,1177,33,0,6,23179218,1026,43,0,0
23120486,1964,24,0,1,23174892,1839,24,0,0
23226994,1124,43,0,3,23114431,668,47,0,0
23212868,961,34,0,1,23152068,1666,25,0,0
23189257,974,43,0,4,23210180,230,54,0,0
23101283,1916,36,0,3,23144159,402,25,0,0
23108979,1760,15,0,2,23095480,765,53,0,0
23195584,1063,37,0,1,23148401,2524,52,0,0
23236183,1143,35,0,0,23124556,1580,76,0,0
23098913,531,30,0,0,23148160,1615,44,0,0
23213237,574,39,0,5,23113972,1707,32,0,0
23217345,892,68,0,2,23185172,1456,62,0,0
23115665,1001,24,0,21,23173291,2474,33,0,0
23105998,875,41,0,1,23159688,1843,45,0,0
23210802,1120,23,0,1,23207110,1958,33,0,0
23116125,1114,40,0,1,23186337,2075,56,0,0
23175129,827,90,0,1,23223157,1747,46,0,0
23096712,717,49,0,0,23213656,1706,59,0,0
23210024,1572,41,0,2,23196309,1263,44,0,0
23136974,1100,87,0,0,23129331,966,17,0,0
23155257,969,63,0,1,23130288,1487,106,0,0
23168771,522,38,0,5,23114412,398,56,0,0
23176429,1629,81,0,1,23149390,1112,45,0,0
23174558,351,41,0,1,23194128,1460,45,0,0
23135603,1626,59,0,1,23098084,1389,32,0,0
23104881,1000,59,0,2,23129911,1591,80,0,0
23169178,923,27,0,0,23161853,1445,36,0,0
23098628,1509,28,0,2,23128374,953,114,0,0
23239659,965,62,0,1,23141690,932,33,0,0
23210281,1202,52,0,1,23155518,1260,39,0,0
23130818,645,29,0,0,23148471,958,19,0,0
23224485,1780,33,0,1,23196977,1748,19,0,0
23197990,1693,93,0,1,23186813,812,36,0,0
23153543,2538,89,0,1,23229211,2492,63,0,0
23161956,1573,55,0,0,23215659,1435,44,0,0
23129144,1615,76,0,1,23208170,891,75,0,0
23111376,1677,33,0,1,23200287,2253,36,0,0
23126199,476,45,0,6,23120125,1533,31,0,0
23134275,487,48,0,1,23110338,1191,76,0,0
23204725,913,28,0,6,23146840,536,89,0,0
23176103,381,148,0,2,23197880,542,38,0,0
23102082,1925,57,0,2,23209237,1092,29,0,0
23114845,788,24,0,1,23228959,804,46,0,0
23106168,615,39,0,1,23167259,1496,52,0,0
23208553,1562,42,0,1,23166706,2326,56,0,0
23153500,366,73,0,2,23133470,1097,78,0,0
23103356,1236,73,0,4,23208164,1213,28,0,0
23098891,1998,33,0,2,23169248,1286,43,0,0
23113668,1425,41,0,0,23118715,1955,26,0,0
23197204,2037,36,0,0,23167443,1323,43,0,0
23203486,323,40,0,1,23124577,965,30,0,0
23233805,524,30,0,2,23209391,540,94,0,0
23114136,957,42,0,1,23239903,678,46,0,0
23103181,1414,109,0,5,23102699,476,52,0,0
23122821,858,163,0,1,23226952,208,116,0,1
23194011,1089,38,0,0,23163795,309,38,0,0
23217271,1234,60,0,3,23199160,2195,46,0,0
23130212,2103,48,0,0,23144500,978,38,0,0
23108679,1015,58,0,5,23157970,788,75,0,0
23169210,1071,30,0,0,23221550,778,64,0,0
23223967,400,89,0,7,23191690,2008,28,0,0
23140097,781,47,0,3,23121788,1987,92,0,0
23187781,1325,29,0,1,23229762,1198,96,0,0
23181553,1044,48,0,2,23135240,1659,35,0,0
23151459,796,85,0,0,23216544,1273,20,0,0
23194472,477,23,0,1,23166214,1646,34,0,0
23209065,1047,22,0,4,23174797,1681,83,0,0
23134438,568,34,0,5,23171280,1481,35,0,0
23218827,1212,54,0,2,23217526,706,75,0,0
23236544,875,42,0,3,23106033,561,78,0,0
23219921,571,33,0,0,23102602,909,48,0,0
23165161,228,59,0,1,23235227,1793,26,0,0
23239386,1472,79,0,1,23144480,1181,43,0,0
23194576,654,62,0,0,23140057,1092,32,0,0
23213143,1197,26,0,0,23167404,836,26,0,0
23111364,821,63,0,6,23179742,1583,34,0,0
23213452,1082,43,0,5,23147558,1316,62,0,0
23124183,775,25,0,4,23138366,466,33,0,0
23131546,816,33,0,1,23215669,1992,30,0,0
23104725,1364,46,0,1,23198658,1347,26,0,0
23152141,1497,41,0,2,23200724,2319,29,0,0
23191587,649,32,0,3,23185781,1113,44,0,0
23241164,1717,63,0,1,23224440,1006,55,0,0
23111508,1567,29,0,1,23119889,784,181,0,0
23154517,1202,68,0,1,23122223,2147,41,0,0
23109934,1660,61,0,3,23128081,604,62,0,0
23183149,1713,56,0,1,23099964,536,18,0,0
23167267,1674,39,0,4,23105224,792,32,0,0
23124877,1157,22,0,0,23150337,1693,52,0,0
23105741,762,57,0,1,23218441,1646,39,0,0
23123939,1036,28,0,4,23192793,1117,93,0,0
23151453,539,117,0,2,23179570,2262,23,0,0
23241603,949,19,0,1,23164907,1381,28,0,0
23103859,769,68,0,1,23109747,1623,22,0,0
23166929,2300,22,0,3,23104029,770,33,0,0
23181279,1874,40,0,1,23212992,753,16,0,0
23153769,1225,31,0,3,23195930,865,39,0,0
23223487,1122,81,0,0,23163411,1340,27,0,0
23153965,1239,51,0,5,23155879,1466,59,0,0
23117930,1560,50,0,2,23205144,1529,36,0,0
23168845,1807,61,0,0,23143299,1415,28,0,0
23196704,474,90,0,1,23105160,905,19,0,0
23206990,1416,53,0,0,23114145,1147,53,0,0
23223449,1949,34,0,1,23154873,1854,35,0,0
23166057,1264,51,0,3,23246709,1080,73,0,0
23143591,1615,72,0,3,23202268,990,35,0,0
23231219,629,43,0,1,23232989,526,52,0,0
23174564,1777,18,0,2,23206953,1171,49,0,0
23171104,1065,124,0,4,23149654,1187,96,0,0
23147776,806,24,0,6,23145657,1848,42,0,0
23127122,1153,106,0,1,23127592,2307,28,0,0
23169211,1726,51,0,0,23158800,857,52,0,0
23138305,404,44,0,7,23200540,1808,31,0,0
23224079,1172,58,0,3,23209311,1044,61,0,0
23166739,1910,33,0,0,23181401,1338,27,0,0
23116583,1387,38,0,8,23235118,1740,61,0,0
23150159,887,44,0,0,23205314,915,84,0,0
23119655,1235,49,0,3,23237901,1388,37,0,0
23118526,2245,47,0,1,23150338,2268,43,0,0
23144972,715,54,0,5,23189494,512,49,0,0
23222372,1402,25,0,0,23119096,1245,39,0,0
23113534,1209,103,0,4,23172156,1652,51,0,0
23225250,1263,47,0,1,23196913,788,37,0,0
23195545,859,31,0,1,23227292,1381,34,0,0
23162527,1492,22,0,3,23169122,886,37,0,0
23103153,1578,45,0,0,23239752,1795,74,0,0
23163275,1737,37,0,1,23188544,560,51,0,0
23242591,767,54,0,2,23216852,998,44,0,0
23112223,592,39,0,7,23121737,820,45,0,0
23208011,856,71,0,2,23175418,1485,66,0,0
23180942,735,53,0,0,23196658,1100,64,0,0
23133334,743,24,0,3,23218978,2300,73,0,0
23222447,1045,24,0,4,23188292,1159,29,0,0
23155117,1910,44,0,1,23236180,533,58,0,0
23201509,541,22,0,1,23247893,1306,55,0,0
23128811,1631,97,0,1,23117024,1768,45,0,0
23222851,801,62,0,4,23148891,571,55,0,0
23212592,1188,29,0,5,23109505,1745,87,0,0
23114618,561,53,0,2,23110515,608,43,0,0
23242085,1181,54,0,2,23141511,1056,16,0,0
23210441,1180,54,0,4,23200224,757,72,0,0
23147621,209,53,0,5,23114826,722,33,0,0
23107332,504,47,0,0,23173540,867,49,0,0
23174770,605,21,0,4,23108421,1108,44,0,0
23224570,2085,27,0,1,23139179,1082,73,0,0
23111138,1308,14,0,2,23176320,1690,30,0,0
23176903,422,60,0,6,23164792,1315,55,0,0
23158515,1121,33,0,2,23184126,144,66,0,0
23179230,1557,49,0,1,23141236,1170,30,0,0
23133890,668,35,0,1,23170018,316,21,0,0
23113026,1623,40,0,1,23189795,1299,27,0,0
23106196,542,108,0,2,23194638,754,46,0,0
23154049,1486,87,0,6,23234703,1266,44,0,0
23241254,657,24,0,1,23232955,1453,217,0,0
23187962,1136,42,0,3,23139508,421,18,0,0
23217550,2561,34,0,1,23149816,684,69,0,0
23222059,203,45,0,0,23147941,1181,80,0,0
23153903,838,46,0,3,23196589,716,31,0,0
23231014,1604,89,0,1,23206608,1746,60,0,0
23132970,2020,72,0,5,23117399,521,39,0,0
23223278,651,25,0,6,23227948,1411,63,0,0
23225434,1546,57,0,6,23185370,2273,46,0,0
23185941,639,42,0,4,23153762,584,41,0,0
23109263,1430,52,0,2,23159819,1197,78,0,0
23219325,635,19,0,0,23224096,966,49,0,0
23187028,1803,43,0,1,23175443,1788,39,0,0
23205272,671,38,0,3,23165570,1014,24,0,0
23146432,1442,48,0,7,23117522,1292,44,0,0
23251529,997,39,0,0,23170612,1141,50,0,0
23233333,836,37,0,1,23216321,759,49,0,0
23180263,941,50,0,2,23205286,905,47,0,0
23136524,1695,42,0,1,23114586,676,25,0,0
23180556,1848,36,0,3,23152443,1698,26,0,0
23206153,1251,47,0,4,23194701,1651,54,0,0
23233447,2226,33,0,2,23190231,1177,27,0,0
23108847,1325,52,0,0,23131688,893,132,0,0
23189758,870,70,0,1,23219819,592,72,0,0
23147372,385,46,0,0,23110226,598,61,0,0
23228726,1488,27,0,0,23182384,1281,53,0,0
23161133,1514,29,0,1,23155874,709,34,0,0
23206777,1467,74,0,0,23171839,1140,35,0,0
23247291,1250,62,0,11,23131989,1618,100,0,0
23187985,1667,63,0,1,23226408,856,31,0,0
23201050,1751,67,0,0,23203862,1397,29,0,0
23232782,312,164,0,1,23231625,298,48,0,0
23200694,1039,30,0,0,23195831,2556,19,0,0
23143269,1226,41,0,0,23212125,1318,32,0,0
23191786,1600,41,0,2,23224743,110,39,0,0
23251134,605,39,0,3,23106401,544,101,0,0
23193970,993,27,0,1,23135703,1189,49,0,0
23169916,1130,42,0,1,23212118,1230,28,0,0
23138976,213,27,0,5,23166259,1412,28,0,0
23108739,1983,26,0,2,23121332,781,58,0,0
23182403,557,29,0,2,23151003,1552,51,0,0
23198763,524,50,0,11,23183477,785,19,0,0
23135479,1746,37,0,5,23148926,526,36,0,0
23119091,1151,43,0,2,23181706,1955,19,0,0
23153312,1195,50,0,9,23234358,2246,43,0,0
23166509,1371,50,0,4,23234792,2182,39,0,0
23137918,1871,24,0,0,23199244,1046,92,0,0
23195649,914,55,0,0,23149340,912,29,0,0
23232723,757,52,0,1,23126597,923,32,0,0
23244132,1662,48,0,1,23139612,478,48,0,0
23238922,741,65,0,1,23117324,455,22,0,0
23122985,1930,35,0,3,23111124,361,43,0,0
23151496,1598,47,0,2,23159838,2107,26,0,0
23197919,259,121,0,5,23168622,1074,138,0,0
23226509,1701,97,0,1,23180720,1068,24,0,0
23116280,1649,30,0,2,23166467,150,81,0,0
23108981,898,84,0,1,23147364,1208,50,0,0
23202669,1093,44,0,2,23144721,1050,13,0,0
23251863,933,92,0,2,23231590,803,72,0,0
23218221,1007,34,0,3,23206918,820,37,0,0
23149627,1283,24,0,1,23121533,1675,66,0,0
23197825,1230,46,0,1,23199970,2093,42,0,0
23126635,2508,36,0,5,23249803,1300,105,0,0
23255850,1074,68,0,4,23242928,773,62,0,0
23254804,1433,39,0,1,23152964,786,63,0,0
23119507,1122,60,0,0,23176437,1004,54,0,0
23204657,2486,26,0,3,23237764,1957,74,0,0
23112586,623,33,0,7,23216144,1217,33,0,0
23206171,1656,60,0,1,23199463,2278,34,0,0
23226560,820,95,0,9,23169517,1592,40,0,0
23178515,1136,84,0,5,23185191,959,27,0,0
23146844,1250,57,0,7,23231122,886,68,0,0
23214795,644,43,0,8,23111586,2186,31,0,0
23256432,727,35,0,0,23241995,781,64,0,0
23161286,779,73,0,2,23114666,1131,50,0,0
23246734,2152,44,0,14,23206041,976,82,0,0
23151247,879,67,0,4,23234614,1757,31,0,0
23132542,1228,41,0,1,23199051,854,42,0,0
23191960,1709,21,0,0,23211937,383,39,0,0
23151906,1257,85,0,3,23224529,553,47,0,0
23110848,594,47,0,7,23133889,1932,29,0,0
23161858,531,53,0,2,23229826,1033,28,0,0
23180495,1606,43,0,0,23248257,1221,53,0,0
23199822,1298,52,0,2,23153858,687,28,0,0
23175253,523,20,0,1,23211388,911,60,0,0
23144767,1775,30,0,1,23178902,1096,33,0,0
23113825,1644,33,0,2,23250239,1853,86,0,0
23116078,1335,34,0,1,23215702,1698,40,0,0
23114764,799,37,0,3,23257014,684,56,0,0
23154000,787,55,0,2,23165009,896,41,0,0
23121742,1846,31,0,2,23211330,1784,83,0,0
23218107,690,26,0,1,23168199,1993,37,0,0
23182483,1815,32,0,0,23184020,809,36,0,0
23157870,964,34,0,0,23158707,140,71,0,0
23149073,1729,21,0,1,23164560,1275,31,0,0
23174804,1393,27,0,0,23141268,713,50,0,0
23157805,944,34,0,9,23124304,1409,65,0,0
23119376,868,43,0,1,23193875,1565,40,0,0
23230412,1130,45,0,3,23126722,1635,40,0,0
23182451,1138,33,0,0,23118109,1015,35,0,0
23195198,1010,45,0,1,23231053,1059,34,0,0
23159412,1179,47,0,0,23151650,2553,25,0,0
23245916,2384,52,0,4,23125364,759,22,0,0
23157280,797,59,0,0,23249728,676,26,0,0
23196741,1436,57,0,6,23115557,1065,52,0,0
23152239,1405,50,0,2,23183415,1245,27,0,0
23168135,2201,31,0,1,23164446,898,36,0,0
23188644,1377,37,0,12,23167159,1281,39,0,0
23241395,1193,79,0,3,23126626,509,42,0,0
23234854,602,41,0,0,23221662,965,31,0,0
23131632,973,80,0,1,23202680,1123,38,0,0
23123902,681,47,0,6,23157904,1656,30,0,0
23202263,2557,49,0,0,23198594,1088,46,0,0
23246943,799,58,0,1,23178638,1066,62,0,0
23159344,1394,93,0,1,23119489,867,73,0,0
23178131,655,63,0,3,23156223,557,23,0,0
23151450,1502,80,0,1,23177443,984,47,0,0
23126771,1811,51,0,0,23122841,1876,39,0,0
23227718,2380,54,0,3,23211084,1478,56,0,0
23120798,2579,42,0,1,23115667,698,90,0,0
23126231,1880,28,0,1,23165725,504,21,0,0
23122280,661,44,0,0,23152758,1323,21,0,0
23184456,1918,42,0,2,23142447,1849,42,0,0
23244798,963,57,0,3,23205583,784,41,0,0
23258069,944,52,0,6,23215681,1928,29,0,0
23214493,1158,37,0,0,23192473,840,62,0,0
23193636,1129,74,0,0,23209334,816,33,0,0
23130359,1860,53,0,2,23125271,443,83,0,0
23194746,889,61,0,2,23189686,786,87,0,0
23191897,1138,60,0,0,23147214,1252,32,0,0
23167465,874,26,0,0,23129533,633,67,0,0
23240774,2566,51,0,10,23237734,365,71,0,0
23154372,1357,25,0,1,23169969,1258,28,0,0
23195326,1839,26,0,3,23133690,1646,34,0,0
23173355,592,36,0,1,23177097,207,22,0,0
23207555,1084,75,0,3,23218423,1619,31,0,0
23245296,1400,38,0,0,23224343,1624,74,0,0
23209808,2104,28,0,3,23225888,1674,22,0,0
23162316,205,58,0,2,23173782,1891,36,0,0
23136195,995,33,0,2,23257034,798,74,0,0
23122757,1872,44,0,1,23254096,1586,27,0,0
23256349,346,89,0,0,23120054,1357,35,0,0
23196390,1299,61,0,0,23132606,383,101,0,0
23141085,1387,37,0,6,23175894,1691,22,0,0
23213845,1885,16,0,1,23235684,843,42,0,0
23242031,775,31,0,1,23154732,1966,80,0,0
23189995,1883,33,0,1,23173804,2016,51,0,0
23192319,1863,48,0,0,23249553,672,33,0,0
23240001,2150,26,0,3,23195384,1126,43,0,0
23205064,1558,46,0,4,23215321,381,36,0,0
23154301,443,61,0,1,23229393,889,31,0,0
23114526,1122,39,0,1,23148476,869,32,0,0
23183823,873,55,0,1,23210268,479,31,0,0
23231367,672,94,0,3,23119567,973,363,0,0
23254361,2161,43,0,0,23261844,1182,96,0,0
23185019,173,58,0,2,23140573,230,50,0,0
23246211,1724,49,0,1,23214449,1401,30,0,0
23129132,911,70,0,8,23257440,2190,77,0,0
23200348,320,31,0,10,23122817,649,50,0,0
23214005,1419,78,0,0,23192802,1691,25,0,0
23127822,451,50,0,4,23183936,1197,14,0,0
23130640,888,58,0,5,23190526,1672,60,0,0
23261474,1663,145,0,5,23207360,191,64,0,0
23247951,1653,25,0,0,23123699,1452,51,0,0
23125404,2201,84,0,0,23128046,905,26,0,0
23221615,2580,41,0,3,23135165,909,49,0,0
23224919,1197,33,0,6,23253328,2194,24,0,0
23179256,437,31,0,1,23253597,2026,63,0,0
23179952,812,60,0,3,23173733,564,70,0,0
23260894,2186,55,0,1,23141258,1172,34,0,0
23218260,2423,53,0,5,23158647,942,65,0,0
23191564,766,59,0,1,23241887,1032,41,0,0
23133558,1774,81,0,0,23156923,1160,36,0,0
23176967,1916,85,0,2,23260605,654,99,0,0
23239691,717,48,0,10,23121530,719,50,0,0
23224113,1046,29,0,1,23164263,998,55,0,0
23140792,763,52,0,0,23207287,1823,30,0,0
23177105,914,38,0,1,23155933,204,70,0,0
23202053,2095,56,0,1,23190998,608,257,0,0
23260432,555,18,0,1,23217129,1936,48,0,0
23236093,1126,83,0,0,23170387,327,34,0,0
23209983,2066,37,0,2,23162661,1870,85,0,0
23234416,1662,24,0,1,23190148,564,71,0,0
23159385,827,36,0,3,23153971,699,33,0,0
23182473,891,29,0,3,23226231,978,42,0,0
23133612,504,54,0,16,23256510,989,38,0,0
23209443,1197,40,0,4,23183748,1552,62,0,0
23228834,1405,42,0,0,23119100,374,18,0,0
23119339,1563,72,0,7,23144797,929,29,0,0
23140770,188,100,0,2,23160965,1634,25,0,0
23200197,671,52,0,3,23192295,1746,42,0,0
23250873,738,139,0,12,23259155,653,53,0,0
23238586,436,49,0,0,23196906,1192,27,0,0
23203945,958,52,0,0,23138276,1053,32,0,0
23194869,992,76,0,0,23163381,236,45,0,0
23125507,855,48,0,1,23193608,242,36,0,0
23262569,1034,26,0,5,23247852,991,44,0,0
23170322,1438,36,0,1,23215512,1327,27,0,0
23145273,1156,37,0,0,23257782,1288,63,0,0
23189948,1060,21,0,0,23140740,1708,53,0,0
23201829,1077,40,0,0,23162476,990,42,0,0
23203891,1121,45,0,9,23159706,617,46,0,0
23212319,897,32,0,1,23171762,1783,41,0,0
23145551,148,67,0,1,23131426,403,57,0,0
23176600,499,69,0,0,23258979,168,53,0,0
23188828,2382,32,0,1,23122641,1375,30,0,0
23140728,1792,66,0,2,23180211,612,24,0,0
23244113,957,41,0,1,23190728,932,92,0,0
23146754,1749,44,0,5,23264169,664,53,0,0
23141330,565,107,0,0,23261496,921,56,0,0
23240521,378,36,0,1,23245582,558,36,0,0
23157058,673,55,0,4,23126063,675,41,0,0
23244638,437,17,0,1,23245697,724,39,0,0
23193718,729,88,0,2,23248910,932,62,0,0
23265896,661,29,0,4,23173886,1410,26,0,0
23192924,897,61,0,1,23165989,701,54,0,0
23169402,1174,62,0,2,23256784,1608,104,0,0
23258546,2382,49,0,3,23211980,679,42,0,0
23127177,1419,46,0,1,23205887,2159,55,0,0
23154834,545,45,0,1,23222625,658,30,0,0
23240767,1240,70,0,0,23168156,1342,91,0,0
23212394,2123,26,0,11,23264192,833,34,0,0
23207895,1516,85,0,0,23189386,1474,48,0,0
23138892,606,57,0,3,23230337,623,62,0,0
23138113,354,26,0,6,23164262,2559,30,0,0
23165854,637,63,0,3,23225383,2521,63,0,0
23214149,621,35,0,5,23135728,1194,48,0,0
23228844,967,41,0,1,23230373,2407,70,0,0
23128598,1161,40,0,4,23209072,904,92,0,0
23204301,619,44,0,9,23143940,1641,29,0,0
23231497,1396,42,0,3,23244184,1794,18,0,0
23240065,1812,33,0,6,23228807,1731,67,0,0
23203611,871,49,0,3,23221798,810,78,0,0
23155338,1015,61,0,1,23159018,598,126,0,0
23246559,1424,39,0,2,23175049,1430,72,0,0
23169925,678,44,0,0,23167375,571,22,0,0
23153397,548,84,0,1,23235501,1313,85,0,0
23228965,1430,86,0,4,23232296,950,88,0,0
23229975,779,49,0,3,23152470,1779,35,0,0
23235046,1879,28,0,3,23196743,1230,19,0,0
23181413,472,28,0,3,23221890,2255,62,0,0
23147883,602,47,0,5,23132653,1839,50,0,0
23203436,1594,24,0,1,23209944,1386,40,0,0
23144951,1323,22,0,3,23213599,2273,89,0,0
23156052,1164,36,0,4,23130067,1026,39,0,0
23130579,965,403,0,2,23250663,1268,80,0,0
23177558,1184,38,0,0,23170044,1276,44,0,0
23190049,1686,36,0,0,23181978,1092,39,0,0
23141168,1612,39,0,10,23171268,1108,44,0,0
23131761,958,39,0,0,23216001,417,33,0,0
23233785,1665,72,0,1,23140802,920,63,0,0
23136801,766,34,0,3,23248549,1604,50,0,0
23163874,943,37,0,4,23208093,1058,25,0,0
23209520,1592,43,0,3,23250592,2094,42,0,0
23184861,1215,31,0,2,23136351,1605,25,0,0
23193681,1083,63,0,8,23202805,1108,69,0,0
23188286,1256,37,0,0,23186717,2087,49,0,0
23255795,2139,29,0,3,23126827,903,32,0,0
23254239,1301,28,0,0,23172163,1691,54,0,0
23234842,656,63,0,5,23157431,974,22,0,0
23257665,1463,53,0,5,23174354,819,42,0,0
23243189,1093,44,0,0,23165935,1226,46,0,0
23163665,1665,35,0,0,23124348,1089,26,0,0
23183349,728,59,0,5,23156600,2213,31,0,0
23265093,785,37,0,0,23171814,1140,68,0,0
23137827,1089,57,0,0,23156335,907,59,0,0
23215833,526,56,0,1,23246995,906,51,0,0
23158502,712,57,0,1,23266843,1430,44,0,0
23125660,1165,52,0,1,23228367,1371,47,0,0
23148184,2545,39,0,3,23230760,1034,53,0,0
23144499,2423,68,0,4,23193439,2071,51,0,0
23225497,179,35,0,19,23255913,715,55,0,0
23215515,481,87,0,2,23189059,1134,65,0,0
23242782,1821,62,0,5,23264826,997,109,0,0
23162784,1278,30,0,4,23158031,1382,21,0,0
23232355,1056,31,0,4,23142006,957,27,0,0
23153812,1171,19,0,0,23200340,664,64,0,0
23155367,1620,21,0,3,23199695,692,51,0,0
23268528,2089,45,0,2,23237055,1891,41,0,0
23157308,1783,40,0,0,23234128,1165,87,0,0
23263395,1184,43,0,6,23235197,450,103,0,0
23132616,720,26,0,0,23128564,1155,30,0,0
23193896,761,64,0,4,23156921,1199,66,0,0
23225632,688,44,0,0,23124129,1237,37,0,0
23188994,1182,46,0,4,23180471,655,24,0,0
23168981,1168,70,0,4,23226834,799,90,0,0
23202709,688,50,0,1,23235997,897,56,0,0
23234292,1513,25,0,2,23197454,707,40,0,0
23226909,1904,54,0,1,23229694,1181,31,0,0
23130719,534,81,0,1,23227905,1899,40,0,0
23271427,1037,25,0,3,23130706,1634,52,0,0
23200975,978,36,0,1,23270516,956,42,0,0
23159420,1077,46,0,1,23238714,470,50,0,0
23259513,1357,69,0,2,23231961,1094,46,0,0
23190724,1300,38,0,4,23148525,357,44,0,0
23178971,1042,69,0,0,23136027,1567,45,0,0
23131946,767,42,0,6,23219391,611,43,0,0
23196712,598,49,0,1,23146628,1426,31,0,0
23155167,1324,72,0,5,23176111,2041,69,0,0
23250079,2051,65,0,1,23202228,1131,53,0,0
23149047,1057,42,0,0,23138019,489,43,0,0
23202129,1908,65,0,0,23192257,839,57,0,0
23254505,718,52,0,1,23183497,1234,62,0,0
23195650,786,42,0,2,23134579,2247,33,0,0
23179922,1074,40,0,2,23272247,766,34,0,0
23159126,215,23,0,1,23226150,1052,48,0,0
23195918,1723,57,0,7,23203422,1506,26,0,0
23140038,975,44,0,2,23125682,1238,37,0,0
23233755,680,36,0,0,23185289,814,87,0,0
23150776,939,40,0,0,23212138,826,47,0,0
23164628,1053,44,0,4,23261235,1400,45,0,0
23269442,877,53,0,0,23213230,1840,42,0,0
23223537,1588,60,0,0,23188423,1079,55,0,0
23226123,671,71,0,4,23214226,1162,27,0,0
23249189,974,22,0,1,23179781,1030,70,0,0
23228226,1383,60,0,3,23178598,1771,16,0,0
23185819,1717,25,0,3,23209199,928,59,0,0
23128140,2141,29,0,1,23146979,992,41,0,0
23256812,1192,63,0,1,23273125,639,48,0,0
23201904,1804,32,0,1,23154549,613,59,0,0
23125769,505,47,0,1,23218967,966,29,0,0
23131725,415,65,0,1,23128014,2203,52,0,0
23263425,2221,33,0,2,23132756,1460,54,0,0
23189801,982,43,0,0,23256748,1516,39,0,0
23125950,893,60,0,0,23245191,775,25,0,0
23250323,2291,42,0,1,23226892,662,24,0,0
23180131,1133,63,0,12,23201110,1439,46,0,0
23173703,986,74,0,0,23134332,884,68,0,0
23192444,1111,59,0,1,23237056,1966,35,0,0
23173050,694,92,0,2,23188593,325,48,0,1
23155743,2053,27,0,1,23142977,927,69,0,0
23156916,635,63,0,0,23216732,1032,46,0,0
23217013,834,38,0,0,23239712,175,86,0,0
23222041,2120,30,0,0,23136340,651,115,0,0
23127403,870,53,0,2,23261506,847,56,0,0
23254571,951,39,0,1,23153304,1583,34,0,0
23180673,922,43,0,1,23223572,1616,57,0,0
23258270,468,23,0,0,23258316,925,68,0,0
23223809,649,54,0,0,23187116,1921,46,0,1
23213465,936,39,0,3,23165058,1299,120,0,0
23145184,1344,63,0,0,23152953,645,73,0,0
23192307,550,32,0,1,23222791,1169,14,0,0
23231040,157,39,0,0,23197987,710,31,0,0
23196593,648,62,0,3,23177372,1665,21,0,0
23206125,2577,23,0,0,23273108,1127,38,0,0
23153569,1312,57,0,2,23180667,555,46,0,0
23223772,743,95,0,0,23236442,1471,28,0,0
23219687,343,89,0,1,23143921,641,52,0,0
23132493,1257,45,0,2,23260132,806,25,0,0
23228389,1011,45,0,4,23184815,1760,26,0,0
23134286,1618,22,0,2,23129631,257,41,0,0
23170903,1159,80,0,0,23174905,511,54,0,0
23190230,1066,56,0,0,23189731,1996,56,0,0
23203534,1373,40,0,1,23267777,1170,52,0,0
23230324,1470,103,0,3,23241495,2570,59,0,0
23143847,691,64,0,2,23152821,1338,29,0,0
23153924,1207,30,0,2,23246263,356,69,0,0
23173699,857,64,0,1,23208383,752,56,0,0
23219596,692,51,0,3,23255812,632,49,0,0
23246287,608,26,0,0,23250543,1877,49,0,0
23233001,818,35,0,0,23152783,711,88,0,0
23223550,964,27,0,0,23127821,1178,20,0,0
23244738,1815,75,0,11,23167587,2199,65,0,0
23239872,922,45,0,0,23255985,1417,28,0,0
23156553,1776,44,0,1,23194299,1164,28,0,0
23170324,1310,39,0,5,23131147,1704,22,0,0
23249748,1117,39,0,5,23132266,165,228,0,0
23241851,1754,33,0,4,23188633,1612,31,0,0
23238129,1086,41,0,1,23187892,531,21,0,1
23262280,1154,45,0,0,23208879,616,67,0,0
23216337,1473,53,0,7,23130028,1753,91,0,0
23152305,814,25,0,1,23180957,1571,25,0,0
23190549,808,50,0,1,23209037,1728,63,0,0
23260023,1061,181,0,1,23230089,718,30,0,0
23130858,738,76,0,2,23175741,932,66,0,0
23256442,620,38,0,0,23178257,1093,57,0,0
23208675,1184,65,0,4,23162213,2093,26,0,0
23249236,1570,41,0,0,23179615,1566,50,0,0
23211901,791,51,0,4,23220364,1308,51,0,0
23218402,1869,23,0,0,23257362,1928,45,0,0
23260881,1286,41,0,1,23173950,1131,79,0,0
23164562,342,65,0,1,23180440,1368,43,0,0
23150848,2537,22,0,4,23177865,1715,39,0,0
23193898,870,53,0,3,23133731,1138,56,0,0
23264695,1781,23,0,2,23180078,1071,60,0,0
23270953,978,52,0,0,23132600,579,31,0,0
23270527,1326,70,0,1,23188812,1045,33,0,0
23159015,1823,55,0,3,23129901,611,22,0,0
23169041,850,39,0,1,23240871,1063,49,0,0
23265878,2349,26,0,1,23190390,2392,34,0,0
23194478,1409,30,0,5,23215221,2139,56,0,0
23166455,1049,50,0,0,23274429,648,63,0,0
23228624,719,51,0,1,23262175,708,37,0,0
23226139,1635,32,0,1,23195238,926,37,0,0
23157181,1991,33,0,4,23141116,1473,62,0,0
23274583,1150,24,0,0,23211235,2537,45,0,0
23267115,1654,19,0,0,23137858,1155,59,0,0
23161507,1864,41,0,0,23159978,488,92,0,0
23215734,630,69,0,0,23139905,1354,48,0,0
23266077,706,55,0,0,23267997,1828,41,0,0
23169791,1110,33,0,0,23205726,1139,21,0,0
23134903,842,44,0,1,23207698,609,38,0,0
23176418,1110,57,0,1,23139489,996,45,0,0
23167704,2089,71,0,3,23158187,165,52,0,0
23140533,1831,34,0,2,23181042,1661,47,0,0
23229491,1957,28,0,0,23263951,1651,26,0,0
23274325,1646,41,0,2,23177659,2147,60,0,0
23135929,1342,42,0,0,23208085,1063,42,0,0
23138742,1269,79,0,0,23187392,322,42,0,0
23241219,1055,32,0,1,23145183,503,41,0,0
23141964,607,33,0,3,23178134,1403,59,0,0
23136161,1141,53,0,10,23241535,1127,28,0,0
23243535,1414,68,0,1,23246569,1615,228,0,0
23209484,460,23,0,2,23207298,1623,49,0,0
23142403,988,54,0,2,23243029,489,58,0,0
23217842,817,18,0,5,23191131,712,36,0,0
23233140,1150,25,0,2,23271957,1754,66,0,0
23182800,1763,71,0,0,23220886,1052,36,0,0
23233520,1104,34,0,4,23231851,1082,19,0,0
23192832,503,30,0,2,23194408,1680,36,0,0
23267875,1400,38,0,3,23186311,1087,33,0,0
23144872,1064,70,0,1,23225585,2128,35,0,0
23194891,932,57,0,3,23160575,908,50,0,0
23254502,851,36,0,2,23160485,1110,40,0,0
23230223,1315,71,0,1,23169645,1948,44,0,0
23197329,747,60,0,6,23179104,1597,19,0,0
23222720,1086,45,0,0,23180785,878,35,0,0
23145595,1161,35,0,14,23190467,717,68,0,0
23227205,313,41,0,1,23132643,1213,23,0,0
23174955,1030,55,0,3,23272094,1733,168,0,0
23189101,1315,32,0,1,23151479,1160,55,0,0
23217930,2157,23,0,1,23143825,825,223,0,0
23175929,1449,69,0,1,23256195,1874,20,0,0
23132578,1316,99,0,4,23149635,1721,60,0,0
23133148,894,122,0,7,23231450,855,49,0,0
23225724,1578,72,0,0,23137555,1176,42,0,0
23184466,1644,44,0,1,23136933,837,48,0,0
23178230,2174,24,0,2,23250793,457,44,0,0
23221577,317,47,0,2,23273545,1156,50,0,0
23176278,1500,56,0,1,23166616,314,60,0,0
23277480,1166,58,0,1,23169859,766,41,0,0
23238532,1001,59,0,3,23153527,1963,22,0,0
23132728,1166,33,0,4,23277395,2119,66,0,0
23228508,2393,46,0,5,23162944,1349,78,0,0
23181030,1588,32,0,1,23256753,863,75,0,0
23224592,1993,91,0,7,23205396,2446,43,0,0
23250445,977,33,0,1,23260368,1861,62,0,0
23225031,2123,61,0,2,23160937,864,56,0,0
23177404,647,19,0,0,23134206,253,58,0,0
23167852,1392,52,0,0,23150365,2039,36,0,0
23250042,255,90,0,1,23149535,1273,66,0,0
23166306,895,17,0,5,23193774,604,65,0,0
23252500,795,37,0,16,23183729,458,214,0,0
23223132,411,66,0,1,23276495,647,33,0,0
23154804,885,52,0,0,23170105,1780,54,0,0
23178404,805,45,0,1,23178604,550,95,0,0
23199118,2420,29,0,3,23175523,2060,35,0,0
23200234,882,329,0,2,23245510,1036,63,0,0
23230595,999,31,0,4,23278278,1001,65,0,0
23167568,465,32,0,4,23157726,1679,216,0,0
23273178,1579,45,0,0,23134790,959,50,0,0
23231542,1754,28,0,6,23157007,1201,58,0,0
23137666,2056,32,0,1,23266847,828,39,0,0
23200903,1510,23,0,2,23266486,655,58,0,0
23200298,1449,46,0,1,23182016,500,59,0,0
23274940,436,53,0,2,23134871,2284,41,0,0
23175364,580,28,0,1,23151954,1893,28,0,0
23140126,989,59,0,6,23168712,1294,42,0,0
23146071,1465,46,0,1,23174577,1045,32,0,0
23143088,1073,75,0,2,23216132,911,33,0,0
23280906,1556,34,0,0,23155880,644,66,0,0
23160562,933,25,0,1,23238380,1305,46,0,0
23186143,974,171,0,4,23173379,600,228,0,0
23175144,1362,28,0,1,23266733,1162,91,0,0
23137208,727,56,0,1,23228917,772,54,0,0
23151278,1299,69,0,3,23196078,1312,58,0,0
23165493,966,52,0,2,23263100,1041,42,0,0
23253019,1892,27,0,1,23243198,2193,17,0,0
23224818,1586,71,0,1,23154096,413,61,0,0
23240213,926,56,0,2,23224334,2194,65,0,0
23268567,1804,48,0,2,23135090,1625,35,0,0
23158815,133,33,0,4,23156977,996,60,0,0
23215963,787,44,0,4,23220138,1477,45,0,0
23224374,1146,70,0,0,23235943,1500,47,0,0
23260832,1734,29,0,15,23281597,1145,41,0,0
23149252,2567,57,0,5,23247310,1440,36,0,0
23201868,1993,26,0,3,23264810,1494,26,0,0
23158081,1157,128,0,3,23160783,1246,18,0,0
23202825,1674,45,0,11,23203125,787,29,0,0
23198036,1410,36,0,2,23158252,1063,49,0,0
23255161,1159,15,0,0,23258850,1224,55,0,0
23223685,934,38,0,0,23232599,937,48,0,0
23181422,1216,17,0,0,23138651,676,48,0,0
23191281,446,32,0,1,23279569,665,55,0,0
23255971,667,106,0,4,23190481,2523,26,0,0
23153483,211,36,0,4,23274734,1936,55,0,0
23149587,1573,30,0,3,23188437,832,65,0,0
23242169,117,65,0,0,23207678,693,33,0,0
23271666,1379,34,0,0,23216439,1231,30,0,0
23163106,966,36,0,1,23179491,2282,48,0,0
23240535,845,45,0,1,23262069,1016,30,0,0
23226313,393,43,0,0,23203721,850,35,0,0
23245233,1090,30,0,3,23178698,2142,81,0,0
23156614,870,69,0,2,23284230,985,98,0,0
23244526,1314,29,0,2,23196066,1800,43,0,0
23214105,642,45,0,1,23261075,2072,64,0,0
23157745,796,41,0,1,23283703,1602,57,0,0
23203412,1483,50,0,1,23167329,2227,35,0,0
23180250,1132,22,0,2,23269369,1113,36,0,0
23139251,761,48,0,3,23166688,1605,28,0,0
23211500,730,82,0,1,23168352,2072,19,0,0
23164559,1133,18,0,2,23190232,1039,30,0,0
23254165,1190,31,0,3,23240618,631,46,0,0
23202769,1407,70,0,6,23175066,1087,38,0,0
23248648,2210,39,0,2,23227920,1058,65,0,0
23211505,1871,44,0,5,23283001,228,79,0,0
23157366,1164,43,0,1,23230940,939,46,0,0
23152077,1531,50,0,1,23205715,2171,51,0,1
23252877,1070,29,0,2,23195096,927,58,0,0
23207027,1501,36,0,1,23276306,430,36,0,0
23224576,1301,56,0,5,23142745,476,46,0,0
23153109,1488,40,0,0,23169082,562,41,0,0
23193846,1108,29,0,3,23262506,1797,28,0,0
23210621,1397,75,0,2,23197858,1282,31,0,0
23246071,230,135,0,0,23247227,2500,47,0,0
23166764,2172,36,0,5,23245376,713,64,0,0
23168378,934,50,0,4,23197020,1356,61,0,0
23159478,1123,87,0,0,23221877,549,53,0,0
23264748,793,61,0,2,23175399,233,84,0,0
23177411,2255,52,0,1,23258840,1327,23,0,0
23188356,716,64,0,1,23155465,502,55,0,0
23285793,1125,51,0,2,23230583,1039,225,0,0
23179784,560,45,0,0,23276484,533,35,0,0
23145351,547,20,0,3,23139292,851,62,0,0
23226088,1340,28,0,5,23257181,1117,48,0,0
23264362,1889,39,0,2,23229064,2043,29,0,0
23248836,1125,74,0,0,23142116,1296,48,0,0
23207688,1584,43,0,1,23278051,705,34,0,0
23176501,530,40,0,3,23219552,764,96,0,0
23180447,1328,123,0,1,23162904,1411,63,0,0
23178348,1109,61,0,3,23253468,915,43,0,0
23249010,1228,60,0,6,23224346,1636,32,0,0
23250530,1513,51,0,2,23189093,969,37,0,0
23246029,224,47,0,0,23241046,1463,28,0,0
23237494,1760,42,0,1,23212825,1519,28,0,0
23169385,959,58,0,1,23191237,2390,65,0,0
23278167,1640,47,0,1,23211531,1817,53,0,0
23169661,2597,67,0,4,23181084,1509,25,0,0
23214972,1209,34,0,4,23216469,1470,53,0,0
23209466,1130,91,0,1,23227392,1302,51,0,0
23139457,996,30,0,1,23274141,702,66,0,0
23195049,632,19,0,5,23287186,1860,33,0,0
23257225,1152,78,0,1,23149915,1271,23,0,0
23227817,1990,54,0,0,23147394,964,66,0,0
23259470,446,44,0,1,23147922,1144,67,0,0
23145150,1125,36,0,1,23182895,1823,36,0,0
23262422,1799,22,0,6,23257216,2227,43,0,0
23167938,821,32,0,0,23281109,150,72,0,0
23247683,821,78,0,4,23179898,1100,51,0,0
23148718,2114,47,0,4,23218939,974,65,0,0
23220908,1111,29,0,0,23184710,465,47,0,0
23286058,1043,27,0,4,23186242,406,63,0,0
23229692,930,72,0,2,23184027,793,36,0,0
23210396,588,50,0,0,23179055,302,39,0,0
23274776,687,44,0,2,23214004,1205,58,0,0
23200262,1054,36,0,0,23175679,990,76,0,0
23205168,1961,41,0,1,23159146,962,38,0,0
23286718,2432,31,0,5,23189682,2121,62,0,0
23205909,288,40,0,6,23209862,1514,44,0,0
23179669,1322,154,0,7,23182593,1157,88,0,0
23208846,1205,28,0,9,23272701,1203,73,0,0
23202887,1058,88,0,2,23278465,1598,56,0,0
23249126,600,45,0,2,23181875,1099,26,0,0
23224027,732,53,0,6,23181729,1933,32,0,0
23184586,725,33,0,3,23236270,696,40,0,0
23192194,840,89,0,2,23217897,1147,57,0,0
23167608,948,45,0,2,23203493,478,31,0,0
23200610,1359,57,0,2,23255070,631,74,0,0
23222655,1273,21,0,0,23182567,1038,73,0,0
23225803,1334,46,0,1,23156846,1820,42,0,0
23280239,1777,30,0,6,23236951,1259,53,0,0
23182212,1630,46,0,3,23159981,531,65,0,0
23216399,1170,25,0,8,23271749,1496,41,0,0
23176528,2089,67,0,1,23215332,2513,24,0,0
23151364,712,87,0,0,23257260,841,39,0,0
23193473,1117,60,0,1,23169006,832,55,0,0
23171188,1981,18,0,1,23280969,1328,21,0,0
23237248,1616,42,0,0,23145052,1558,26,0,0
23262673,2066,17,0,1,23179735,641,32,0,0
23260935,1092,94,0,7,23279969,1040,99,0,0
23243729,1570,59,0,0,23235746,1151,27,0,0
23269830,168,125,0,4,23187288,1610,48,0,0
23238929,1145,19,0,3,23153600,1470,64,0,0
23175231,1269,35,0,0,23216908,622,59,0,0
23283301,896,57,0,3,23180904,892,64,0,0
23173121,1006,63,0,6,23151962,656,19,0,0
23189626,1313,86,0,1,23208214,355,58,0,0
23205560,500,53,0,1,23270253,1654,23,0,0
23165592,662,79,0,2,23176700,325,23,0,0
23213238,607,98,0,0,23144416,895,73,0,0
23188003,1105,28,0,1,23186264,1179,68,0,0
23228502,411,70,0,1,23280935,2279,73,0,0
23143456,986,46,0,2,23268339,410,46,0,0
23207838,186,98,0,4,23249997,741,39,0,0
23256923,1480,29,0,1,23206640,1262,43,0,0
23178269,1827,46,0,1,23180100,1330,55,0,0
23169467,327,41,0,0,23152796,1240,43,0,0
23271449,1913,37,0,2,23191840,1385,48,0,0
23198981,226,65,0,2,23163873,502,47,0,0
23231571,1037,22,0,3,23189072,1731,48,0,0
23277808,474,44,0,2,23290994,322,40,0,0
23162979,334,84,0,3,23165838,415,29,0,0
23244835,378,44,0,1,23190202,640,37,0,0
23179993,991,46,0,0,23264571,700,83,0,0
23227283,1698,43,0,6,23202832,992,29,0,0
23164614,1484,41,0,1,23153034,620,73,0,0
23261300,1509,74,0,1,23172161,1556,60,0,0
23277038,424,52,0,2,23284648,727,25,0,0
23181551,2572,45,0,0,23282734,1409,31,0,0
23218171,1197,63,0,1,23240529,2579,64,0,0
23279828,359,16,0,0,23267261,621,52,0,0
23180096,813,29,0,4,23233503,179,41,0,0
23145498,1469,46,0,1,23176705,1470,45,0,0
23209767,2011,39,0,9,23229424,1300,37,0,0
23184160,1378,30,0,0,23242000,491,93,0,0
23293016,2113,19,0,1,23286039,1620,53,0,0
23263660,1776,52,0,8,23236355,1369,16,0,0
23260670,1811,17,0,0,23286322,1095,61,0,0
23167205,1860,51,0,2,23281093,1278,83,0,0
23241069,2502,28,0,5,23208941,949,85,0,0
23204478,885,30,0,6,23213860,2143,33,0,0
23201950,424,76,0,2,23264365,1185,32,0,0
23212757,1962,35,0,1,23221261,974,78,0,0
23156709,1743,84,0,9,23253939,303,38,0,0
23245134,309,23,0,3,23266318,420,136,0,0
23168971,1977,26,0,0,23184007,727,22,0,0
23166552,2023,19,0,4,23152771,1485,82,0,0
23154559,994,106,0,2,23178589,693,40,0,0
23172403,953,52,0,4,23266954,1139,86,0,0
23249703,917,36,0,4,23231114,1495,50,0,0
23184609,364,65,0,1,23235572,587,68,0,0
23265570,1692,61,0,1,23194660,1408,33,0,0
23279063,1110,42,0,0,23230712,672,26,0,0
23243668,678,32,0,6,23238321,681,81,0,0
23164910,1042,45,0,1,23158422,1193,62,0,0
23291693,433,57,0,0,23266403,1732,60,0,0
23253257,1111,48,0,0,23257983,1857,41,0,0
23207982,1125,17,0,5,23183653,1087,69,0,0
23220423,1835,45,0,3,23187826,145,32,0,0
23232385,853,39,0,0,23215164,2103,94,0,0
23212991,1174,46,0,0,23246602,1699,28,0,0
23158779,494,86,0,1,23231939,609,65,0,0
23174684,1611,43,0,2,23199826,1951,25,0,0
23215966,1495,68,0,0,23260114,1479,46,0,0
23234060,1367,48,0,4,23152103,1032,65,0,0
23282438,1014,37,0,0,23256269,1736,39,0,0
23202345,1086,93,0,2,23281220,1660,49,0,0
23227529,1916,36,0,1,23284354,1440,34,0,0
23155994,850,40,0,2,23195767,2241,42,0,0
23175311,1324,36,0,0,23168127,687,73,0,0
23283771,1275,87,0,3,23286414,698,34,0,0
23258063,1432,27,0,3,23182377,1187,51,0,0
23259036,571,29,0,2,23252322,832,88,0,0
23188102,1697,29,0,1,23178573,546,49,0,0
23236007,1228,66,0,6,23252311,1017,35,0,0
23207537,337,115,0,2,23192942,1097,15,0,0
23156261,1084,54,0,1,23162461,1061,56,0,0
23166096,1137,53,0,1,23215165,739,36,0,0
23257735,1884,47,0,1,23266563,785,51,0,0
23167971,1643,55,0,4,23163428,184,43,0,0
23250221,843,29,0,3,23184477,254,64,0,0
23186617,2320,81,0,1,23261524,1079,32,0,0
23277321,1290,25,0,1,23166970,667,49,0,0
23228712,803,29,0,2,23157901,638,40,0,0
23249730,103,45,0,0,23178592,1338,46,0,0
23220202,550,42,0,1,23172990,781,53,0,0
23155702,633,184,0,1,23161008,1183,46,0,0
23278149,1728,25,0,1,23155307,588,56,0,0
23247286,1383,44,0,2,23166977,1074,39,0,0
23174559,824,28,0,1,23189129,2123,41,0,0
23236656,1915,44,0,2,23213870,1239,41,0,0
23162801,1685,40,0,3,23202904,1030,89,0,0
23271816,2422,24,0,5,23256557,1447,31,0,0
23254393,2559,50,0,1,23154176,1278,42,0,0
23216918,404,84,0,0,23287040,1630,22,0,0
23261356,883,28,0,1,23200157,262,89,0,0
23293945,1269,11,0,3,23189461,191,65,0,0
23265324,1598,33,0,2,23176952,619,67,0,0
23261603,502,41,0,1,23220860,1545,51,0,0
23223563,2123,50,0,1,23187221,1032,37,0,0
23150262,1651,69,0,1,23178999,964,41,0,0
23179554,679,129,0,1,23242050,2585,24,0,0
23226885,1191,53,0,1,23252836,904,78,0,0
23167056,2298,40,0,10,23205381,2434,31,0,0
23280082,1855,50,0,0,23212605,2132,33,0,0
23277088,645,63,0,3,23223446,1824,59,0,0
23248107,1116,20,0,0,23181656,1800,45,0,0
23195910,1000,60,0,2,23271564,458,54,0,0
23263354,1311,48,0,3,23252560,283,28,0,0
23242138,466,35,0,2,23288406,1547,18,0,0
23241371,737,65,0,5,23168155,2093,44,0,0
23181525,1607,60,0,1,23298532,772,81,0,0
23250870,1370,38,0,0,23181056,591,40,0,0
23201794,923,50,0,2,23153454,191,100,0,0
23156020,2372,32,0,0,23263102,244,27,0,0
23187978,2000,45,0,3,23256638,442,47,0,0
23159151,1357,38,0,6,23288644,142,25,0,0
23268356,441,37,0,1,23165571,1268,59,0,0
23162992,1040,55,0,3,23159641,845,55,0,0
23278270,1204,29,0,3,23175363,982,35,0,0
23196183,894,57,0,3,23214911,1674,108,0,0
23217698,1615,44,0,2,23279690,1531,48,0,0
23252886,1358,83,0,2,23242159,1703,43,0,0
23153274,422,41,0,6,23177839,1047,74,0,0
23285419,1632,83,0,0,23164779,1183,81,0,0
23189899,963,24,0,1,23216938,1030,42,0,0
23248234,535,43,0,6,23170778,622,100,0,0
23240389,1190,40,0,9,23203617,1844,53,0,0
23244313,1220,32,0,3,23178613,974,31,0,0
23290615,683,25,0,2,23265736,1395,57,0,0
23204118,1494,66,0,3,23216978,913,142,0,0
23227712,855,44,0,0,23195312,828,39,0,0
23169979,229,29,0,8,23250398,1300,71,0,0
23162618,833,40,0,3,23217367,1204,65,0,0
23159276,890,43,0,4,23190397,470,57,0,0
23187307,1429,52,0,0,23225747,2376,66,0,0
23200054,806,83,0,2,23276447,957,35,0,0
23197663,494,32,0,1,23203123,1332,39,0,0
23280462,1339,34,0,3,23154037,591,36,0,0
23250405,725,47,0,2,23209091,1367,47,0,0
23296808,962,44,0,0,23222557,1691,14,0,0
23258570,700,33,0,0,23202682,2539,39,0,0
23179140,1375,43,0,1,23211946,514,29,0,0
23204807,903,51,0,1,23235951,1122,27,0,0
23279862,976,25,0,1,23161039,1139,67,0,0
23218196,535,41,0,1,23163827,767,65,0,0
23159082,1005,87,0,0,23165033,1239,18,0,0
23209451,247,38,0,2,23233690,2097,55,0,0
23287662,1988,30,0,3,23155991,603,115,0,0
23243507,1246,62,0,2,23285336,777,79,0,0
23248664,676,21,0,0,23198933,1370,36,0,0
23199476,1181,26,0,5,23266716,1086,51,0,0
23233371,558,55,0,9,23241329,1709,78,0,0
23301120,772,66,0,6,23181816,859,41,0,0
23185360,1127,30,0,1,23216043,874,35,0,0
23245669,1197,33,0,0,23213032,661,49,0,0
23158614,724,93,0,0,23206228,1606,45,0,0
23257230,572,58,0,0,23197506,365,84,0,0
23253596,1058,37,0,1,23210763,2205,26,0,0
23245507,1225,26,0,0,23201078,650,15,0,0
23213918,938,89,0,0,23199978,699,89,0,0
23177952,1063,39,0,0,23223447,2054,30,0,0
23189225,837,59,0,13,23221548,464,51,0,0
23187703,983,65,0,0,23296878,1631,74,0,0
23243932,1414,125,0,3,23174363,908,62,0,0
23230661,1612,11,0,5,23294246,1673,69,0,0
23203113,905,69,0,0,23265974,1922,30,0,0
23286492,306,41,0,2,23263850,1123,56,0,0
23203186,1686,18,0,1,23275505,1100,72,0,0
23211779,871,94,0,4,23271266,969,60,0,0
23170353,1346,48,0,6,23227750,1670,65,0,0
23250949,523,76,0,5,23205470,1025,76,0,0
23299388,921,37,0,1,23185761,1641,66,0,0
23285980,2290,76,0,5,23203557,861,79,0,0
23187078,921,97,0,2,23206429,858,30,0,0
23157542,983,46,0,0,23168063,681,41,0,0
23303945,1733,42,0,4,23216769,1906,41,0,0
23257487,986,36,0,0,23245965,704,53,0,0
23296834,1633,61,0,1,23243941,1244,76,0,0
23271197,1138,40,0,1,23280540,2149,28,0,0
23208353,855,33,0,5,23188148,1637,72,0,0
23176615,1268,82,0,2,23216010,700,75,0,0
23268006,1190,55,0,3,23268009,1271,58,0,0
23209799,623,27,0,1,23196239,1759,37,0,0
23258002,863,35,0,2,23247584,552,42,0,0
23164606,1034,34,0,2,23238613,602,67,0,0
23247538,1703,42,0,2,23257027,1182,47,0,0
23224257,1615,17,0,2,23236641,342,69,0,0
23181057,1440,73,0,3,23255631,1682,47,0,0
23211148,1032,32,0,3,23222390,1989,28,0,0
23204432,1671,39,0,7,23224669,1630,10,0,0
23155407,1490,47,0,3,23247452,1634,22,0,0
23238395,1399,39,0,0,23195259,1440,63,0,0
23194786,1751,12,0,4,23265304,1433,83,0,0
23246491,1175,20,0,4,23280776,799,32,0,0
23219227,2342,24,0,2,23212397,407,31,0,0
23221707,1726,43,0,1,23236976,1121,43,0,0
23237551,1622,37,0,4,23294402,1283,39,0,0
23225739,194,19,0,1,23223913,742,27,0,0
23298696,310,53,0,4,23256431,1906,43,0,0
23231597,403,48,0,5,23289069,1514,67,0,0
23208393,1027,60,0,1,23290643,1848,51,0,0
23185150,948,68,0,4,23191543,658,98,0,0
23294593,1983,37,0,4,23302732,1270,69,0,0
23216910,928,18,0,6,23166478,2106,33,0,0
23176464,1979,34,0,2,23252195,2024,82,0,0
23269086,1707,30,0,5,23258084,1248,191,0,0
23195570,1918,35,0,2,23206639,359,41,0,0
23194641,1891,89,0,3,23202533,689,44,0,0
23298976,957,79,0,1,23188218,812,65,0,0
23228266,1319,20,0,3,23296566,2181,53,0,0
23200429,1184,43,0,1,23217959,625,40,0,0
23208610,693,60,0,2,23181412,997,85,0,0
23279525,660,32,0,0,23217143,1472,30,0,0
23231480,850,46,0,2,23287834,1794,15,0,0
23200382,628,26,0,3,23279877,1528,48,0,0
23168927,1057,52,0,1,23249363,2192,75,0,0
23274388,1184,42,0,5,23305520,1275,43,0,0
23251892,508,99,0,1,23279306,790,44,0,0
23271961,1887,25,0,3,23180502,621,51,0,0
23286652,923,39,0,2,23222519,1166,34,0,0
23236691,1335,60,0,1,23180235,541,30,0,0
23225224,1219,65,0,3,23301773,160,92,0,0
23166337,978,46,0,1,23239106,2057,19,0,0
23274110,2272,50,0,1,23191809,1064,31,0,0
23307403,1920,37,0,1,23305315,1676,69,0,0
23267171,194,71,0,0,23294650,2475,30,0,0
23267904,1053,33,0,1,23277472,1646,57,0,0
23300051,1295,67,0,2,23161826,2145,44,0,0
23236738,726,66,0,2,23180941,502,26,0,0
23191431,796,57,0,0,23241056,1532,46,0,0
23200474,2148,51,0,4,23277458,563,29,0,0
23295307,1828,53,0,1,23234544,2311,117,0,0
23181945,832,58,0,1,23248453,1429,54,0,0
23159039,379,31,0,3,23233457,1093,39,0,0
23236643,2175,42,0,3,23179968,918,20,0,0
23182745,973,40,0,0,23200702,212,78,0,0
23195079,515,64,0,4,23265565,1128,17,0,0
23228880,1462,37,0,2,23229548,1041,53,0,0
23286407,137,39,0,5,23159586,477,55,0,0
23208215,1156,37,0,1,23285553,638,24,0,0
23284023,1662,32,0,2,23236693,832,61,0,0
23273049,919,34,0,1,23193168,1791,22,0,0
23268481,2218,24,0,5,23298236,260,40,0,0
23288404,1345,30,0,1,23203140,607,62,0,0
23230486,530,66,0,2,23186162,1100,26,0,1
23206971,711,57,0,2,23281713,1013,60,0,0
23194571,2120,46,0,12,23308261,2028,22,0,0
23160295,118,32,0,4,23258110,610,56,0,0
23208260,1488,40,0,2,23266662,1164,45,0,0
23206803,958,25,0,0,23216485,1440,26,0,0
23163697,1631,54,0,4,23268036,1048,70,0,0
23197669,810,49,0,6,23280369,1022,17,0,0
23179772,989,62,0,1,23296274,1474,37,0,0
23279899,1224,28,0,2,23224484,1700,23,0,0
23294873,1402,23,0,0,23207901,2576,33,0,0
23223144,1286,53,0,8,23300983,592,54,0,0
23207017,2509,34,0,2,23204510,817,40,0,0
23193309,1467,138,0,1,23206391,1412,58,0,0
23279708,748,126,0,5,23163039,1060,58,0,0
23246664,1083,37,0,6,23237819,1558,60,0,0
23189839,1699,66,0,0,23285363,1138,38,0,0
23249756,928,64,0,0,23247052,1104,28,0,0
23243047,1261,54,0,2,23229554,2588,38,0,0
23242825,2485,40,0,1,23306932,859,22,0,0
23202843,307,67,0,2,23288933,709,38,0,0
23229666,1065,64,0,0,23273700,1801,29,0,0
23226275,1704,50,0,2,23221113,1025,26,0,0
23253907,1157,54,0,2,23258548,649,45,0,0
23209966,1660,45,0,0,23191437,1062,25,0,0
23253812,1299,40,0,3,23202836,792,41,0,0
23173698,665,71,0,2,23166568,1234,60,0,0
23236827,543,56,0,0,23175658,1547,150,0,0
23204519,1025,47,0,0,23292496,245,26,0,0
23251299,1172,51,0,0,23167022,512,16,0,0
23249955,924,31,0,12,23296891,997,29,0,0
23214988,1057,62,0,1,23236640,742,53,0,0
23265131,2193,41,0,1,23201931,715,27,0,0
23192466,1290,61,0,1,23212835,2252,67,0,0
23248921,970,49,0,3,23178717,1041,74,0,0
23232031,627,40,0,0,23263491,569,41,0,0
23182809,1204,53,0,0,23179564,2458,55,0,0
23173057,869,74,0,8,23259203,1457,22,0,0
23178710,1676,138,0,3,23279851,1536,36,0,0
23299963,624,51,0,0,23265416,656,57,0,0
23309004,503,90,0,2,23173832,324,43,0,0
23272589,974,37,0,0,23291845,1384,59,0,0
23304068,1613,13,0,1,23236545,1147,23,0,0
23263497,1132,38,0,4,23263934,692,51,0,0
23243445,1647,34,0,0,23297731,621,41,0,0
23241841,779,26,0,1,23164346,1216,37,0,0
23288371,1949,23,0,0,23236374,1126,46,0,0
23199489,1149,54,0,2,23261003,1427,66,0,0
23293791,1006,33,0,2,23246714,1711,34,0,0
23243662,1475,33,0,1,23261901,1092,40,0,0
23300534,2095,79,0,1,23238908,1257,13,0,0
23305676,1617,60,0,1,23285664,1243,90,0,0
23177150,1749,20,0,0,23257892,1705,43,0,0
23280912,328,63,0,0,23293717,2155,34,0,0
23190472,993,57,0,0,23205401,602,24,0,0
23263546,1504,72,0,3,23294153,764,36,0,0
23263109,492,24,0,3,23196046,1042,36,0,0
23246025,1857,40,0,8,23269861,1232,34,0,0
23200272,1353,34,0,3,23225247,1920,76,0,0
23198084,1272,45,0,3,23193361,827,39,0,0
23272805,663,43,0,4,23262493,1502,38,0,0
23275569,617,43,0,1,23261729,622,55,0,0
23239729,1182,58,0,1,23189325,1724,47,0,0
23275201,2001,20,0,1,23212420,1121,29,0,0
23261741,2445,25,0,0,23297222,970,43,0,0
23223673,2355,69,0,2,23194949,699,75,0,0
23305993,1099,52,0,1,23234524,492,28,0,0
23308376,880,59,0,0,23312959,817,73,0,0
23205442,1378,42,0,0,23205493,767,164,0,0
23302951,909,29,0,1,23188318,509,42,0,0
23180123,1263,59,0,1,23223225,1086,87,0,0
23292635,1374,42,0,6,23225683,657,34,0,0
23295969,679,44,0,1,23275460,1294,32,0,0
23188386,934,40,0,0,23250756,559,89,0,0
23288796,2008,40,0,6,23172571,1227,40,0,0
23164771,1067,21,0,0,23200106,1247,39,0,0
23289262,1610,32,0,2,23218250,985,72,0,0
23269876,746,20,0,6,23201119,1511,40,0,0
23176655,764,49,0,6,23278737,904,27,0,0
23163410,1759,35,0,0,23179168,482,27,0,0
23272364,2338,43,0,1,23291989,643,51,0,0
23244842,911,72,0,0,23169652,1321,82,0,0
23305472,310,84,0,1,23259347,1450,17,0,0
23203022,2149,27,0,0,23299215,646,57,0,0
23287010,1650,62,0,3,23308222,857,60,0,0
23266647,1563,35,0,1,23218359,1055,78,0,0
23291063,1150,30,0,5,23295286,1074,26,0,0
23270789,963,40,0,0,23260798,1102,49,0,0
23220371,990,62,0,0,23167765,904,41,0,0
23215770,2208,31,0,1,23289583,2579,44,0,0
23243024,719,99,0,1,23272956,1451,46,0,0
23214999,987,59,0,10,23224830,1358,68,0,0
23305937,903,50,0,1,23274467,850,29,0,0
23269645,1854,16,0,2,23276890,1556,33,0,0
23170267,927,67,0,6,23177344,1727,34,0,0
23215709,1706,25,0,0,23218923,1445,39,0,0
23174653,937,26,0,3,23236090,1118,25,0,0
23294202,915,20,0,2,23284127,1682,31,0,0
23212532,1261,46,0,0,23199186,1534,231,0,0
23208403,1384,27,0,2,23181661,1177,66,0,0
23307989,1268,46,0,2,23186977,1027,115,0,0
23292027,776,50,0,3,23231633,1037,80,0,0
23280461,1026,52,0,3,23217935,655,70,0,0
23186082,1712,43,0,3,23240401,542,33,0,0
23196007,804,71,0,0,23271238,1844,20,0,0
23278315,1337,23,0,3,23169923,1020,37,0,0
23277500,1300,44,0,1,23233510,1093,35,0,0
23175788,1004,44,0,1,23254030,1966,51,0,0
23235851,1636,51,0,1,23313174,573,95,0,0
23194222,1595,56,0,10,23306689,422,43,0,0
23173722,1636,26,0,4,23204832,1063,56,0,0
23208655,1622,49,0,5,23256739,1221,59,0,0
23217205,899,24,0,0,23239717,442,53,0,0
23193615,681,33,0,7,23210211,1452,34,0,0
23210662,653,51,0,1,23272130,589,40,0,0
23187476,837,58,0,0,23269133,729,90,0,0
23292228,852,50,0,8,23226905,609,21,0,0
23258048,987,41,0,3,23177227,604,91,0,0
23216087,1111,29,0,2,23194058,299,58,0,0
23256572,771,38,0,0,23212897,1055,54,0,0
23282926,556,32,0,2,23182807,1233,43,0,0
23267247,2273,50,0,1,23243057,1205,79,0,0
23293877,869,48,0,3,23211814,2413,38,0,0
23188215,1942,34,0,4,23291925,1908,59,0,0
23240199,631,23,0,0,23204457,1169,55,0,0
23272208,542,21,0,2,23231383,1324,28,0,0
23304510,2089,41,0,5,23210509,1166,38,0,0
23196119,895,37,0,1,23178264,739,62,0,0
23195074,2153,24,0,4,23217220,1125,65,0,0
23207636,1980,45,0,2,23308271,790,31,0,0
23312231,528,50,0,3,23307066,1537,66,0,0
23304531,1716,18,0,4,23292765,718,39,0,0
23172739,913,52,0,3,23203243,801,73,0,0
23300157,999,49,0,0,23189693,1469,43,0,0
23211577,578,37,0,3,23234947,951,75,0,0
23209611,1204,65,0,1,23169199,1127,71,0,0
23215708,1903,37,0,2,23203867,1062,71,0,0
23273488,1660,44,0,1,23204625,2295,34,0,0
23281984,2045,45,0,6,23253623,1779,30,0,0
23273201,757,30,0,0,23307504,121,44,0,0
23244496,1984,31,0,2,23206962,1820,33,0,0
23232301,1956,34,0,8,23254295,1009,31,0,0
23257236,1134,57,0,0,23176040,1938,55,0,0
23312968,937,53,0,1,23249935,1245,64,0,0
23310229,1158,38,0,3,23239588,1164,62,0,0
23301854,1336,34,0,9,23185678,1473,35,0,0
23229543,1117,29,0,1,23235828,1139,57,0,0
23291526,1151,45,0,3,23266297,1113,47,0,0
23190718,816,35,0,2,23295017,1797,21,0,0
23171444,2583,36,0,1,23279555,1027,79,0,0
23230697,1703,43,0,0,23236632,1139,26,0,0
23170143,1449,52,0,12,23175419,1681,48,0,0
23295317,614,75,0,0,23272111,1141,26,0,0
23208797,1578,52,0,9,23300957,947,55,0,0
23313629,965,31,0,2,23304524,1603,50,0,0
23265265,859,41,0,1,23291593,1127,17,0,0
23293004,328,39,0,6,23269595,1439,39,0,0
23203213,2116,59,0,2,23295974,1462,50,0,0
23224653,1158,17,0,2,23219019,1609,25,0,0
23241701,1500,44,0,5,23290340,2250,36,0,0
23177980,724,44,0,0,23276397,1107,51,0,0
23311300,1112,87,0,4,23173167,502,33,0,0
23254044,1205,52,0,3,23290844,1928,43,0,0
23220803,782,43,0,7,23192514,1676,41,0,0
23197159,902,78,0,5,23240612,1767,45,0,0
23227820,516,80,0,0,23314914,1270,36,0,0
23270172,1296,59,0,2,23189250,1059,18,0,0
23180137,2126,19,0,1,23240052,1189,48,0,0
23198229,1813,55,0,6,23294507,1062,59,0,0
23240935,1642,48,0,0,23270296,2114,28,0,0
23205108,731,47,0,3,23280796,1354,52,0,0
23213477,1364,66,0,4,23177277,838,49,0,0
23203302,646,42,0,2,23285170,832,22,0,0
23218518,261,57,0,2,23245137,1470,43,0,0
23252926,2192,27,0,1,23289160,437,44,0,0
23279582,1159,57,0,0,23211656,1172,23,0,0
23176990,1361,51,0,1,23278273,673,27,0,0
23204749,1270,43,0,0,23210044,326,42,0,0
23218920,1490,70,0,1,23207330,540,30,0,0
23207405,537,44,0,4,23313196,1257,128,0,0
23300081,933,92,0,1,23255905,114,32,0,0
23261695,707,102,0,1,23186853,501,43,0,0
23314167,413,63,0,2,23290552,1278,73,0,0
23299885,923,46,0,4,23208570,1990,46,0,0
23270229,1317,39,0,3,23310471,1448,30,0,0
23174017,386,34,0,1,23264323,1034,41,0,0
23286197,564,97,0,0,23199545,1628,29,0,0
23256730,1752,36,0,0,23252194,687,94,0,0
23205376,1327,93,0,4,23316135,914,25,0,0
23233943,1495,39,0,7,23256663,953,16,0,0
23298512,1267,54,0,12,23290678,827,54,0,0
23307412,1175,88,0,2,23283366,843,65,0,0
23287613,841,126,0,4,23212826,1138,53,0,0
23200986,1477,51,0,2,23264757,1170,28,0,0
23198700,409,63,0,0,23314178,723,36,0,0
23287153,332,68,0,6,23248636,606,66,0,0
23205322,2049,28,0,5,23298705,1631,29,0,0
23268814,975,45,0,1,23236576,1505,36,0,0
23209817,444,44,0,2,23196900,1236,69,0,0
23243559,2281,53,0,5,23263998,2555,41,0,0
23206412,748,48,0,1,23198335,670,19,0,1
23300385,746,40,0,1,23280810,1486,30,0,0
23216851,474,77,0,1,23195478,2122,38,0,0
23257603,756,26,0,1,23274489,1584,28,0,0
23275908,2173,29,0,5,23319808,1205,69,0,0
23264737,605,35,0,1,23317710,308,42,0,0
23205420,1091,145,0,1,23247636,890,65,0,0
23286332,1513,47,0,0,23229467,1405,55,0,0
23286291,1566,43,0,1,23206545,977,18,0,0
23193082,904,56,0,0,23196324,2048,38,0,0
23228850,536,45,0,4,23219716,1790,57,0,0
23176515,893,40,0,0,23278119,633,64,0,0
23312851,1336,90,0,11,23268935,278,64,0,0
23224706,1277,38,0,1,23202447,906,40,0,0
23250448,1543,33,0,1,23300599,1061,40,0,0
23205630,1546,34,0,0,23250796,753,67,0,0
23248367,1399,27,0,3,23218414,233,27,0,0
23266854,898,54,0,2,23280775,1276,36,0,0
23225040,970,12,0,4,23185431,685,37,0,0
23323074,1983,49,0,0,23195076,589,45,0,0
23287235,876,59,0,4,23223545,782,37,0,0
23214973,545,30,0,0,23316619,1937,38,0,0
23266786,1221,96,0,1,23262566,1253,43,0,0
23276134,1099,21,0,1,23176722,1253,91,0,0
23276972,532,41,0,1,23295215,1799,84,0,0
23189313,2077,25,0,10,23246535,901,39,0,0
23313496,1730,32,0,3,23272642,1513,39,0,0
23215014,964,81,0,0,23254019,1817,127,0,0
23258235,1755,63,0,2,23206642,211,35,0,0
23261921,1256,32,0,3,23315733,905,57,0,0
23189983,842,43,0,0,23183100,795,38,0,0
23278770,727,40,0,1,23184946,728,38,0,0
23193400,1385,48,0,1,23295125,1255,26,0,0
23283720,832,39,0,3,23200904,1125,40,0,0
23308160,1037,42,0,0,23182764,1715,36,0,0
23181193,1516,68,0,4,23314017,1132,35,0,0
23257161,1692,31,0,1,23199449,1065,35,0,0
23257224,561,19,0,3,23191321,2520,36,0,0
23317388,319,52,0,1,23213260,920,47,0,0
23256319,2076,36,0,2,23201459,1330,33,0,0
23315316,476,84,0,0,23300710,627,37,0,0
23228934,724,38,0,1,23243837,1138,47,0,0
23226226,617,43,0,3,23300343,963,33,0,0
23268729,1192,45,0,1,23186998,193,61,0,0
23189747,600,216,0,1,23228114,2047,61,0,0
23302775,1015,71,0,1,23183137,422,80,0,0
23177782,803,15,0,1,23321883,2298,35,0,0
23316173,1154,29,0,1,23196401,1441,33,0,0
23302764,1692,49,0,2,23266159,1578,27,0,0
23189605,1823,42,0,5,23318009,1093,57,0,0
23190385,503,47,0,1,23314760,1558,48,0,0
23321941,1160,28,0,7,23198704,1023,34,0,0
23204033,1533,37,0,3,23275475,939,24,0,0
23258681,822,38,0,4,23196874,1086,63,0,0
23256152,1099,28,0,9,23285000,1835,37,0,0
23264564,1769,27,0,2,23239003,878,65,0,0
23270399,947,32,0,5,23190019,257,83,0,0
23200967,1189,38,0,0,23260968,863,45,0,0
23187495,316,62,0,5,23276496,661,85,0,0
23309197,625,56,0,3,23212438,700,34,0,0
23305847,837,41,0,4,23266990,1052,34,0,0
23305133,504,74,0,0,23252658,850,59,0,0
23309837,2538,33,0,1,23207410,1771,48,0,0
23239078,1171,49,0,1,23269192,1093,72,0,0
23218547,2167,43,0,5,23275903,1935,63,0,0
23326405,2133,42,0,2,23292300,789,36,0,0
23196235,1195,40,0,5,23189695,780,80,0,0
23235897,1811,27,0,5,23294867,1225,41,0,0
23192530,1374,26,0,4,23272962,1697,71,0,0
23202621,1919,36,0,0,23196617,412,36,0,0
23310339,1588,61,0,3,23244086,330,59,0,0
23303022,221,92,0,2,23228204,1268,46,0,0
23242820,1224,32,0,1,23320417,1150,34,0,0
23203837,1994,111,0,2,23186215,1660,40,0,0
23239508,2201,21,0,1,23326279,1327,48,0,0
23234464,1761,35,0,3,23244247,885,56,0,0
23283675,1217,39,0,5,23236677,289,24,0,0
23221231,398,35,0,1,23279346,1437,24,0,0
23274130,706,153,0,0,23257507,571,45,0,0
23315459,1424,19,0,0,23192301,219,30,0,0
23324643,2004,27,0,1,23214624,532,17,0,0
23246845,1154,42,0,4,23194426,1586,68,0,0
23287315,1010,133,0,1,23307457,1698,39,0,0
23198255,1042,37,0,1,23203200,549,267,0,0
23267918,859,26,0,1,23190908,897,43,0,0
23262444,987,63,0,4,23259105,1158,53,0,0
23278239,836,39,0,1,23198220,633,53,0,0
23293412,1072,33,0,3,23268669,1123,27,0,0
23292544,1149,55,0,8,23309494,1478,48,0,0
23310153,826,26,0,10,23317286,655,71,0,0
23299717,1108,44,0,1,23273901,1073,31,0,0
23220788,1851,31,0,3,23203839,1433,30,0,0
23208661,962,70,0,1,23280394,673,83,0,0
23275073,1587,84,0,2,23308364,1005,64,0,0
23244954,281,28,0,5,23261489,624,32,0,0
23183735,1327,40,0,3,23319763,392,43,0,0
23318026,844,61,0,1,23308437,496,80,0,0
23191326,1054,50,0,2,23314989,1110,71,0,0
23276335,2577,59,0,3,23195220,848,71,0,0
23260129,720,50,0,1,23282020,862,27,0,0
23224773,1900,67,0,0,23259415,508,31,0,0
23227044,1003,47,0,2,23204409,736,40,0,0
23239861,1383,39,0,5,23261370,1892,28,0,0
23256487,1600,134,0,3,23253315,544,40,0,0
23207327,1754,37,0,7,23228284,879,44,0,0
23260812,160,48,0,7,23294023,433,48,0,0
23281388,747,76,0,2,23282121,1564,15,0,0
23265804,1383,47,0,6,23272281,1540,20,0,0
23232182,1088,57,0,0,23261787,2363,15,0,0
23239197,1737,24,0,0,23206975,1774,40,0,0
23201346,1352,60,0,1,23303180,393,76,0,0
23239412,1123,43,0,0,23317163,1050,28,0,0
23321988,1826,59,0,1,23244681,1222,55,0,0
23237662,1085,20,0,1,23236791,542,40,0,1
23204083,663,58,0,2,23287193,969,46,0,0
23271764,605,31,0,1,23280253,706,66,0,0
23190392,1087,66,0,6,23227990,1683,51,0,0
23234336,2126,45,0,1,23212909,1620,63,0,0
23234241,2263,43,0,0,23266732,1194,45,0,0
23328252,1331,42,0,3,23201383,568,42,0,0
23273129,834,34,0,2,23260665,790,65,0,0
23213077,2095,36,0,1,23213144,1095,41,0,0
23268832,918,79,0,3,23277517,1006,39,0,0
23218306,756,34,0,6,23200681,1494,31,0,0
23218400,1212,107,0,5,23209857,649,332,0,0
23200297,515,30,0,1,23235360,1498,53,0,0
23235758,442,55,0,0,23192415,2109,57,0,0
23250913,1203,49,0,3,23182619,1402,50,0,0
23265340,282,47,0,0,23238475,1162,20,0,0
23215016,212,37,0,1,23321972,1547,50,0,0
23216235,1776,38,0,6,23239860,555,40,0,0
23210218,975,55,0,1,23227901,391,263,0,0
23226212,2160,27,0,4,23183369,1774,47,0,0
23253802,1300,40,0,1,23218291,958,28,0,0
23202992,1564,70,0,6,23312111,691,94,0,0
23265009,1386,96,0,0,23279935,1542,88,0,0
23217838,1014,46,0,3,23284391,1333,56,0,0
23275127,1365,49,0,1,23295066,2586,51,0,0
23201799,1512,63,0,1,23220975,1351,41,0,0
23278091,526,93,0,0,23302322,709,40,0,0
23213937,730,57,0,1,23289937,1789,34,0,0
23253058,1172,61,0,1,23283519,1126,76,0,0
23239568,1395,30,0,4,23241439,1393,55,0,0
23218629,950,32,0,0,23305338,2468,36,0,0
23284236,2195,28,0,3,23256028,1519,61,0,0
23302504,2288,17,0,4,23184208,1009,47,0,0
23184694,1495,46,0,0,23243911,1620,40,0,0
23261091,1223,35,0,16,23281521,525,33,0,0
23211346,464,1017,0,2,23331775,1585,34,0,0
23201028,1688,29,0,0,23272578,600,92,0,0
23328965,1280,44,0,0,23211564,1329,26,0,0
23219026,766,35,0,1,23311902,818,38,0,0
23202312,1585,25,0,0,23294298,1177,42,0,0
23293533,730,37,0,1,23217034,686,22,0,0
23250456,1045,39,0,0,23325903,1465,42,0,0
23305773,214,120,0,2,23314543,803,46,0,0
23269633,610,56,0,1,23187239,1543,51,0,0
23318587,669,20,0,5,23210442,1647,30,0,0
23303210,986,47,0,5,23186021,1541,50,0,0
23216698,560,40,0,0,23193869,820,57,0,0
23207695,961,16,0,2,23263375,1504,37,0,0
23242874,884,55,0,2,23202065,1739,60,0,0
23201796,1163,41,0,5,23263447,1163,53,0,0
23238711,2114,68,0,1,23252715,939,43,0,0
23205965,682,85,0,2,23320487,992,30,0,0
23264558,1376,73,0,1,23329636,1303,69,0,0
23205299,1820,36,0,2,23196858,601,64,0,0
23212032,199,56,0,0,23278884,746,25,0,0
23213712,1077,42,0,0,23192790,1143,28,0,0
23198199,434,25,0,1,23222139,1100,41,0,0
23327374,934,22,0,1,23281762,356,51,0,0
23273175,1225,82,0,6,23278408,2389,60,0,0
23246822,1214,19,0,0,23273785,778,71,0,0
23290097,646,33,0,1,23318145,1190,77,0,0
23275576,1078,28,0,6,23330929,1209,14,0,0
23276115,1165,47,0,0,23302814,930,63,0,0
23199965,553,80,0,6,23311087,682,50,0,0
23249751,976,36,0,0,23298487,1122,75,0,0
23315017,1486,58,0,4,23217901,1554,33,0,0
23309114,764,60,0,2,23219887,806,65,0,0
23235855,1002,59,0,7,23320965,1076,39,0,0
23271401,1461,51,0,2,23244949,1625,45,0,0
23295094,647,57,0,1,23201676,1891,57,0,0
23282956,1247,46,0,6,23239723,866,25,0,0
23220930,945,52,0,2,23291554,502,116,0,0
23248235,823,57,0,1,23203236,793,27,0,0
23194656,794,65,0,3,23286757,473,31,0,0
23202760,1308,51,0,1,23259706,654,43,0,0
23294535,857,48,0,1,23297745,1897,37,0,0
23191107,585,112,0,2,23252397,789,49,0,0
23271051,2553,42,0,0,23317772,635,95,0,0
23288464,877,40,0,3,23205646,1637,50,0,0
23330491,899,59,0,1,23274713,855,50,0,0
23291820,663,29,0,16,23321499,623,65,0,0
23246864,302,93,0,3,23275964,1676,30,0,0
23277607,1395,26,0,1,23203357,1256,29,0,0
23191503,1557,48,0,1,23233008,1864,84,0,0
23289489,2528,37,0,0,23288658,684,25,0,0
23326406,291,25,0,2,23259570,1969,22,0,0
23278145,1860,32,0,1,23226593,1463,73,0,0
23305426,1483,29,0,0,23292434,2125,43,0,0
23309568,1924,19,0,1,23221958,790,55,0,0
23267341,1055,65,0,6,23290828,1582,88,0,0
23261865,1447,58,0,1,23210733,726,41,0,0
23245395,1232,37,0,0,23253250,1025,45,0,0
23214745,1542,53,0,3,23327925,1568,17,0,0
23323572,576,40,0,2,23228448,1679,41,0,0
23253323,341,199,0,1,23286473,1636,24,0,0
23252791,1684,73,0,4,23190450,1761,20,0,0
23198586,632,51,0,5,23328271,680,36,0,0
23297197,886,41,0,1,23328776,1013,52,0,0
23313877,2488,26,0,3,23220415,631,60,0,0
23242983,633,47,0,1,23242715,1611,59,0,0
23229789,1360,92,0,9,23313654,2014,48,0,0
23217672,1261,38,0,3,23317809,1167,64,0,0
23259956,1437,47,0,0,23319893,1526,29,0,0
23278331,139,33,0,1,23328050,1468,29,0,0
23333704,1109,44,0,0,23240887,696,46,0,0
23198919,586,35,0,2,23246520,1577,29,0,0
23294391,1135,85,0,3,23249112,1338,29,0,0
23205111,1625,47,0,4,23302076,862,43,0,0
23251703,1181,16,0,2,23274002,1357,30,0,0
23313246,964,41,0,1,23301617,1312,18,0,0
23249801,602,23,0,0,23226515,696,42,0,0
23212160,792,45,0,0,23270424,1464,23,0,0
23256161,1035,100,0,0,23333171,1479,50,0,0
23282713,406,23,0,1,23190799,1279,45,0,0
23193225,1674,73,0,2,23196281,1710,43,0,0
23245211,2298,47,0,2,23246119,2079,29,0,0
23280874,693,57,0,0,23235545,1338,42,0,0
23253385,498,36,0,2,23248610,1087,43,0,0
23222269,936,36,0,1,23247350,1624,66,0,0
23320237,1072,73,0,2,23254807,524,53,0,0
23280881,2087,41,0,0,23337091,2230,28,0,0
23202883,701,33,0,1,23250819,743,68,0,0
23324520,1163,13,0,2,23262766,964,76,0,0
23318449,477,57,0,0,23210004,986,46,0,0
23216849,589,34,0,6,23290649,198,151,0,0
23224116,1010,70,0,0,23243504,1756,17,0,0
23282800,1875,49,0,3,23320998,1005,68,0,0
23251401,617,59,0,0,23238201,469,86,0,0
23283381,147,63,0,1,23287568,1204,26,0,0
23258585,607,37,0,1,23306053,1412,36,0,0
23293603,2034,16,0,2,23201786,1658,36,0,0
23231066,1753,29,0,0,23282639,666,74,0,0
23227105,1106,27,0,0,23305190,372,67,0,0
23249282,1494,28,0,1,23212425,1010,21,0,0
23333594,943,13,0,4,23218555,1147,42,0,0
23325486,690,66,0,0,23235922,1631,27,0,0
23235396,633,57,0,0,23285316,457,46,0,0
23280403,1875,56,0,1,23293396,250,44,0,0
23200530,1952,62,0,4,23298537,1010,67,0,0
23257980,2135,81,0,0,23300828,2002,27,0,0
23206212,610,27,0,1,23331358,1897,25,0,0
23244378,1930,24,0,0,23227017,846,57,0,0
23195593,548,45,0,1,23201049,657,69,0,0
23272233,614,51,0,0,23293457,1589,61,0,0
23253696,940,29,0,2,23236309,1630,40,0,0
23198340,585,23,0,4,23280864,2580,38,0,0
23211046,1094,27,0,0,23280070,885,41,0,0
23245860,752,25,0,1,23248277,1325,48,0,0
23261124,1560,53,0,2,23278277,798,21,0,0
23336811,120,68,0,0,23326368,1432,35,0,0
23238921,1068,32,0,1,23330067,1264,25,0,0
23198245,1080,25,0,0,23330053,1991,46,0,0
23249176,397,64,0,0,23335929,734,51,0,0
23283033,1281,58,0,0,23266893,583,42,0,0
23200512,1883,49,0,1,23215410,185,37,0,0
23265717,382,83,0,3,23307676,1569,55,0,0
23230321,1728,37,0,1,23279297,1252,61,0,0
23321981,484,43,0,1,23275382,1049,32,0,0
23216472,1733,59,0,6,23284506,449,45,0,0
23205693,408,41,0,3,23269224,686,39,0,0
23339025,1618,14,0,3,23240072,1338,25,0,0
23219741,2230,44,0,2,23285510,690,46,0,0
23262989,656,42,0,1,23286229,819,36,0,0
23269306,910,25,0,3,23243854,556,269,0,0
23243479,925,29,0,1,23314449,2040,35,0,0
23204383,606,39,0,2,23326896,1591,27,0,0
23322964,1665,40,0,1,23192999,1132,72,0,0
23316367,626,72,0,3,23235527,1128,65,0,0
23311181,695,250,0,1,23256212,795,67,0,0
23217974,1562,29,0,5,23206821,849,43,0,0
23273454,1069,40,0,1,23249045,659,36,0,0
23270046,1559,26,0,2,23195644,1072,89,0,0
23255439,931,30,0,2,23224765,485,51,0,0
23252552,1504,41,0,2,23317183,1338,46,0,0
23287666,1667,57,0,8,23333165,1633,62,0,0
23326023,992,59,0,0,23246613,800,31,0,0
23309567,1294,111,0,5,23213664,1960,24,0,0
23340381,124,32,0,4,23237298,249,209,0,0
23246089,1471,53,0,1,23281621,812,29,0,0
23303157,1473,57,0,2,23307563,887,42,0,0
23321075,1113,51,0,5,23259299,1356,57,0,0
23275418,368,17,0,4,23258468,664,42,0,0
23261328,721,36,0,2,23272819,1158,24,0,0
23273161,1355,49,0,1,23289936,1640,101,0,0
23219548,1338,64,0,2,23289986,1460,41,0,0
23275083,2405,24,0,2,23325048,1496,66,0,0
23210348,1447,25,0,4,23335141,810,112,0,0
23301823,471,42,0,3,23248388,1485,33,0,0
23203634,523,18,0,1,23342224,254,45,0,0
23254231,842,64,0,0,23233753,1171,62,0,0
23267631,1039,122,0,1,23326884,440,37,0,0
23320691,944,59,0,0,23213282,1690,35,0,0
23307554,504,52,0,8,23224564,1389,35,0,0
23339211,1872,27,0,8,23206028,2482,35,0,0
23230408,1069,47,0,0,23208160,1699,38,0,0
23209157,1134,61,0,5,23228640,479,42,0,0
23330697,1170,46,0,3,23274051,1957,54,0,0
23238620,1130,34,0,9,23309371,314,69,0,0
23336478,1026,44,0,2,23308936,1614,45,0,0
23314129,1193,52,0,1,23202330,2351,21,0,0
23309328,939,135,0,3,23205698,1261,53,0,0
23309440,614,38,0,5,23241020,1774,23,0,0
23315706,1929,63,0,2,23278427,750,37,0,0
23341377,477,42,0,3,23268404,1150,35,0,0
23209552,343,64,0,5,23321745,1496,22,0,0
23257380,1791,20,0,1,23222685,1901,33,0,0
23257639,649,44,0,3,23306844,576,29,0,0
23283208,1244,35,0,1,23339316,2466,41,0,0
23267809,1914,35,0,1,23264611,1172,51,0,0
23294633,757,61,0,7,23291894,1672,44,0,0
23323077,1854,63,0,1,23233905,1420,50,0,0
23263536,842,90,0,0,23201623,819,48,0,0
23210520,772,54,0,0,23325587,1949,31,0,0
23223816,493,37,0,6,23206603,1211,47,0,0
23209256,1256,48,0,8,23340765,615,28,0,0
23209714,2649,52,0,1,23338010,1039,42,0,0
23315401,2532,31,0,1,23300088,1127,33,0,0
23298406,727,49,0,6,23267339,1290,40,0,0
23268822,744,37,0,2,23338782,1473,31,0,0
23296587,617,89,0,8,23196636,226,52,0,0
23302762,935,41,0,1,23325026,428,58,0,0
23249220,1249,50,0,4,23254241,1839,53,0,0
23267664,2064,47,0,0,23239864,1700,37,0,0
23219949,653,53,0,4,23263674,829,34,0,0
23313372,764,51,0,3,23285576,1337,18,0,0
23244406,935,58,0,1,23263477,1216,95,0,0
23320347,678,57,0,1,23246476,666,62,0,0
23324818,2223,24,0,2,23250567,1754,30,0,0
23343618,2145,78,0,1,23251138,1350,57,0,0
23225485,1844,30,0,0,23208708,347,25,0,0
23282746,634,40,0,0,23344458,344,131,0,0
23203402,2160,42,0,2,23253225,1245,46,0,0
23210285,1035,42,0,0,23295449,1576,46,0,0
23209081,1222,36,0,1,23216448,1055,185,0,0
23287314,1698,45,0,4,23222494,977,27,0,0
23312740,949,49,0,0,23339877,1099,25,0,0
23335366,375,75,0,0,23311214,1329,50,0,0
23219911,817,40,0,1,23324565,711,77,0,0
23233411,816,46,0,0,23335460,1914,25,0,0
23209321,1177,81,0,0,23203137,927,70,0,0
23246356,891,36,0,0,23219667,654,53,0,0
23250310,492,34,0,0,23280992,859,54,0,0
23329410,544,103,0,0,23221042,1654,44,0,0
23322880,1184,45,0,0,23209153,567,48,0,0
23277647,406,27,0,0,23345110,944,128,0,0
23287391,835,71,0,0,23235885,653,43,0,0
23213043,1093,32,0,1,23308291,1184,68,0,0
23320299,2005,43,0,0,23293970,1484,29,0,0
23241328,1218,24,0,3,23327052,652,23,0,0
23228180,899,61,0,0,23314098,672,45,0,0
23224771,1227,28,0,2,23315599,1929,18,0,0
23216664,1506,64,0,0,23200593,719,50,0,0
23297008,1103,49,0,1,23341615,1365,29,0,0
23236613,1601,45,0,2,23279343,654,47,0,0
23293973,1149,58,0,0,23209701,413,41,0,0
23204836,831,75,0,6,23231698,644,59,0,0
23284495,104,35,0,1,23245297,1192,30,0,0
23310720,1502,56,0,0,23288532,382,53,0,0
23305525,813,52,0,1,23264512,1544,50,0,0
23252153,1438,39,0,1,23251586,1792,32,0,0
23282714,1164,40,0,1,23220188,1487,25,0,0
23210932,1217,47,0,3,23335345,1343,33,0,0
23289790,1692,43,0,1,23213336,845,59,0,0
23298068,669,38,0,4,23200134,1934,47,0,0
23308863,795,60,0,0,23212130,2516,53,0,0
23246415,199,38,0,1,23313164,711,76,0,0
23209040,394,68,0,1,23205188,2011,47,0,0
23216219,1271,66,0,3,23295056,1031,35,0,0
23205265,484,38,0,3,23218839,651,69,0,0
23259321,1001,55,0,3,23345585,1171,80,0,0
23219841,1664,73,0,1,23210607,248,28,0,0
23249117,971,34,0,2,23315524,629,46,0,0
23315055,1795,51,0,0,23214854,1054,53,0,0
23262581,1659,32,0,4,23283288,734,29,0,0
23265928,902,59,0,0,23311131,1145,47,0,0
23278915,1905,32,0,3,23263097,1558,29,0,0
23235383,1157,52,0,3,23342900,1119,71,0,0
23332278,145,45,0,1,23212941,1041,28,0,0
23256711,1690,31,0,1,23344552,1131,32,0,0
23323554,976,30,0,0,23228231,1574,33,0,0
23323967,1920,25,0,2,23219951,544,185,0,0
23331052,1142,42,0,3,23290514,874,51,0,0
23285497,977,64,0,0,23320062,1597,65,0,0
23347118,720,49,0,4,23321123,1063,35,0,0
23332504,877,67,0,3,23334088,295,50,0,0
23318978,2161,49,0,2,23292983,1242,60,0,0
23344960,1405,43,0,4,23320797,480,98,0,0
23330062,2574,45,0,1,23307275,740,89,0,0
23251307,2097,60,0,2,23339431,1679,39,0,0
23282727,426,25,0,1,23205067,1034,30,0,0
23278082,913,27,0,3,23315094,1782,70,0,0
23238238,1281,20,0,7,23302080,636,44,0,0
23243083,1102,28,0,3,23349045,1622,54,0,0
23226361,1291,22,0,1,23263663,807,77,0,0
23273069,652,42,0,1,23216742,730,35,0,0
23274740,1102,42,0,0,23231824,1281,48,0,0
23207209,1406,31,0,2,23334284,1216,84,0,0
23207920,738,29,0,0,23271949,1688,36,0,0
23258666,640,55,0,1,23295992,867,90,0,0
23256446,1923,46,0,7,23336376,919,215,0,0
23277121,1423,49,0,1,23280379,958,84,0,0
23253136,1899,41,0,4,23294477,1254,40,0,0
23337171,998,17,0,3,23282473,1147,34,0,0
23226601,1304,66,0,0,23250444,1501,43,0,0
23237135,856,62,0,1,23225468,633,63,0,0
23254152,1468,72,0,2,23256593,2053,63,0,0
23344674,1476,42,0,2,23218673,725,27,0,0
23292173,940,39,0,1,23346336,2545,55,0,0
23208788,1414,36,0,3,23265473,2452,47,0,0
23292251,2595,36,0,0,23244951,691,40,0,0
23290067,1358,106,0,1,23282791,1208,21,0,0
23310451,1681,28,0,1,23329864,657,45,0,0
23306167,1372,40,0,2,23207629,1213,49,0,0
23251471,1686,46,0,9,23205521,1888,34,0,0
23285095,537,50,0,0,23214174,158,32,0,0
23337965,1127,30,0,0,23344413,1770,39,0,0
23299725,1263,86,0,4,23216224,2464,24,0,0
23277157,564,626,0,2,23302796,1291,76,0,0
23207788,602,53,0,1,23224280,1474,60,0,0
23238353,1487,20,0,1,23290579,1959,43,0,0
23321205,745,50,0,2,23331141,806,32,0,0
23294394,2355,47,0,1,23233495,614,29,0,0
23257358,480,53,0,0,23262215,1127,31,0,0
23295723,891,100,0,0,23293307,1429,48,0,0
23248243,820,48,0,1,23217316,704,22,0,0
23341103,724,69,0,4,23348300,1450,28,0,0
23269753,603,48,0,3,23210605,600,46,0,0
23237329,956,35,0,2,23313333,270,32,0,0
23332567,1537,39,0,2,23335677,447,55,0,0
23315558,1714,36,0,2,23273162,663,41,0,0
23319405,467,52,0,2,23289226,1437,18,0,0
23204967,1662,47,0,4,23253101,2166,20,0,0
23266215,1243,51,0,4,23273985,778,23,0,0
23250107,1104,47,0,4,23241409,1092,41,0,0
23226820,1176,79,0,2,23348953,1799,33,0,0
23254287,1306,43,0,0,23216099,1537,44,0,0
23276359,2210,28,0,3,23204587,813,61,0,0
23291069,1634,31,0,0,23285861,1510,54,0,0
23269319,645,45,0,5,23208183,563,36,0,0
23348892,682,48,0,1,23229782,890,36,0,0
23279042,1338,75,0,0,23229208,1103,28,0,0
23239823,1864,30,0,0,23319319,731,71,0,0
23338358,773,41,0,1,23326739,1196,26,0,0
23249314,696,107,0,2,23208023,669,83,0,0
23285158,988,39,0,0,23278574,1034,25,0,0
23214901,775,56,0,2,23351966,1670,51,0,0
23352990,1043,36,0,1,23339681,151,47,0,0
23316162,699,69,0,0,23311591,1639,54,0,0
23317399,1555,40,0,1,23341212,601,68,0,0
23209851,337,45,0,0,23304628,1615,51,0,0
23282548,1835,82,0,0,23292768,833,44,0,0
23293230,1264,26,0,1,23350753,1992,33,0,1
23346862,1121,34,0,1,23336672,648,44,0,0
23271042,894,26,0,7,23312383,843,49,0,0
23216136,601,30,0,2,23348500,1307,47,0,0
23296613,2615,51,0,2,23287864,1567,20,0,0
23283698,1538,31,0,0,23212415,995,27,0,0
23309047,1934,40,0,0,23339303,1746,36,0,0
23275147,1590,95,0,3,23246264,612,56,0,0
23224989,545,45,0,2,23305675,1043,44,0,0
23248989,2378,25,0,1,23326729,835,47,0,0
23316482,947,31,0,1,23212594,2127,27,0,0
23247875,1996,85,0,1,23346086,127,64,0,0
23208273,984,55,0,1,23210317,1791,46,0,0
23228615,993,131,0,5,23273532,825,88,0,0
23257398,710,31,0,1,23222342,556,85,0,0
23330726,1325,43,0,1,23330346,1121,38,0,0
23216525,2134,33,0,1,23347390,1450,62,0,0
23309538,1559,36,0,4,23342422,898,91,0,0
23234852,1923,35,0,0,23319038,1950,28,0,0
23269322,134,50,0,3,23317980,2040,44,0,0
23251679,613,61,0,2,23272033,1607,39,0,0
23233103,828,34,0,1,23321977,1291,38,0,0
23322945,2269,91,0,1,23307918,1077,35,0,0
23252929,1829,27,0,3,23344905,1451,58,0,0
23284137,1327,33,0,1,23301940,1100,46,0,0
23237478,509,51,0,2,23290136,637,68,0,0
23249947,1103,18,0,9,23317734,1580,36,0,0
23260258,1306,29,0,2,23219082,1305,160,0,0
23349610,697,23,0,2,23291853,232,30,0,0
23290772,1319,40,0,0,23249076,873,53,0,0
23346713,746,51,0,2,23233873,1110,77,0,0
23207206,587,41,0,2,23327696,1137,24,0,0
23218343,918,8,0,1,23349505,1011,44,0,0
23317474,1546,14,0,1,23304851,1108,31,0,0
23313430,2435,20,0,3,23257937,1273,99,0,0
23353069,2142,32,0,1,23349547,668,18,0,0
23268476,2408,53,0,0,23223936,784,70,0,0
23306124,157,22,0,2,23276072,1874,34,0,0
23315600,2224,33,0,0,23239863,1084,19,0,0
23355364,270,60,0,2,23331218,844,34,0,0
23222546,619,22,0,2,23235730,1407,64,0,0
23281040,1119,14,0,0,23239047,670,41,0,0
23331703,1243,31,0,4,23210820,683,58,0,0
23322323,1832,31,0,5,23219600,2087,69,0,0
23294387,1825,63,0,4,23217530,377,72,0,0
23338651,1663,43,0,0,23295303,725,50,0,0
23212752,1111,28,0,2,23241400,1951,17,0,0
23284102,920,69,0,3,23263416,336,61,0,0
23343176,539,59,0,0,23279756,1052,77,0,0
23206409,2116,42,0,0,23229453,1138,33,0,0
23245532,2257,32,0,4,23243388,567,59,0,0
23301224,1619,43,0,1,23290271,1667,34,0,0
23250001,2530,37,0,4,23223979,1831,35,0,0
23301218,1927,32,0,2,23211879,873,58,0,0
23216192,1631,37,0,0,23344181,306,28,0,0
23217333,1797,35,0,3,23218346,1342,22,0,0
23241457,1828,71,0,1,23307860,1078,46,0,0
23213278,1876,28,0,6,23236277,1680,42,0,0
23268781,1164,40,0,0,23242220,1189,58,0,0
23214915,1216,52,0,7,23310148,818,61,0,0
23264888,1063,109,0,0,23289085,2262,37,0,0
23343308,1723,43,0,6,23307491,1447,45,0,0
23248318,624,40,0,1,23256536,1747,28,0,0
23209289,1327,36,0,2,23338625,686,19,0,0
23284403,1022,82,0,1,23214655,1156,47,0,0
23293833,1031,55,0,7,23343819,964,67,0,0
23256046,1690,35,0,0,23312366,1621,46,0,0
23266776,845,87,0,2,23246285,1483,32,0,0
23253334,1108,27,0,2,23220826,1474,27,0,0
23282594,1078,33,0,1,23292160,1044,24,0,0
23349655,1820,25,0,1,23349317,1385,44,0,0
23313219,1305,46,0,1,23227060,2239,39,0,0
23215619,1131,32,0,1,23336679,1354,28,0,0
23305110,1283,18,0,5,23279836,1211,29,0,0
23355723,721,73,0,1,23274099,842,28,0,0
23341486,562,32,0,4,23247908,503,48,0,0
23304550,1139,53,0,12,23213196,1019,35,0,0
23220699,499,76,0,0,23297767,798,29,0,0
23294603,774,67,0,1,23256381,1138,68,0,0
23277731,394,54,0,1,23226035,1171,32,0,0
23215098,1001,33,0,0,23265209,1145,43,0,0
23211759,1173,28,0,2,23234454,619,63,0,0
23348922,1275,56,0,0,23262552,727,51,0,0
23250208,651,204,0,0,23210041,1130,31,0,0
23281269,1882,28,0,1,23269585,865,38,0,0
23209821,1666,68,0,7,23290447,2129,25,0,0
23255954,300,40,0,1,23271385,571,30,0,0
23293476,1041,27,0,3,23274658,488,48,0,0
23351673,912,29,0,1,23315629,1486,172,0,0
23284380,1635,63,0,1,23239379,1324,31,0,0
23295461,1404,61,0,9,23292595,685,40,0,0
23239844,1459,56,0,2,23310271,1311,51,0,0
23313574,1051,53,0,2,23301213,1065,88,0,0
23355398,555,40,0,6,23279310,1106,56,0,0
23349183,1045,56,0,0,23305903,613,166,0,0
23250464,507,53,0,1,23353766,893,31,0,0
23343119,984,59,0,2,23348353,912,19,0,0
23286287,1343,64,0,1,23263369,632,115,0,0
23346006,1949,37,0,1,23232929,1383,76,0,0
23302486,731,64,0,2,23323229,1026,53,0,0
23240399,783,72,0,1,23318389,1277,36,0,0
23257900,1190,43,0,2,23287411,1171,80,0,0
23294105,1264,58,0,1,23285522,801,14,0,0
23243723,865,101,0,8,23291280,1197,12,0,0
23236006,749,39,0,3,23353016,846,41,0,0
23323596,1714,56,0,4,23333244,1090,75,0,0
23349695,1061,30,0,2,23238576,631,32,0,0
23341810,1971,18,0,1,23260427,1372,26,0,0
23305881,1128,22,0,2,23214952,2573,35,0,0
23210439,312,23,0,2,23347387,897,57,0,0
23292754,985,38,0,1,23287697,1826,29,0,0
23252978,1445,28,0,2,23260123,831,27,0,0
23312170,1313,68,0,0,23276601,1635,48,0,0
23265406,1561,53,0,1,23260507,1631,40,0,0
23312174,991,22,0,1,23218940,1433,37,0,0
23328328,1189,57,0,2,23326322,713,65,0,0
23238749,278,81,0,2,23286788,387,56,0,0
23249938,1313,72,0,0,23301430,1122,46,0,0
23253637,932,32,0,2,23344467,1169,51,0,0
23234926,1216,47,0,1,23261753,1109,14,0,0
23242939,2108,35,0,2,23338035,1358,61,0,0
23302744,1653,24,0,0,23293715,651,25,0,0
23352374,2530,46,0,3,23241139,1538,58,0,0
23247073,2186,43,0,1,23229185,1411,42,0,0
23215789,1725,15,0,0,23275756,1243,38,0,0
23250430,891,74,0,1,23270989,1839,20,0,0
23308785,1052,29,0,0,23260246,553,20,0,0
23344362,1224,41,0,4,23292384,2126,72,0,0
23320836,461,89,0,1,23303017,192,54,0,0
23298836,1896,77,0,1,23213705,1042,53,0,0
23329453,306,56,0,2,23296496,1993,106,0,0
23217583,1169,25,0,3,23330678,1469,54,0,0
23309927,1654,69,0,1,23303185,895,20,0,0
23310253,1327,38,0,1,23339263,214,40,0,0
23318485,1349,44,0,1,23336123,1002,20,0,0
23305674,1943,93,0,3,23281338,1426,31,0,0
23359155,603,73,0,5,23228650,644,23,0,0
23295257,1128,56,0,0,23227786,644,92,0,0
23271913,1486,44,0,4,23304865,1102,26,0,0
23318564,1728,74,0,1,23278695,1257,46,0,0
23258925,1095,29,0,2,23346247,927,25,0,0
23359109,388,41,0,0,23330493,1250,39,0,0
23288031,1582,46,0,0,23289433,976,34,0,0
23225744,1025,64,0,2,23240388,1180,61,0,0
23307898,1056,76,0,2,23258627,718,65,0,0
23314497,295,49,0,2,23346767,1088,38,0,0
23354215,978,61,0,3,23360811,149,23,0,0
23287083,2407,29,0,1,23352409,1583,48,0,0
23271508,227,53,0,4,23247178,387,52,0,0
23276121,1645,26,0,5,23234845,1852,69,0,0
23274154,1234,60,0,1,23229155,1392,48,0,0
23213883,1127,97,0,0,23277806,740,34,0,0
23349977,1649,60,0,1,23218640,830,64,0,0
23230446,435,54,0,1,23332105,860,52,0,0
23276930,1198,38,0,0,23330946,318,73,0,0
23249204,1618,17,0,1,23363536,1073,63,0,0
23228334,224,42,0,3,23274691,900,27,0,0
23270540,934,71,0,1,23272027,150,19,0,0
23272844,656,102,0,9,23239176,1493,21,0,0
23305715,290,37,0,4,23298852,968,68,0,0
23224625,218,28,0,3,23233462,984,40,0,0
23272010,178,58,0,2,23215794,1651,40,0,0
23276486,869,46,0,8,23361731,753,48,0,0
23290223,804,12,0,2,23225004,1384,42,0,0
23273282,714,53,0,0,23238370,1161,58,0,0
23355501,778,30,0,1,23288904,1231,47,0,0
23231959,140,43,0,3,23274928,692,40,0,0
23330131,860,42,0,2,23332610,244,46,0,0
23302840,1677,53,0,1,23258950,660,25,0,0
23237418,2408,60,0,1,23297005,2034,36,0,0
23249687,2033,29,0,1,23351917,781,21,0,0
23296334,650,31,0,3,23215457,1047,21,0,0
23260304,648,43,0,1,23281357,507,58,0,0
23305061,775,265,0,3,23330581,1374,44,0,0
23275208,1041,109,0,0,23326529,550,21,0,0
23311547,782,55,0,0,23325460,1176,50,0,0
23266677,807,75,0,1,23282990,1189,57,0,0
23306365,1025,32,0,3,23246273,292,118,0,0
23289472,1275,89,0,2,23359536,584,58,0,0
23315814,1388,58,0,1,23288978,762,26,0,0
23268864,770,38,0,2,23314147,1199,45,0,0
23360924,665,40,0,1,23280299,601,39,0,0
23275321,1688,43,0,1,23299089,2120,46,0,0
23236512,507,65,0,3,23260465,657,84,0,0
23327908,323,54,0,2,23343425,696,24,0,0
23325922,1168,34,0,0,23243325,1051,41,0,0
23315920,1149,61,0,1,23247523,1805,17,0,0
23324470,1597,46,0,0,23252082,1389,42,0,0
23339326,1070,54,0,1,23326323,677,30,0,0
23251796,132,35,0,2,23224043,739,44,0,1
23332289,1216,85,0,1,23326025,1267,26,0,0
23300450,888,36,0,1,23326352,1158,43,0,0
23297718,1933,36,0,2,23344740,1154,55,0,0
23263542,1545,33,0,3,23215845,2158,32,0,0
23329768,1167,48,0,6,23297241,1724,45,0,0
23319379,356,51,0,4,23313448,1009,45,0,0
23236956,2043,41,0,4,23362396,2585,62,0,0
23323484,1164,24,0,0,23300370,1004,50,0,0
23281464,952,164,0,7,23254451,978,39,0,0
23278800,396,71,0,1,23268225,1203,63,0,0
23364348,918,61,0,5,23233416,1333,64,0,0
23241274,1186,38,0,3,23273865,780,29,0,0
23298782,769,57,0,3,23311287,1295,46,0,0
23252611,998,30,0,0,23323895,612,126,0,0
23350326,1249,61,0,2,23282982,1220,44,0,0
23222962,494,39,0,0,23277992,1434,75,0,0
23222651,1321,29,0,1,23230336,1152,40,0,0
23277320,1953,40,0,12,23263521,1491,53,0,0
23284189,1182,57,0,0,23355087,647,38,0,0
23280080,1443,19,0,0,23226292,1811,53,0,0
23337826,1345,59,0,0,23306442,736,68,0,0
23353465,1630,37,0,3,23276571,1920,37,0,0
23296847,2011,51,0,3,23237491,1295,19,0,0
23348436,2619,62,0,0,23332138,1272,25,0,0
23218041,1251,30,0,1,23284201,723,61,0,0
23342517,715,45,0,1,23337360,1111,29,0,0
23333257,813,94,0,1,23311023,569,43,0,0
23260079,724,40,0,2,23314091,878,37,0,1
23336220,803,31,0,0,23308699,2143,69,0,0
23306414,1490,32,0,3,23218895,1630,74,0,0
23271027,2038,41,0,3,23272115,1116,49,0,0
23286071,1719,34,0,1,23285283,1352,59,0,0
23323601,432,58,0,3,23227698,558,58,0,0
23307186,1672,28,0,3,23340587,1403,24,0,0
23238786,2113,37,0,8,23327605,1363,48,0,0
23362781,869,47,0,7,23274235,410,72,0,0
23266988,1010,24,0,0,23286951,1297,19,0,0
23324381,250,29,0,4,23266278,1238,35,0,0
23276126,505,59,0,1,23354015,1175,28,0,0
23221681,1540,44,0,1,23309899,740,33,0,0
23268897,1543,27,0,3,23288511,1630,19,0,0
23369610,1384,30,0,2,23320075,1466,28,0,0
23351732,1075,38,0,2,23253968,503,34,0,0
23327674,660,57,0,2,23247020,1445,18,0,0
23368025,1083,45,0,6,23310365,1640,92,0,0
23244653,1296,61,0,0,23347965,1021,18,0,0
23283384,1898,34,0,2,23351655,726,73,0,0
23225909,231,71,0,0,23306733,1619,37,0,0
23331577,612,33,0,11,23219935,1958,40,0,0
23346803,1710,33,0,2,23281596,1481,45,0,0
23339207,1121,68,0,4,23280089,892,49,0,0
23301947,778,99,0,1,23242613,637,48,0,0
23257622,1334,22,0,2,23324918,1137,14,0,0
23260754,1693,40,0,2,23303274,672,22,0,0
23327464,2223,46,0,0,23329721,1264,84,0,0
23308937,1096,48,0,2,23277532,1365,76,0,0
23230335,739,45,0,4,23313037,2092,46,0,0
23294750,919,70,0,1,23246605,1452,20,0,0
23248922,812,40,0,2,23356854,802,43,0,0
23319170,401,50,0,0,23352257,1179,53,0,0
23270019,1656,77,0,1,23289924,344,50,0,0
23262527,1099,45,0,0,23367109,1039,67,0,0
23322175,265,46,0,1,23224034,1508,40,0,0
23366028,1310,32,0,0,23230314,1108,48,0,0
23278139,1807,47,0,1,23225172,1004,47,0,0
23336433,1080,24,0,3,23321880,817,45,0,0
23266224,721,53,0,5,23370204,1115,70,0,0
23224982,710,36,0,1,23276350,545,34,0,0
23320167,1450,41,0,1,23282506,1061,61,0,0
23249969,1979,82,0,1,23248468,1216,27,0,0
23250990,973,36,0,2,23249081,1324,34,0,0
23359207,1681,62,0,7,23304970,246,35,0,0
23315535,1405,140,0,0,23320436,786,27,0,0
23304795,646,27,0,0,23282879,760,19,0,0
23346648,1223,37,0,0,23323390,1639,23,0,0
23328442,1473,73,0,3,23308918,380,91,0,0
23308779,1017,32,0,9,23362811,1830,24,0,0
23244651,1690,126,0,6,23244194,531,48,0,0
23277879,1365,47,0,2,23359937,142,59,0,0
23350053,891,39,0,4,23337067,1347,58,0,0
23267330,582,88,0,5,23321928,1358,14,0,0
23309106,1358,33,0,1,23265077,1110,33,0,0
23295933,1850,49,0,3,23371314,1625,43,0,0
23264431,1793,60,0,3,23274441,1285,49,0,0
23287114,1795,38,0,0,23324670,1294,47,0,0
23371239,995,54,0,1,23289550,2689,39,0,0
23265305,1012,26,0,0,23334892,1405,42,0,0
23337629,1412,97,0,2,23319464,1339,37,0,0
23352950,660,75,0,2,23242583,1482,54,0,0
23317160,480,33,0,4,23283166,816,48,0,0
23307061,573,52,0,0,23258219,526,42,0,0
23340936,316,43,0,0,23228986,645,35,0,0
23275372,1755,60,0,3,23266749,180,57,0,0
23222647,545,22,0,2,23275366,618,62,0,0
23310025,1093,65,0,3,23251907,1564,17,0,0
23250831,913,41,0,0,23304183,1687,37,0,0
23325957,661,82,0,1,23279670,665,50,0,0
23350070,1205,49,0,1,23309325,866,42,0,0
23225726,648,33,0,1,23235577,1946,62,0,0
23227320,1880,45,0,1,23359904,608,20,0,0
23277751,1227,31,0,6,23339835,458,34,0,0
23234628,569,35,0,2,23348209,894,46,0,0
23240137,927,22,0,0,23265467,1184,18,0,0
23331969,950,66,0,3,23270117,909,56,0,0
23326213,836,46,0,3,23316198,2308,45,0,0
23350690,980,48,0,3,23233644,1242,33,0,0
23322341,1373,60,0,3,23278997,879,50,0,0
23293696,510,87,0,1,23321725,614,41,0,0
23300851,1699,53,0,1,23362400,944,71,0,0
23280617,793,14,0,3,23231987,969,42,0,0
23326433,1168,103,0,6,23343683,1113,48,0,0
23284353,1332,37,0,1,23253909,1508,26,0,0
23358297,228,50,0,5,23364675,1385,43,0,0
23303911,972,42,0,1,23242202,308,50,0,0
23321265,1718,38,0,0,23340470,1589,27,0,0
23280128,291,50,0,2,23265853,2399,23,0,0
23249083,1575,75,0,0,23317814,668,33,0,0
23341345,1062,47,0,4,23226028,1179,29,0,0
23240728,1740,40,0,1,23240831,901,25,0,0
23358394,722,110,0,1,23299219,1071,68,0,0
23228077,848,65,0,6,23297092,917,65,0,0
23236906,1181,28,0,1,23226060,1355,35,0,0
23240912,637,52,0,0,23239665,718,61,0,0
23267239,255,66,0,3,23361439,1067,71,0,0
23306275,1623,32,0,1,23309775,2574,58,0,0
23317695,448,34,0,0,23280608,972,58,0,0
23241534,508,46,0,1,23229183,1480,97,0,0
23232119,1241,48,0,0,23311155,714,40,0,0
23277273,1802,68,0,0,23233268,1086,21,0,0
23247004,202,80,0,2,23289273,1365,26,0,0
23283177,1104,33,0,1,23344453,1139,24,0,0
23307320,1294,50,0,0,23255912,670,16,0,0
23251861,1694,67,0,1,23345904,816,38,0,0
23371668,2182,33,0,3,23273746,1548,69,0,0
23306191,2233,63,0,2,23323919,1630,46,0,0
23248209,1382,55,0,6,23246655,510,63,0,0
23369267,1595,28,0,0,23240580,1266,27,0,0
23261038,653,35,0,10,23263713,937,59,0,0
23260988,1866,46,0,4,23245922,1097,29,0,0
23273048,1322,53,0,0,23352996,913,16,0,0
23327870,978,68,0,1,23347649,1100,57,0,0
23293273,784,74,0,3,23249121,2161,41,0,0
23356578,334,71,0,4,23324638,1464,33,0,0
23347029,1186,43,0,3,23280058,873,64,0,0
23251483,2111,34,0,0,23318114,1314,18,0,0
23300912,497,40,0,6,23327800,1635,53,0,0
23295788,610,50,0,4,23267134,1887,17,0,0
23347378,654,38,0,0,23326949,1929,25,0,0
23328760,1338,62,0,4,23365497,886,73,0,0
23259688,1520,54,0,4,23368882,226,51,0,0
23316294,1222,58,0,2,23339522,550,42,0,0
23337597,618,67,0,3,23329557,2124,52,0,0
23352576,2074,16,0,4,23297528,887,37,0,0
23234141,467,82,0,0,23314935,1005,67,0,0
23303249,729,43,0,1,23355111,1720,35,0,0
23316630,1459,39,0,4,23338550,2260,35,0,0
23306709,935,27,0,0,23294125,1264,152,0,0
23278152,1737,35,0,1,23260565,2093,70,0,0
23275634,1626,26,0,3,23331684,125,68,0,0
23228866,1219,29,0,1,23346374,1050,37,0,0
23242789,1576,70,0,0,23321578,1743,28,0,0
23355211,761,38,0,2,23361173,1052,40,0,0
23371485,1869,58,0,1,23324778,924,18,0,0
23263287,398,75,0,0,23231113,1056,29,0,0
23298631,1197,28,0,2,23265726,774,44,0,0
23239760,757,51,0,7,23310240,1640,69,0,0
23245810,759,168,0,1,23370587,1033,54,0,0
23377348,1662,64,0,6,23237165,438,42,0,0
23308090,1521,39,0,2,23308983,539,36,0,0
23369414,905,42,0,2,23267000,1721,22,0,0
23258906,1452,68,0,1,23252203,1515,39,0,0
23327882,1012,27,0,4,23248112,1094,31,0,0
23239242,483,40,0,0,23236535,734,69,0,0
23373104,1035,50,0,1,23280639,651,59,0,0
23291698,996,60,0,3,23307475,2127,51,0,0
23300025,343,64,0,1,23357563,810,32,0,0
23299195,1060,26,0,1,23301866,449,51,0,0
23352180,638,60,0,0,23375806,1436,23,0,0
23324975,1496,34,0,2,23266216,1221,29,0,0
23289953,2197,62,0,1,23242572,1164,88,0,0
23305965,1259,45,0,4,23298361,1062,47,0,0
23370299,1880,23,0,2,23289389,590,24,0,0
23280481,1262,40,0,1,23296506,914,44,0,0
23300465,2551,47,0,2,23345814,2039,90,0,0
23298048,1124,46,0,5,23236859,852,43,0,0
23364117,2319,43,0,0,23326676,1052,28,0,0
23309585,1194,24,0,1,23330801,841,38,0,0
23238744,299,37,0,0,23327750,714,32,0,0
23282417,651,24,0,5,23247093,1157,47,0,0
23303516,1103,61,0,2,23272843,1333,27,0,0
23232470,776,62,0,4,23304309,1112,40,0,0
23346216,975,33,0,1,23373724,962,68,0,0
23261719,1533,83,0,0,23285175,639,79,0,0
23323468,2229,58,0,1,23353690,400,74,0,0
23276226,1318,18,0,1,23319847,2250,57,0,0
23344461,1357,61,0,1,23240421,2223,43,0,0
23287159,726,10,0,9,23370305,653,22,0,0
23306784,636,42,0,0,23274017,1347,45,0,0
23296590,963,27,0,8,23363507,1630,15,0,0
23241405,1146,94,0,4,23265869,894,37,0,0
23273021,1616,46,0,3,23300199,632,41,0,0
23247027,1537,67,0,4,23312711,691,35,0,0
23271876,1440,60,0,7,23273886,445,62,0,0
23235073,641,49,0,1,23335793,2161,53,0,0
23349090,789,95,0,5,23290686,1908,58,0,0
23332145,1087,134,0,1,23256328,1044,32,0,1
23243997,687,90,0,1,23343930,2191,43,0,0
23374778,2099,32,0,4,23289406,1613,57,0,0
23308649,687,30,0,1,23318517,937,71,0,0
23323762,372,72,0,1,23371691,1102,60,0,0
23252800,556,65,0,1,23257753,1275,43,0,0
23256984,2191,40,0,8,23343346,708,30,0,0
23292490,998,36,0,3,23261569,732,70,0,0
23268590,660,142,0,1,23318772,1109,64,0,0
23323167,773,32,0,3,23310654,644,55,0,0
23322037,1525,61,0,0,23380514,571,46,0,0
23334608,1627,56,0,3,23300747,1182,57,0,0
23258541,768,49,0,0,23313645,1107,34,0,0
23257479,388,47,0,3,23283409,1922,27,0,0
23291320,838,79,0,6,23259856,1379,60,0,0
23343801,776,32,0,0,23365751,854,28,0,0
23245705,961,46,0,3,23269525,1096,50,0,0
23251510,1361,71,0,2,23316163,721,47,0,0
23338400,718,34,0,2,23281099,110,62,0,0
23258126,1648,32,0,3,23269177,1470,52,0,0
23250440,741,16,0,5,23325322,2235,48,0,0
23313076,427,81,0,1,23302665,1077,52,0,1
23259167,349,43,0,7,23367141,737,46,0,0
23323496,1375,34,0,1,23263975,232,77,0,0
23264269,1370,58,0,2,23342402,1574,38,0,0
23279011,520,81,0,1,23234509,1140,70,0,0
23381134,1637,33,0,0,23292678,1127,20,0,0
23308638,523,66,0,0,23246294,1165,36,0,0
23315242,1833,85,0,1,23237318,510,42,0,0
23235761,1120,37,0,1,23269294,615,61,0,0
23274796,2394,24,0,1,23343305,1261,43,0,0
23262522,1357,66,0,0,23276461,1069,28,0,0
23378537,1092,28,0,2,23245652,1006,62,0,0
23338585,755,132,0,3,23259041,543,29,0,0
23321534,1303,38,0,6,23249194,2470,26,0,0
23337481,804,48,0,1,23337003,1708,24,0,0
23343128,1312,35,0,1,23257519,1510,35,0,0
23366354,793,75,0,1,23274347,1214,51,0,0
23345407,911,57,0,3,23346528,883,26,0,0
23287569,1482,67,0,2,23307229,1435,35,0,0
23243737,982,98,0,1,23346246,604,31,0,0
23310300,1589,37,0,0,23241906,1097,26,0,0
23362490,2251,29,0,8,23380722,1488,26,0,0
23369919,1044,17,0,3,23260073,1211,27,0,0
23360579,1339,85,0,0,23338272,1013,56,0,0
23373375,1755,14,0,4,23284616,600,38,0,0
23368345,715,63,0,0,23257866,2070,29,0,0
23252723,1025,47,0,1,23256939,1491,15,0,0
23278634,972,55,0,0,23266896,936,24,0,0
23377705,1334,25,0,1,23352040,1259,67,0,0
23309615,948,58,0,1,23292429,1025,66,0,0
23350288,131,34,0,0,23354723,901,53,0,0
23257654,994,51,0,2,23279675,1196,85,0,0
23381373,757,26,0,4,23286963,2095,30,0,0
23263066,811,51,0,1,23260099,639,59,0,0
23315364,600,16,0,10,23379127,1180,85,0,0
23249327,775,96,0,4,23326424,2523,55,0,0
23297042,1094,26,0,0,23338890,133,46,0,0
23288146,1325,25,0,1,23329094,2323,46,0,0
23278655,219,80,0,3,23373493,777,64,0,0
23328743,1364,46,0,3,23270160,1000,25,0,0
23367831,727,25,0,0,23297328,1136,30,0,0
23263388,2207,43,0,2,23300855,1488,62,0,0
23312642,354,58,0,2,23304048,450,54,0,0
23306024,2227,106,0,1,23272257,2162,37,0,0
23247419,1433,17,0,11,23361618,1336,78,0,0
23345102,2518,44,0,2,23323512,1685,51,0,0
23353878,1428,42,0,4,23309290,1144,47,0,0
23291056,971,92,0,2,23349034,2156,96,0,0
23244707,697,55,0,4,23241725,651,86,0,0
23251739,1862,52,0,8,23321620,1599,16,0,0
23372167,1084,28,0,2,23249961,2570,33,0,0
23334111,692,41,0,2,23328041,2314,65,0,0
23320212,1942,33,0,0,23290175,937,35,0,0
23303637,690,67,0,3,23380278,1638,114,0,0
23237931,673,50,0,2,23356172,1156,37,0,0
23382020,1630,55,0,0,23280214,999,43,0,0
23340334,914,77,0,0,23358186,1068,57,0,0
23356329,110,21,0,12,23320163,1867,33,0,0
23261976,1321,76,0,1,23310563,975,53,0,0
23259874,1228,50,0,0,23279565,1068,63,0,0
23346204,529,30,0,6,23384013,1671,45,0,0
23246245,2224,85,0,1,23327395,1822,25,0,0
23327302,667,42,0,1,23300416,977,78,0,0
23245282,812,38,0,11,23341791,1654,30,0,0
23245947,987,49,0,0,23372137,1262,75,0,0
23256844,1141,21,0,215,23346993,868,68,0,0
23365085,1390,169,0,0,23371578,1197,66,0,0
23277023,340,57,0,0,23363362,1193,79,0,0
23352773,1433,36,0,0,23272140,149,55,0,0
23384207,820,76,0,0,23356296,681,59,0,0
23325031,1626,56,0,0,23327993,1633,103,0,0
23307257,623,52,0,0,23368640,1122,20,0,0
23371788,1052,39,0,0,23323324,1204,104,0,0
23366995,1146,140,0,0,23239882,1177,46,0,0
23276083,709,100,0,0,23338946,937,90,0,0
23266753,1391,131,0,0,23328350,917,56,0,0
23310981,1430,36,0,0,23380741,1033,27,0,0
23311744,709,29,0,0,23274584,1274,51,0,0
23282429,1203,67,0,0,23369655,1473,28,0,0
23278099,1048,46,0,0,23342121,1111,51,0,0
23341711,1546,38,0,0,23356478,852,14,0,0
23349462,1551,30,0,0,23339417,1638,39,0,0
23325651,628,26,0,0,23380289,821,79,0,0
23317395,944,45,0,0,23347841,742,78,0,0
23320429,1936,25,0,0,23342453,698,80,0,0
23356000,1681,61,0,1,23302777,1885,54,0,0
23325914,1051,60,0,0,23358175,595,42,0,0
23266889,367,45,0,0,23268488,900,59,0,0
23362188,345,183,0,0,23250184,1173,27,0,0
23292749,300,31,0,0,23322204,591,41,0,0
23309402,514,66,0,0,23383285,1149,23,0,0
23298001,961,78,0,0,23303399,840,22,0,0
23345564,549,50,0,0,23309888,1187,38,0,0
23385436,1193,37,0,0,23259354,850,75,0,0
23325737,1220,39,0,0,23349437,1140,19,0,0
23270823,695,45,0,0,23295626,1607,41,0,0
23281006,1643,57,0,1,23384485,179,46,0,0
23274143,2248,75,0,2,23370228,313,74,0,0
23310293,1175,61,0,1,23308697,548,31,0,0
23267229,2160,28,0,2,23330099,2015,36,0,0
23264740,1345,22,0,11,23312134,1317,70,0,0
23292313,847,47,0,5,23293788,2518,51,0,0
23253262,1678,31,0,1,23335306,181,38,0,0
23331817,1787,45,0,5,23287230,558,30,0,0
23267241,1860,33,0,3,23290455,1487,31,0,0
23331692,1725,62,0,0,23296102,669,50,0,0
23372908,571,49,0,0,23274109,334,45,0,0
23245461,1679,29,0,0,23323111,1074,66,0,0
23384453,909,26,0,0,23285492,1009,61,0,0
23299665,1542,95,0,2,23288395,784,42,0,0
23272065,721,32,0,0,23266289,2137,83,0,0
23317837,586,72,0,1,23274123,1459,31,0,0
23360914,1410,22,0,0,23328348,813,34,0,0
23369950,1650,34,0,1,23279073,1085,38,0,0
23363808,2201,38,0,2,23367597,784,39,0,0
23300160,461,28,0,0,23380867,721,58,0,0
23353210,1146,24,0,0,23372037,2531,43,0,0
23313643,941,34,0,2,23338316,2186,41,0,0
23282559,772,66,0,2,23346187,884,47,0,0
23297999,354,51,0,2,23291802,1432,42,0,0
23383463,1514,41,0,0,23267328,1287,49,0,0
23305876,1784,40,0,1,23357998,1167,75,0,0
23300915,1975,49,0,1,23329910,499,26,0,0
23386878,631,60,0,1,23252764,1173,73,0,0
23377728,185,63,0,6,23289046,1165,51,0,0
23368987,760,43,0,1,23378204,2230,78,0,0
23247972,219,81,0,3,23327091,1146,12,0,0
23377380,1463,67,0,0,23308689,2296,28,0,0
23262244,789,53,0,6,23273764,922,28,0,0
23367202,501,46,0,5,23312061,1647,46,0,0
23317210,2473,74,0,6,23365532,842,65,0,0
23277437,1668,57,0,2,23256596,1203,77,0,0
23377825,603,71,0,2,23253501,1551,21,0,0
23275532,2079,26,0,1,23352073,158,21,0,0
23308520,1192,48,0,1,23382795,928,75,0,0
23304042,688,60,0,3,23360056,1389,112,0,0
23346629,1861,23,0,0,23293416,1465,31,0,0
23318100,872,447,0,4,23291591,986,38,0,0
23364984,1013,43,0,0,23252469,1158,32,0,0
23258384,758,12,0,0,23293372,992,41,0,0
23257240,897,52,0,0,23377292,897,38,0,0
23346987,1526,26,0,0,23309395,1291,90,0,0
23277812,121,64,0,3,23363471,1044,28,0,0
23280715,1752,37,0,1,23302880,1602,17,0,0
23373553,1176,28,0,4,23262118,1904,75,0,0
23321720,1268,52,0,2,23376801,950,33,0,0
23347170,1455,36,0,0,23263323,1356,63,0,0
23364350,1192,64,0,0,23293500,1504,53,0,0
23351846,1483,32,0,2,23258780,1604,25,0,0
23310576,1019,26,0,1,23263409,2003,25,0,0
23292243,1422,30,0,1,23324074,1880,48,0,0
23315512,1009,52,0,0,23358351,858,37,0,0
23334541,909,22,0,1,23380649,945,46,0,0
23353812,2435,21,0,0,23249167,1083,25,0,0
23293333,1111,65,0,6,23285815,1537,44,0,0
23282394,2306,20,0,0,23302130,735,35,0,0
23313753,1039,106,0,1,23296673,1084,30,0,0
23339525,720,40,0,0,23361949,1043,34,0,0
23258400,1871,55,0,2,23263067,1177,31,0,0
23253908,1349,87,0,1,23340015,901,36,0,0
23272679,1648,59,0,0,23378052,1487,36,0,0
23382783,1026,17,0,3,23290265,1245,28,0,0
23317310,2425,23,0,1,23300781,1219,27,0,0
23277743,823,40,0,1,23265716,2585,40,0,0
23283181,1988,30,0,0,23324570,807,81,0,0
23331833,1664,22,0,0,23273942,1331,61,0,0
23308136,818,32,0,1,23325300,1175,57,0,0
23364001,2395,22,0,1,23365759,1026,24,0,0
23322251,719,30,0,0,23269123,795,34,0,0
23286176,349,36,0,2,23276415,1686,48,0,0
23297578,849,49,0,1,23255941,652,36,0,0
23381130,1022,39,0,2,23381289,1183,124,0,0
23342177,964,75,0,1,23344753,659,47,0,0
23347471,1394,71,0,0,23269409,311,113,0,0
23265016,1053,38,0,2,23305072,1295,73,0,0
23340271,536,60,0,8,23365713,1415,42,0,0
23313454,1924,43,0,2,23283489,754,32,0,0
23349028,1674,35,0,1,23313327,1221,44,0,0
23354802,1063,44,0,1,23348006,710,43,0,0
23283894,1143,33,0,10,23272771,1344,21,0,0
23282765,1607,39,0,1,23381360,479,21,0,0
23259417,1078,50,0,3,23275869,1166,96,0,0
23295098,528,20,0,2,23308734,641,79,0,0
23264444,1899,32,0,1,23356142,833,25,0,0
23250766,952,21,0,4,23284520,781,45,0,0
23321249,1109,60,0,0,23307832,349,48,0,0
23316427,1328,44,0,1,23372920,827,82,0,0
23296603,290,35,0,4,23336050,1067,28,0,0
23368282,1061,47,0,1,23258644,1151,72,0,0
23369313,1205,47,0,2,23358952,782,36,0,0
23344112,718,55,0,1,23384862,725,52,0,0
23283575,2248,24,0,2,23275950,979,31,0,0
23337903,647,63,0,0,23382425,953,98,0,0
23302600,520,26,0,2,23282983,1806,16,0,0
23392070,1233,46,0,6,23334398,1790,39,0,0
23287529,517,47,0,10,23252722,606,39,0,0
23368252,847,45,0,3,23328073,869,33,0,0
23301417,1297,37,0,5,23297678,2467,36,0,1
23383935,1080,36,0,0,23358285,1326,73,0,0
23375484,688,43,0,3,23301865,506,60,0,0
23254839,1207,41,0,2,23297881,1019,75,0,0
23314563,993,28,0,2,23384830,915,99,0,0
23275499,1106,28,0,2,23371210,1446,45,0,0
23277049,1450,45,0,2,23344436,1711,30,0,0
23383933,665,29,0,1,23322440,677,58,0,0
23251630,1401,52,0,1,23351230,1083,62,0,0
23344356,699,31,0,0,23287179,761,33,0,0
23358355,813,93,0,0,23393711,1179,28,0,0
23307664,2027,23,0,4,23338146,966,120,0,0
23315739,1759,62,0,0,23298390,341,23,0,0
23292686,1379,34,0,0,23388586,1007,33,0,1
23382761,1217,49,0,0,23385047,930,31,0,0
23295124,264,24,0,2,23290167,1003,21,0,0
23358192,1122,35,0,1,23293184,1575,28,0,0
23326701,433,74,0,1,23316863,1360,84,0,0
23383538,1174,43,0,0,23386396,1093,35,0,0
23370045,585,64,0,3,23279942,2066,24,0,0
23345684,1539,110,0,3,23292347,553,50,0,0
23378075,1431,47,0,1,23278653,940,73,0,0
23314052,1848,68,0,5,23327672,287,43,0,0
23319834,891,61,0,2,23310918,1641,228,0,0
23326290,662,109,0,4,23372863,895,35,0,0
23278977,1266,55,0,4,23284082,576,40,0,0
23291628,935,22,0,6,23257168,1619,66,0,0
23253528,1107,39,0,1,23336676,1107,52,0,0
23375266,493,37,0,1,23393957,2195,52,0,0
23340329,1601,69,0,0,23314865,1770,49,0,0
23361123,1627,34,0,2,23268690,706,20,0,0
23293913,1698,46,0,0,23281077,1325,24,0,0
23322961,1977,75,0,3,23290657,856,55,0,0
23351389,2082,31,0,3,23274009,735,69,0,0
23368841,1766,44,0,2,23275483,1375,57,0,0
23320774,392,60,0,0,23335530,958,38,0,0
23343786,1175,34,0,0,23395110,1540,43,0,0
23387175,1149,120,0,1,23288858,1603,39,0,0
23359435,2429,53,0,1,23389573,1496,24,0,0
23320186,773,34,0,1,23295754,553,32,0,0
23392588,942,34,0,2,23377614,1378,18,0,0
23314601,2171,92,0,4,23350022,259,65,0,0
23365065,2179,47,0,16,23375040,2114,41,0,0
23275261,609,125,0,4,23272278,1416,61,0,0
23296953,1243,40,0,5,23355135,1285,31,0,0
23334976,877,65,0,0,23346519,969,30,0,0
23396392,189,65,0,3,23394493,687,30,0,0
23316269,439,78,0,0,23312162,1609,30,0,0
23291939,1063,58,0,2,23283545,1096,39,0,0
23285940,1618,60,0,0,23359098,995,32,0,0
23364000,1185,39,0,1,23359216,1181,59,0,0
23274103,668,27,0,1,23261855,2666,27,0,0
23381312,578,81,0,0,23389527,655,61,0,0
23302607,1258,17,0,2,23269896,694,50,0,0
23359470,413,41,0,5,23364878,1174,43,0,0
23287822,1302,28,0,2,23329403,1889,51,0,0
23370393,438,87,0,2,23322694,1925,38,0,0
23277834,1696,78,0,0,23275117,2121,49,0,0
23344168,284,54,0,1,23330499,1766,27,0,0
23269709,1334,51,0,0,23355292,871,46,0,0
23384101,1267,37,0,2,23280028,1195,54,0,0
23281524,1390,36,0,1,23391082,1280,73,0,0
23273902,1287,40,0,2,23331917,868,68,0,0
23372686,1272,49,0,0,23349397,906,30,0,0
23358231,661,56,0,2,23303057,1764,62,0,0
23361680,1154,26,0,1,23376750,1063,31,0,0
23291201,950,57,0,0,23273956,551,18,0,0
23318522,673,41,0,1,23388112,399,36,0,0
23395231,1295,35,0,1,23323828,1316,66,0,0
23390299,1541,40,0,4,23332393,1642,34,0,0
23331920,1057,39,0,2,23329756,925,45,0,0
23321134,1358,80,0,0,23293430,1170,47,0,0
23390625,541,72,0,3,23274483,213,21,0,0
23376091,1781,57,0,1,23258287,1022,48,0,0
23343993,2128,33,0,3,23380773,1752,61,0,0
23345059,399,35,0,8,23366145,1125,82,0,0
23257186,1159,45,0,3,23313479,1152,31,0,0
23275406,1354,43,0,4,23293651,318,34,0,0
23375772,1426,30,0,1,23288476,841,57,0,0
23335548,1814,38,0,1,23393883,533,41,0,0
23366720,1243,44,0,0,23382977,1380,48,0,0
23333831,173,95,0,0,23386725,839,47,0,0
23322061,1767,61,0,1,23389926,613,39,0,0
23341078,1680,27,0,0,23349363,1537,33,0,0
23261053,422,99,0,1,23296483,997,38,0,0
23297925,343,26,0,2,23323933,907,54,0,0
23345215,1137,44,0,2,23316018,665,89,0,0
23285896,163,51,0,2,23367477,2135,37,0,0
23332936,2612,25,0,5,23265251,622,50,0,0
23346855,1253,29,0,1,23388300,2338,30,0,0
23277353,543,58,0,1,23317348,820,65,0,0
23314031,1251,44,0,5,23272321,754,78,0,0
23258398,1255,61,0,1,23297276,980,28,0,0
23330020,2093,35,0,3,23353950,786,44,0,0
23288844,1311,37,0,2,23276580,1249,56,0,0
23359376,1221,39,0,2,23328672,679,80,0,0
23381947,1370,40,0,3,23369214,2373,32,0,0
23283057,322,41,0,1,23391525,677,61,0,0
23390652,1886,37,0,1,23259183,1002,54,0,0
23342962,989,52,0,0,23282685,1496,38,0,0
23320170,908,84,0,3,23307816,901,21,0,0
23393723,1691,34,0,1,23274458,494,47,0,0
23373050,735,15,0,2,23324585,1190,43,0,0
23272446,1169,71,0,0,23251135,1811,47,0,0
23391342,1900,52,0,3,23366363,1957,55,0,0
23364072,1243,60,0,1,23350399,932,59,0,0
23320095,1582,33,0,2,23375031,1363,44,0,0
23384775,1606,48,0,1,23350506,1808,55,0,0
23329338,1288,242,0,0,23340895,1647,160,0,0
23400130,1247,39,0,1,23394891,1723,40,0,0
23352955,819,64,0,0,23346209,1609,31,0,0
23274687,2044,28,0,0,23313979,580,68,0,0
23353328,1149,27,0,0,23328549,462,26,0,0
23327554,1567,17,0,1,23349111,1965,12,0,0
23264804,1518,30,0,2,23257102,694,44,0,0
23329256,1793,43,0,1,23280731,1054,41,0,0
23373261,524,26,0,2,23338815,798,54,0,0
23296523,837,56,0,1,23293200,752,116,0,0
23374705,931,104,0,0,23382215,1385,30,0,0
23269464,301,30,0,0,23276883,637,25,0,0
23319066,878,40,0,3,23304395,1569,78,0,0
23328315,1266,56,0,0,23359844,875,19,0,0
23397924,1752,77,0,1,23312207,777,52,0,0
23349000,310,141,0,0,23260977,736,25,0,0
23383147,1493,45,0,0,23275290,1379,36,0,0
23324257,937,48,0,0,23279437,180,44,0,0
23340907,1158,29,0,0,23357226,1711,20,0,0
23270819,1083,31,0,1,23315808,1419,59,0,0
23280185,749,88,0,1,23330117,161,109,0,0
23276264,1607,56,0,1,23284216,1226,52,0,0
23312524,1287,52,0,3,23286626,739,76,0,0
23318464,1593,26,0,4,23289104,1883,40,0,0
23383251,2069,70,0,0,23374356,434,53,0,0
23260585,1175,24,0,1,23324469,1037,86,0,0
23292647,1288,60,0,4,23372545,1453,79,0,0
23307713,1505,40,0,0,23298653,674,58,0,0
23353324,934,28,0,4,23341983,1226,34,0,0
23302757,2172,22,0,1,23260549,909,61,0,0
23386154,317,38,0,1,23381505,1303,15,0,0
23304974,1090,20,0,3,23379522,1632,56,0,0
23326443,1841,52,0,1,23341069,1443,23,0,0
23261504,883,31,0,0,23321834,1292,73,0,0
23262250,1161,27,0,2,23291639,1837,66,0,0
23288167,1311,63,0,1,23303956,1523,34,0,0
23374613,308,71,0,2,23337321,398,33,0,0
23309384,1045,53,0,0,23359939,1322,48,0,0
23295032,2472,36,0,5,23398274,1866,33,0,0
23316686,944,88,0,1,23319383,1605,19,0,0
23383732,1892,62,0,0,23284851,1076,51,0,0
23308999,1859,87,0,1,23273035,1090,61,0,0
23312982,1344,89,0,0,23271512,718,20,0,0
23366708,1019,43,0,0,23359530,613,51,0,0
23318816,925,32,0,0,23377491,1316,39,0,0
23371560,112,90,0,1,23378019,1032,163,0,0
23376340,659,36,0,0,23339678,508,86,0,0
23290507,1890,27,0,1,23300364,747,69,0,0
23339307,2289,27,0,1,23307696,618,31,0,0
23258767,1467,101,0,2,23285432,136,24,0,0
23346654,373,34,0,7,23331219,959,71,0,0
23341697,660,29,0,3,23306520,888,57,0,0
23303034,900,40,0,5,23276942,733,64,0,0
23362394,328,42,0,4,23386199,932,26,0,0
23312164,674,54,0,5,23281618,1282,30,0,0
23375701,627,75,0,0,23293067,695,30,0,0
23357413,1286,71,0,5,23272382,1274,61,0,0
23343473,1100,58,0,1,23350081,1038,57,0,0
23381934,1794,31,0,0,23327786,1453,27,0,0
23260805,191,111,0,0,23391655,1221,19,0,0
23364300,1249,79,0,0,23261920,1329,35,0,0
23402343,1867,34,0,0,23318919,654,24,0,0
23292707,928,17,0,1,23361056,1386,26,0,0
23397874,1715,34,0,3,23315454,1214,49,0,0
23314365,995,52,0,3,23383038,1280,67,0,0
23375145,974,38,0,0,23281484,1006,34,0,0
23340848,1072,15,0,2,23321056,1456,28,0,0
23311976,826,48,0,1,23302078,875,38,0,0
23379574,1711,44,0,9,23398140,117,45,0,0
23331316,868,73,0,4,23346160,2454,37,0,0
23263168,860,23,0,1,23382145,993,20,0,0
23263765,543,71,0,0,23268663,1343,48,0,0
23328658,850,40,0,1,23283873,1123,18,0,0
23337326,1418,36,0,2,23307557,973,64,0,0
23372781,1239,21,0,0,23378216,1468,28,0,0
23351464,1849,55,0,2,23350329,1154,22,0,0
23309768,1394,33,0,1,23383047,667,34,0,0
23318667,196,31,0,0,23337639,347,31,0,0
23377783,459,60,0,4,23264930,628,80,0,0
23366104,2483,43,0,1,23275329,1951,42,0,0
23312676,696,34,0,4,23391147,475,54,0,0
23324132,1446,38,0,0,23277376,976,68,0,0
23373585,1168,23,0,0,23327577,1521,103,0,0
23362010,1420,35,0,5,23380045,1030,42,0,0
23355736,1317,35,0,2,23404305,1474,62,0,0
23397476,1054,58,0,4,23284259,1254,49,0,0
23376566,1165,48,0,0,23309143,815,35,0,0
23317398,614,27,0,3,23300724,1106,58,0,0
23407831,1604,50,0,2,23290304,747,34,0,0
23333052,952,17,0,0,23404618,1535,51,0,0
23392977,317,32,0,0,23403812,846,69,0,0
23263512,365,69,0,5,23287745,1315,76,0,0
23319417,305,42,0,5,23283966,1155,78,0,0
23314264,587,69,0,2,23267102,1655,21,0,0
23332049,831,31,0,1,23404575,1312,31,0,0
23302364,559,61,0,4,23275786,1216,23,0,0
23304405,1159,45,0,3,23294960,2134,54,0,0
23367569,1358,17,0,1,23403121,581,58,0,0
23390399,1532,80,0,8,23287074,847,50,0,0
23319740,1163,58,0,1,23383431,970,85,0,0
23335479,1370,36,0,1,23401370,1011,65,0,0
23308006,1972,73,0,4,23346995,1419,29,0,0
23300189,1825,33,0,1,23369794,660,29,0,0
23357074,1771,73,0,0,23358644,2469,24,0,0
23320157,1318,84,0,3,23273022,676,13,0,0
23310649,1636,45,0,1,23354336,1105,90,0,0
23318740,908,59,0,5,23353982,1968,12,0,0
23283371,980,50,0,3,23378622,700,38,0,0
23400063,2004,46,0,7,23301708,209,40,0,0
23360524,731,45,0,0,23310340,1100,68,0,0
23318936,779,61,0,2,23277380,642,26,0,0
23356183,1835,28,0,1,23299079,1664,18,0,0
23279392,817,106,0,4,23333462,1113,38,0,0
23329186,672,19,0,1,23393662,732,32,0,0
23378330,1327,13,0,1,23401531,992,74,0,0
23319048,332,127,0,2,23390307,1945,47,0,0
23316797,894,34,0,1,23306900,1673,27,0,0
23272056,986,51,0,8,23373726,1321,21,0,0
23364605,1753,55,0,1,23266186,917,32,0,0
23390757,684,111,0,2,23389446,1286,63,0,0
23387100,769,58,0,4,23391915,883,44,0,0
23368837,1097,28,0,5,23267382,705,31,0,0
23339201,492,60,0,3,23325025,1891,41,0,0
23323698,873,38,0,2,23364743,2285,44,0,0
23264739,2536,45,0,1,23343212,1079,50,0,0
23327965,621,76,0,7,23356496,629,64,0,0
23315028,1871,40,0,0,23356465,1031,42,0,0
23357901,1489,23,0,1,23378780,517,19,0,0
23339624,1527,29,0,1,23348739,1373,87,0,0
23297350,706,43,0,2,23395099,124,63,0,0
23305788,626,37,0,5,23379655,666,24,0,0
23274167,780,32,0,1,23379203,603,28,0,0
23317435,661,55,0,0,23329075,1067,26,0,0
23304493,988,53,0,0,23361791,1139,145,0,0
23289128,729,26,0,1,23315720,884,51,0,0
23307669,1664,35,0,9,23377696,1615,21,0,0
23394673,2428,29,0,5,23343983,739,40,0,0
23338594,614,46,0,0,23304050,405,79,0,0
23324914,1539,76,0,0,23401497,455,61,0,0
23303309,732,40,0,1,23375682,484,34,0,0
23365053,1486,43,0,0,23320605,834,56,0,0
23299048,601,57,0,0,23269235,1193,21,0,0
23283662,2165,46,0,2,23386088,1749,43,0,0
23264877,1313,56,0,2,23320485,1478,16,0,0
23405053,1423,36,0,0,23403361,740,41,0,0
23264920,938,44,0,0,23369231,1061,85,0,0
23348009,1270,81,0,8,23332989,1175,61,0,0
23378011,743,25,0,4,23271846,797,26,0,0
23370081,1478,53,0,2,23322267,1063,38,0,0
23393053,1066,29,0,0,23388932,267,23,0,0
23332255,1616,48,0,12,23379184,492,32,0,0
23347708,1416,38,0,3,23334564,1103,37,0,0
23367979,2527,29,0,0,23277662,493,78,0,0
23267885,679,44,0,5,23302509,1641,25,0,0
23300688,943,25,0,2,23337805,2391,59,0,0
23374932,760,39,0,2,23341282,778,24,0,0
23379746,2122,12,0,2,23282223,903,24,0,0
23364513,1823,77,0,3,23271803,1936,62,0,0
23373651,803,47,0,1,23282927,1898,30,0,0
23335339,827,61,0,0,23379015,443,34,0,0
23364410,1077,102,0,2,23384058,744,29,0,0
23389395,686,57,0,5,23407890,1424,49,0,0
23308176,1087,49,0,1,23295779,2015,48,0,0
23361752,647,63,0,3,23354829,1838,39,0,0
23353160,903,67,0,1,23296005,709,18,0,0
23349542,1041,39,0,3,23403448,143,123,0,0
23272718,942,50,0,0,23267607,1739,55,0,0
23350077,1089,31,0,12,23395162,1315,46,0,0
23303672,1372,26,0,3,23302660,1354,26,0,0
23336556,1402,32,0,0,23392731,496,54,0,0
23349441,1255,43,0,1,23407196,1177,55,0,0
23315154,1146,20,0,1,23292562,1188,25,0,0
23276060,1849,38,0,1,23315106,841,29,0,0
23293514,906,42,0,1,23349969,349,29,0,0
23290981,1276,31,0,4,23315079,923,152,0,0
23328823,2105,17,0,2,23368502,1567,41,0,0
23268541,1196,52,0,2,23309939,1039,61,0,0
23266924,1199,180,0,0,23374377,504,109,0,0
23320217,744,64,0,0,23370475,1240,23,0,0
23337747,1677,50,0,0,23393844,1697,28,0,0
23287579,1237,61,0,0,23311843,676,38,0,0
23402737,2104,39,0,1,23344200,971,55,0,0
23321681,1195,47,0,0,23267797,1330,21,0,0
23381923,681,86,0,1,23340119,548,54,0,0
23299953,520,34,0,0,23399286,1359,15,0,0
23391618,1691,36,0,1,23413655,1580,35,0,0
23327790,1531,52,0,0,23388079,921,35,0,0
23282264,1232,79,0,1,23300491,1837,46,0,0
23383906,1643,33,0,0,23333124,288,64,0,0
23375818,512,31,0,0,23276607,257,48,0,0
23298200,1474,28,0,1,23404066,2071,42,0,0
23269105,1482,31,0,0,23311481,895,67,0,0
23269889,870,87,0,7,23342133,2130,45,0,0
23389678,867,35,0,7,23316632,1784,42,0,0
23303699,1010,27,0,2,23347571,1254,21,0,0
23287566,1313,93,0,2,23350269,718,75,0,0
23413526,2290,37,0,11,23342032,1645,58,0,0
23305686,2585,45,0,1,23325949,562,20,0,0
23279732,2153,39,0,208,23269375,1834,42,0,0
23386269,1384,40,0,0,23288115,1743,42,0,0
23377903,897,24,0,0,23310418,868,90,0,0
23409896,1212,29,0,0,23320097,1471,41,0,0
23277964,1010,44,0,0,23341530,419,52,0,0
23326455,1002,34,0,0,23391759,591,109,0,0
23329572,1113,21,0,0,23272928,888,14,0,0
23387007,552,65,0,0,23304012,733,33,0,0
23314429,1709,35,0,0,23347522,2006,66,0,0
23293538,1154,37,0,0,23287625,178,46,0,0
23328260,656,40,0,1,23307530,1401,29,0,0
23381582,1381,40,0,0,23409694,1005,62,0,0
23294767,1634,71,0,0,23273809,2224,23,0,0
23414800,191,32,0,0,23402310,1824,24,0,0
23326015,1355,72,0,0,23366063,1769,45,0,0
23310716,824,34,0,1,23387174,549,49,0,0
23318994,1197,36,0,0,23304435,446,67,0,0
23306641,1091,55,0,0,23398832,969,50,0,0
23269429,2003,31,0,0,23381035,1793,41,0,0
23396770,1181,59,0,0,23381196,1940,24,0,0
23340239,1673,19,0,1,23330092,1638,46,0,0
23365487,501,21,0,0,23286850,1332,92,0,0
23314308,304,43,0,0,23343158,652,24,0,0
23302224,1702,39,0,0,23389361,763,44,0,0
23318418,802,61,0,0,23289984,1379,18,0,0
23348647,1709,62,0,1,23377687,1439,39,0,1
23313791,1938,42,0,9,23374413,723,23,0,0
23381842,1121,31,0,1,23385913,1877,47,0,0
23408855,912,35,0,2,23360817,419,53,0,0
23341698,687,64,0,0,23382267,593,49,0,0
23283003,1635,26,0,1,23385031,1015,64,0,0
23416949,366,23,0,4,23372883,1395,58,0,0
23351936,1921,57,0,1,23393948,753,48,0,0
23392855,725,38,0,5,23319449,1624,37,0,0
23415965,725,42,0,0,23277797,765,59,0,0
23322461,1552,71,0,1,23274462,2552,57,0,0
23415351,825,43,0,0,23277711,705,45,0,0
23377893,1066,59,0,1,23395414,1214,47,0,0
23370683,1926,54,0,1,23357431,1103,66,0,0
23397189,1144,54,0,2,23305325,712,24,0,0
23279034,713,47,0,0,23290774,796,37,0,0
23283402,817,27,0,0,23400071,1259,48,0,0
23407359,1715,34,0,3,23300998,621,27,0,0
23415570,1109,34,0,0,23292587,568,36,0,0
23396044,1519,71,0,1,23397116,1602,49,0,0
23386275,1241,37,0,0,23284818,1636,49,0,0
23291723,950,36,0,0,23412669,1192,37,0,0
23368990,1950,29,0,1,23324057,1440,30,0,0
23410528,1166,39,0,0,23347549,1483,61,0,0
23408151,749,30,0,5,23307927,1540,56,0,0
23300435,540,46,0,1,23309928,757,41,0,0
23399361,690,62,0,1,23378983,1200,45,0,0
23354768,980,38,0,0,23281507,1188,22,0,0
23284449,254,69,0,1,23386602,648,174,0,0
23283963,1177,78,0,1,23374405,1133,35,0,0
23410045,624,37,0,0,23406417,862,21,0,0
23292579,1529,49,0,2,23388570,1158,29,0,0
23307399,1199,35,0,1,23365969,1364,18,0,0
23396969,1397,27,0,3,23316255,1655,53,0,0
23417872,1350,39,0,2,23285351,694,26,0,0
23314971,1195,19,0,0,23284925,812,147,0,0
23335589,1172,89,0,0,23372098,809,48,0,0
23301333,1545,52,0,2,23282855,1136,21,0,0
23408393,948,28,0,0,23341695,973,55,0,0
23413370,759,39,0,1,23348342,1472,22,0,0
23275779,806,23,0,2,23299274,1185,67,0,0
23386433,1221,32,0,0,23381348,620,40,0,0
23413261,1079,43,0,3,23326649,1085,79,0,0
23359220,647,78,0,0,23371106,554,75,0,0
23317368,184,84,0,4,23368423,481,65,0,0
23413090,388,68,0,0,23340577,1190,57,0,0
23381127,1954,82,0,9,23407742,1806,28,0,0
23296490,1193,19,0,0,23283758,1631,107,0,0
23303932,840,36,0,2,23283299,851,37,0,0
23327844,1458,52,0,0,23377830,1035,59,0,0
23278913,649,33,0,1,23366562,1385,25,0,0
23316537,1105,23,0,2,23296932,891,48,0,0
23338034,785,38,0,2,23385353,2542,40,0,0
23280677,1583,19,0,1,23364160,1473,78,0,0
23403818,836,56,0,5,23314025,473,25,0,0
23326143,2109,29,0,0,23357876,2115,23,0,0
23342907,793,46,0,2,23313379,1339,60,0,0
23278635,1333,51,0,1,23318212,445,79,0,0
23314885,988,94,0,2,23348839,2014,33,0,0
23400240,1069,18,0,3,23350240,1334,20,0,0
23392007,316,34,0,3,23327586,603,32,0,0
23341355,400,50,0,1,23403625,2126,41,0,0
23283351,1940,45,0,4,23285551,1187,35,0,0
23387321,230,70,0,0,23286934,1325,63,0,0
23395131,2049,29,0,4,23410308,903,62,0,0
23360780,852,50,0,0,23398548,723,44,0,0
23372450,519,110,0,2,23356991,753,59,0,0
23315868,2399,35,0,4,23352255,1784,74,0,0
23337738,886,44,0,5,23395509,847,30,0,0
23348752,614,55,0,1,23360009,1185,60,0,0
23290154,1932,38,0,2,23281844,781,71,0,0
23335616,1253,117,0,5,23304192,620,50,0,0
23283357,768,30,0,0,23396244,657,23,0,0
23284396,913,25,0,0,23301538,1603,44,0,0
23354406,721,27,0,2,23294661,1249,42,0,0
23356130,1187,48,0,5,23376735,163,40,0,0
23292488,1976,35,0,0,23309667,1527,47,0,0
23357027,799,51,0,2,23325305,1176,65,0,0
23381567,1448,54,0,2,23345370,2048,54,0,0
23400919,1550,34,0,8,23350265,2152,24,0,0
23344737,412,91,0,3,23332252,1356,42,0,0
23377488,1089,81,0,2,23413285,653,33,0,0
23345388,683,44,0,1,23364242,1655,30,0,0
23285736,1209,26,0,3,23350272,1158,23,0,0
23353221,909,38,0,0,23393068,1402,54,0,0
23329582,1154,77,0,7,23422553,1493,90,0,0
23396613,2568,34,0,2,23338159,207,49,0,0
23410662,1357,25,0,0,23344608,1178,24,0,0
23318613,948,34,0,0,23357274,1492,39,0,0
23370855,877,89,0,1,23393493,609,50,0,0
23410739,889,52,0,2,23293131,691,66,0,0
23337044,1116,86,0,0,23409426,1002,62,0,0
23302144,1331,47,0,6,23352322,1623,45,0,0
23389750,1867,31,0,0,23293805,642,70,0,0
23392997,1096,65,0,1,23344578,1583,70,0,0
23397215,601,48,0,4,23347665,1274,42,0,0
23415336,938,56,0,3,23384197,1946,53,0,0
23282736,1235,41,0,5,23403215,812,17,0,0
23343258,1657,70,0,4,23301336,381,91,0,0
23308825,425,74,0,1,23421772,1252,24,0,0
23420186,1570,42,0,5,23348497,980,60,0,0
23402674,1209,242,0,2,23407252,2592,31,0,0
23414981,891,55,0,1,23371478,1651,68,0,0
23413532,336,53,0,0,23399825,633,31,0,0
23331054,1384,94,0,0,23309826,1151,22,0,0
23295417,1027,59,0,0,23342596,1192,48,0,0
23393697,990,31,0,1,23313995,1403,75,0,0
23350316,791,34,0,1,23337945,2152,53,0,0
23304168,441,33,0,2,23353859,2157,24,0,0
23378006,1025,56,0,6,23372148,746,83,0,0
23297317,950,23,0,3,23381677,700,62,0,0
23281703,618,42,0,2,23352710,1348,44,0,0
23368390,888,35,0,0,23337098,486,46,0,0
23312461,854,25,0,0,23333431,792,70,0,0
23411096,683,28,0,5,23293626,141,130,0,0
23386540,892,20,0,4,23316371,657,61,0,0
23343724,835,35,0,18,23293190,820,45,0,0
23386660,1740,24,0,1,23344268,1318,68,0,0
23388712,142,65,0,0,23340582,815,37,0,0
23397199,437,62,0,5,23336046,306,92,0,0
23412349,962,56,0,4,23329723,1237,70,0,0
23313684,766,42,0,1,23356730,1481,94,0,0
23364938,758,54,0,0,23377582,1886,45,0,0
23338876,650,48,0,8,23386909,656,61,0,0
23406145,1873,29,0,0,23402523,1348,26,0,0
23417849,1243,54,0,0,23290029,1108,53,0,0
23332141,1660,47,0,2,23412028,1468,43,0,0
23294468,895,36,0,3,23285377,1373,33,0,0
23347121,1933,23,0,0,23390028,2398,47,0,0
23354597,1142,66,0,3,23410862,1304,65,0,0
23332946,1123,22,0,1,23315717,1480,46,0,0
23298081,905,24,0,14,23290334,341,36,0,0
23351158,928,61,0,3,23303974,950,45,0,0
23416105,235,39,0,0,23332485,892,54,0,0
23347054,934,40,0,2,23291966,1183,60,0,0
23282531,1125,45,0,2,23411822,813,27,0,0
23325984,2287,36,0,1,23367440,1759,29,0,0
23362742,746,70,0,3,23400948,1977,44,0,0
23340878,876,30,0,2,23364199,783,72,0,0
23288265,826,72,0,5,23381425,910,68,0,0
23317197,1183,45,0,4,23317230,707,54,0,0
23370013,1574,45,0,0,23337665,1642,36,0,0
23400811,1197,21,0,3,23374480,1163,105,0,0
23354639,1426,38,0,0,23386414,2158,32,0,0
23354034,1528,79,0,0,23331756,2330,45,0,0
23383665,1307,42,0,1,23332065,1023,33,0,0
23332714,1201,42,0,0,23298988,1395,45,0,0
23423193,1666,64,0,4,23418079,1072,20,0,0
23305595,1685,36,0,1,23288362,1476,62,0,0
23354272,1951,51,0,1,23418813,1998,56,0,0
23361694,873,18,0,0,23423629,408,35,0,0
23393564,736,53,0,1,23304780,1148,64,0,0
23318666,693,59,0,2,23326473,106,25,0,0
23373474,454,37,0,2,23294702,2264,38,0,0
23302753,685,58,0,2,23370789,1422,48,0,0
23399864,1357,44,0,1,23339868,2199,28,0,0
23419224,1227,32,0,0,23294736,2074,37,0,0
23309077,1469,47,0,5,23311414,1019,96,0,0
23344407,775,22,0,1,23427149,1361,25,0,0
23327014,1105,53,0,1,23416308,2103,78,0,0
23392455,1327,60,0,4,23287635,297,41,0,0
23398961,1063,61,0,1,23416026,2205,59,0,0
23414779,1396,41,0,0,23320153,1055,31,0,0
23406048,1110,65,0,2,23394610,236,68,0,0
23315504,1360,48,0,2,23343578,760,38,0,0
23416571,1457,39,0,2,23366911,1983,61,0,0
23315726,1555,27,0,2,23349380,1110,83,0,0
23310411,809,72,0,0,23419238,707,58,0,0
23284698,1121,58,0,4,23416932,621,29,0,0
23410262,1139,52,0,4,23418100,2323,56,0,0
23333181,1840,32,0,4,23372750,1625,29,0,0
23350694,786,27,0,1,23390291,1761,33,0,0
23304320,190,65,0,1,23321014,1796,92,0,0
23316384,1639,48,0,4,23417133,1196,33,0,0
23310372,761,48,0,1,23291089,963,54,0,0
23367131,2592,29,0,2,23285880,938,40,0,0
23353995,1386,50,0,2,23331749,742,62,0,0
23335982,1515,37,0,4,23283613,2112,55,0,0
23365906,1162,32,0,0,23365319,1035,44,0,0
23371105,676,47,0,4,23327764,689,74,0,0
23339572,1051,62,0,0,23402665,1421,35,0,0
23292146,416,43,0,1,23364352,636,53,0,0
23388035,1579,17,0,5,23285257,560,55,0,0
23332990,576,46,0,6,23293895,966,37,0,0
23286886,415,74,0,0,23294326,1226,64,0,0
23389511,595,17,0,3,23419658,470,91,0,0
23288091,1406,50,0,0,23272883,573,16,0,0
23292421,393,44,0,0,23356011,405,59,0,0
23352036,1149,37,0,0,23329618,653,82,0,0
23384888,1323,34,0,1,23364725,2465,40,0,0
23413438,316,42,0,0,23330739,1637,60,0,0
23411488,1666,47,0,0,23407999,1507,20,0,0
23409464,1667,19,0,4,23385767,1357,35,0,0
23285859,2058,67,0,0,23387653,698,87,0,0
23304845,690,43,0,0,23304818,817,56,0,0
23410901,351,52,0,1,23389671,1372,23,0,0
23385589,2562,50,0,1,23335829,1391,19,0,0
23336828,816,79,0,2,23336627,1769,42,0,0
23329903,1062,119,0,0,23413801,2306,43,0,0
23364810,1523,33,0,0,23344160,1279,50,0,0
23405789,930,14,0,0,23393133,427,47,0,0
23393145,805,99,0,3,23366086,1455,43,0,0
23380784,845,40,0,6,23342841,1384,45,0,0
23347346,1147,59,0,0,23289192,1505,70,0,0
23408339,1615,31,0,2,23350527,675,33,0,0
23313530,1643,53,0,0,23355499,390,58,0,0
23299613,1016,29,0,0,23303673,2195,45,0,0
23356137,1991,54,0,0,23333483,950,19,0,0
23413866,618,37,0,0,23316438,2181,36,0,0
23417262,719,50,0,4,23328197,1738,29,0,0
23326929,658,62,0,4,23389340,2139,47,0,0
23393264,1443,37,0,0,23374005,501,36,0,0
23343866,982,28,0,4,23319244,1883,45,0,0
23339294,1385,29,0,0,23399001,1696,46,0,0
23340704,1459,54,0,2,23404360,726,79,0,0
23424508,677,19,0,1,23291932,2204,240,0,0
23372992,1379,33,0,1,23344593,451,36,0,0
23387391,1073,34,0,0,23388866,1166,32,0,0
23284392,827,49,0,4,23303152,2193,59,0,0
23295426,783,32,0,2,23343913,1166,74,0,0
23366801,1388,100,0,1,23309315,312,83,0,0
23287085,1329,59,0,0,23383576,1638,38,0,0
23337664,346,61,0,5,23360360,2488,30,0,0
23398759,1238,41,0,0,23388725,2355,33,0,0
23421409,1786,35,0,1,23338396,335,26,0,0
23372697,1964,26,0,0,23423228,1047,112,0,0
23359683,1776,91,0,1,23346696,2178,51,0,0
23391522,1851,89,0,0,23298697,1053,50,0,0
23386605,778,86,0,7,23410103,1154,54,0,0
23371998,999,56,0,9,23394981,574,88,0,0
23294462,1679,29,0,0,23373065,882,27,0,0
23411694,1041,40,0,1,23351731,1818,44,0,0
23336206,520,71,0,3,23304806,1105,27,0,0
23319701,1881,42,0,0,23320375,1661,30,0,0
23349529,1188,39,0,1,23395455,2246,50,0,0
23301229,1246,49,0,0,23417942,2132,12,0,0
23394250,2157,74,0,1,23345191,297,46,0,0
23271430,717,43,0,0,23385156,794,50,0,0
23304869,1134,36,0,0,23341163,395,33,0,0
23365508,1635,62,0,0,23335120,668,72,0,0
23430162,585,64,0,1,23416348,2514,38,0,0
23323717,291,54,0,0,23409961,1049,22,0,0
23394079,942,66,0,0,23367758,975,88,0,0
23289512,2382,46,0,0,23376942,1390,26,0,0
23305230,646,26,0,1,23305303,346,51,0,0
23327953,1964,62,0,2,23371871,823,35,0,1
23374714,169,42,0,10,23346991,928,33,0,0
23401156,1454,45,0,6,23328324,1084,22,0,0
23421315,202,34,0,0,23400441,805,21,0,0
23382150,1310,66,0,2,23338425,627,90,0,0
23413175,1549,44,0,1,23291272,1838,34,0,0
23403716,879,25,0,0,23418641,1926,17,0,0
23399512,1850,33,0,2,23432161,883,156,0,0
23365854,1002,25,0,1,23370269,1900,23,0,0
23331925,993,39,0,0,23396011,963,63,0,0
23406617,1178,22,0,1,23423952,945,57,0,0
23322215,1247,26,0,1,23404569,1250,46,0,0
23335766,782,89,0,1,23329518,1924,41,0,0
23356541,1156,90,0,6,23383408,1716,65,0,0
23406990,1710,59,0,2,23369571,1540,36,0,0
23351670,1406,37,0,6,23346596,304,32,0,0
23358914,978,38,0,4,23296165,2192,74,0,0
23397801,2009,42,0,0,23289119,844,18,0,0
23339485,646,68,0,1,23416353,944,37,0,0
23308780,938,88,0,2,23430976,1098,45,0,0
23410752,761,49,0,0,23355994,788,29,0,0
23342081,1638,55,0,2,23335668,1094,66,0,0
23396374,766,47,0,1,23322472,1326,49,0,0
23415833,717,34,0,3,23423346,1390,58,0,0
23386717,561,55,0,8,23326722,673,62,0,0
23351609,622,40,0,0,23389307,1385,86,0,0
23290538,864,67,0,0,23368928,227,90,0,0
23350526,777,45,0,1,23331543,470,110,0,0
23378809,185,49,0,1,23351324,1443,28,0,0
23402776,742,34,0,2,23347445,916,94,0,0
23411435,156,24,0,0,23362817,2193,54,0,0
23328598,773,48,0,0,23362582,1108,111,0,0
23373388,1931,29,0,0,23372132,1091,18,0,0
23305301,958,58,0,1,23331388,1144,62,0,0
23308761,1009,40,0,1,23341933,1662,32,0,0
23288713,1658,23,0,3,23311535,945,73,0,0
23342264,609,99,0,2,23414799,1152,32,0,0
23318226,503,33,0,4,23317208,419,46,0,0
23362325,1360,18,0,0,23311789,843,38,0,0
23330180,2184,48,0,0,23337228,2144,63,0,0
23365509,1099,67,0,3,23289844,675,34,0,0
23304827,1428,37,0,3,23377583,671,33,0,0
23333518,1455,30,0,3,23325623,1136,54,0,0
23425552,733,73,0,5,23426961,1175,31,0,0
23396382,1829,29,0,9,23386676,1259,23,0,0
23301099,503,99,0,1,23365087,1458,58,0,0
23348581,590,27,0,1,23358190,789,22,0,0
23403637,1428,58,0,0,23321096,960,53,0,0
23328758,1781,82,0,2,23411413,1972,22,0,0
23423652,1171,68,0,2,23348893,1393,30,0,0
23405407,1058,28,0,1,23319663,1186,87,0,0
23309811,212,54,0,0,23313419,617,38,0,0
23328974,710,161,0,1,23315776,1721,55,0,0
23396185,1824,36,0,1,23424549,1718,33,0,0
23374874,1319,44,0,1,23418887,535,54,0,0
23436045,466,66,0,2,23360526,2196,46,0,0
23324292,536,39,0,1,23406273,132,65,0,0
23416097,674,21,0,0,23329671,1072,55,0,0
23387434,932,30,0,3,23338575,1615,26,0,0
23316055,978,75,0,3,23395439,1742,23,0,0
23335559,309,57,0,0,23385083,1390,30,0,0
23437149,916,60,0,2,23423435,962,29,0,0
23424122,2552,34,0,5,23337722,1274,29,0,0
23372639,1009,36,0,1,23393767,1375,45,0,0
23385322,976,41,0,1,23337408,2167,27,0,0
23376133,677,78,0,0,23358328,197,64,0,0
23343440,2035,46,0,1,23301389,1598,67,0,0
23437221,2144,38,0,11,23310403,853,65,0,0
23400641,1169,66,0,3,23347866,1826,60,0,0
23323553,545,30,0,4,23409199,1267,37,0,0
23424436,1479,71,0,1,23396993,975,20,0,0
23343865,1402,17,0,6,23366006,375,48,0,0
23431396,913,51,0,0,23372617,1597,56,0,0
23398099,756,74,0,0,23380772,356,50,0,0
23329441,891,52,0,0,23321839,1369,41,0,0
23436915,277,26,0,3,23322832,1871,78,0,0
23393320,2029,79,0,3,23354257,375,27,0,0
23435260,642,37,0,2,23362727,1007,64,0,0
23330310,313,40,0,7,23409297,231,51,0,0
23306744,1738,52,0,3,23387890,1252,90,0,0
23388656,1280,26,0,0,23421999,344,40,0,0
23386240,872,54,0,0,23351198,876,56,0,0
23386699,1394,56,0,9,23343013,1131,33,0,0
23299601,681,26,0,3,23333619,1168,41,0,0
23417492,1894,53,0,4,23347532,912,25,0,0
23353978,1204,61,0,2,23436159,2240,62,0,0
23389900,1139,83,0,1,23372304,1519,31,0,0
23389338,1200,52,0,0,23402332,1272,42,0,0
23355828,1647,33,0,0,23423074,133,50,0,0
23292762,1915,38,0,2,23369656,2329,36,0,0
23325166,1238,37,0,2,23307145,810,80,0,0
23370067,2198,58,0,17,23373352,127,34,0,0
23374601,2013,22,0,1,23304235,1081,52,0,0
23342664,1023,46,0,1,23328572,1124,30,0,0
23347769,1012,40,0,11,23326187,1087,33,0,0
23337175,955,67,0,0,23340035,260,24,0,0
23400260,1094,49,0,3,23388382,856,123,0,0
23314857,1112,32,0,2,23318373,754,56,0,0
23374535,786,72,0,6,23353987,1277,64,0,0
23368946,2082,90,0,0,23312202,392,72,0,0
23304547,936,69,0,0,23338208,728,38,0,0
23437924,361,30,0,6,23315325,1084,30,0,0
23368558,810,49,0,0,23367115,302,60,0,0
23435743,885,30,0,2,23310270,727,47,0,0
23428007,2075,44,0,1,23309255,1427,21,0,0
23320547,1191,48,0,1,23430568,537,37,0,0
23340539,254,83,0,5,23423043,1370,30,0,0
23355077,323,44,0,1,23356823,2197,67,0,0
23402333,197,127,0,1,23388410,1121,70,0,0
23334240,1017,28,0,1,23326877,1029,33,0,0
23440512,2380,40,0,0,23295829,1341,70,0,0
23338834,1449,48,0,5,23295243,1707,28,0,0
23295988,681,24,0,0,23430086,1429,110,0,0
23340087,1502,45,0,2,23419535,1215,82,0,0
23342500,1670,41,0,2,23379686,1445,25,0,0
23423552,1321,31,0,1,23344793,608,37,0,0
23300952,1660,37,0,2,23409774,954,71,0,0
23440762,1901,19,0,0,23350517,1050,31,0,0
23314406,985,26,0,2,23319869,797,43,0,0
23298917,614,51,0,3,23326788,2588,30,0,0
23320686,1096,79,0,0,23427060,860,24,0,0
23431145,1676,43,0,0,23315797,149,31,0,0
23339888,1144,41,0,3,23385390,1610,30,0,0
23344051,1544,70,0,1,23321125,989,58,0,0
23371644,553,95,0,1,23321653,1203,62,0,0
23381961,633,27,0,1,23406244,2144,15,0,0
23336059,1112,72,0,1,23353761,2133,39,0,0
23379635,1350,25,0,1,23343700,562,24,0,0
23360546,608,68,0,4,23401403,1677,33,0,0
23404106,813,38,0,0,23340547,997,38,0,0
23384999,2154,32,0,2,23328580,1298,49,0,0
23379881,2287,36,0,15,23365500,1222,40,0,0
23382934,1711,33,0,0,23369227,1869,38,0,0
23333949,1899,25,0,8,23323134,1074,47,0,0
23352102,2551,55,0,1,23385893,969,24,0,0
23429169,724,36,0,2,23432240,1939,43,0,0
23397747,1605,79,0,2,23330216,1606,47,0,0
23388395,2079,19,0,4,23438952,1929,43,0,0
23392571,2541,29,0,1,23351961,2368,43,0,0
23309731,920,42,0,3,23391931,799,65,0,0
23308228,2220,70,0,0,23331558,1094,37,0,0
23322053,627,68,0,4,23366663,233,22,0,0
23345967,308,240,0,1,23393031,582,45,0,0
23392199,1246,47,0,3,23431833,1835,34,0,0
23328176,673,73,0,4,23432831,235,80,0,0
23405980,817,50,0,2,23435784,1668,57,0,0
23324524,2060,41,0,1,23371909,811,47,0,0
23429276,1079,36,0,0,23330948,1572,71,0,0
23395308,1474,45,0,6,23306283,2221,22,0,0
23321167,990,83,0,2,23348133,946,47,0,0
23337307,1674,24,0,3,23339515,749,51,0,0
23314032,1712,43,0,3,23422777,1817,152,0,0
23442861,1186,18,0,1,23348981,1180,45,0,0
23310969,753,15,0,1,23367783,1723,61,0,0
23416717,1474,38,0,1,23432910,1090,48,0,0
23352603,1729,56,0,0,23298609,277,72,0,0
23357623,763,24,0,2,23299954,1197,31,0,0
23366665,1589,50,0,2,23307670,905,48,0,0
23298625,1721,40,0,3,23327624,824,42,0,0
23365603,996,49,0,1,23383318,1222,68,0,0
23333596,1482,36,0,4,23404550,1242,70,0,0
23310942,1310,46,0,1,23354791,368,26,0,0
23347491,412,56,0,2,23429547,1783,42,0,0
23381643,811,49,0,5,23329504,658,55,0,0
23424296,1196,42,0,0,23389428,1383,59,0,0
23410247,1727,45,0,1,23358011,1114,76,0,0
23349918,560,38,0,3,23423216,635,38,0,0
23428644,396,39,0,1,23408931,1847,69,0,0
23371687,893,33,0,3,23380793,676,73,0,0
23341833,1263,64,0,1,23409093,911,84,0,0
23361168,1714,47,0,5,23423097,352,64,0,0
23383073,1221,50,0,3,23437966,1159,43,0,0
23350132,383,38,0,4,23432355,407,52,0,0
23393794,506,47,0,1,23359512,648,66,0,0
23441032,614,82,0,3,23394864,2177,63,0,0
23319134,787,38,0,1,23317162,822,26,0,0
23346517,1706,29,0,0,23384362,2549,27,0,0
23300212,956,58,0,0,23360706,543,19,0,0
23320948,900,28,0,15,23424153,1472,41,0,0
23400996,134,30,0,0,23362703,147,115,0,0
23384169,1388,42,0,3,23328168,2080,49,0,0
23331864,893,48,0,1,23335735,898,45,0,0
23305642,1230,24,0,2,23354482,2399,49,0,0
23355611,800,68,0,1,23345352,652,37,0,0
23443164,981,39,0,2,23356445,2170,62,0,0
23401922,2176,47,0,2,23407779,1064,29,0,0
23309157,1033,69,0,2,23443233,925,29,0,0
23323284,963,51,0,1,23351999,1303,40,0,0
23303581,2088,42,0,3,23327738,1364,26,0,0
23310396,1591,31,0,3,23369534,1848,51,0,0
23407027,799,46,0,1,23386511,1422,59,0,0
23394300,1037,124,0,0,23331601,929,56,0,0
23375681,1522,58,0,3,23435788,829,108,0,0
23424109,694,31,0,1,23347897,1191,78,0,0
23374880,1106,48,0,1,23365350,849,47,0,0
23372110,1011,36,0,2,23336257,1656,131,0,0
23377178,1123,49,0,5,23331718,708,37,0,0
23305096,2179,62,0,2,23376912,1383,37,0,0
23359505,1099,80,0,0,23360634,865,49,0,0
23380421,1144,63,0,2,23387437,1294,52,0,0
23327717,1034,21,0,6,23366789,806,35,0,0
23388775,297,53,0,1,23382852,1624,18,0,0
23430914,270,37,0,4,23371234,2326,28,0,0
23344099,1988,13,0,0,23346720,1738,22,0,0
23307278,774,57,0,2,23332587,347,41,0,0
23435751,811,62,0,1,23301371,896,53,0,0
23347736,652,54,0,2,23333293,1399,25,0,0
23349062,2347,28,0,2,23313790,280,35,0,0
23369084,2558,28,0,1,23434150,1889,35,0,0
23365699,1194,64,0,0,23432325,2023,44,0,0
23386806,1298,50,0,8,23421398,872,60,0,0
23361632,1097,50,0,3,23375336,988,42,0,0
23381290,1161,33,0,2,23438671,1583,40,0,0
23430267,854,20,0,1,23380068,1436,55,0,0
23441378,1795,40,0,1,23399184,718,85,0,0
23333227,518,61,0,3,23366914,803,30,0,0
23358248,2066,22,0,1,23310303,794,32,0,0
23416138,1319,36,0,2,23390705,746,87,0,0
23311241,1266,30,0,3,23403823,1193,44,0,0
23399007,794,33,0,6,23337032,2186,66,0,0
23350535,1703,27,0,3,23330133,1009,37,0,0
23330338,1590,28,0,5,23333070,724,24,0,0
23424039,1861,47,0,0,23433472,1602,49,0,0
23395749,295,70,0,3,23321268,1604,36,0,0
23397663,1363,52,0,1,23338849,1155,21,0,0
23368855,1146,58,0,4,23311427,1049,62,0,0
23343484,1104,46,0,4,23347268,746,75,0,0
23350338,1269,40,0,9,23380161,525,22,0,0
23430044,1108,39,0,1,23380912,1339,44,0,0
23423514,1537,53,0,0,23408700,1947,51,0,0
23360680,440,37,0,0,23403158,1544,34,0,0
23358380,1681,25,0,3,23344442,1120,69,0,0
23339141,875,36,0,2,23391876,1791,17,0,0
23347454,1494,40,0,2,23361010,1264,50,0,0
23368827,2521,30,0,4,23310671,254,103,0,0
23384014,320,80,0,0,23341561,753,40,0,0
23366004,2018,32,0,0,23404814,2244,25,0,0
23347000,1048,62,0,2,23356457,2091,33,0,0
23346425,176,26,0,1,23425320,870,44,0,0
23384936,1674,58,0,0,23316703,990,34,0,0
23365851,885,33,0,1,23402359,1902,37,0,0
23413402,287,59,0,8,23361824,441,87,0,0
23389910,1762,37,0,0,23355344,1037,37,0,0
23380205,1469,30,0,4,23383531,354,42,0,0
23396243,825,72,0,5,23406874,1731,54,0,0
23382309,879,50,0,3,23447339,1450,56,0,0
23313207,1110,70,0,6,23401597,946,46,0,0
23366672,605,65,0,1,23324748,347,43,0,0
23330816,1249,50,0,2,23443140,1199,57,0,0
23405925,1349,37,0,8,23427933,628,20,0,0
23442020,1541,48,0,2,23325871,1628,54,0,0
23369842,2100,41,0,5,23417016,907,16,0,0
23311456,1238,20,0,1,23350997,1571,53,0,0
23384789,1447,68,0,0,23316820,1408,43,0,0
23356493,800,39,0,2,23314968,2079,58,0,0
23369323,890,46,0,1,23413696,1027,81,0,0
23355144,2225,47,0,2,23315350,1732,67,0,0
23306098,1037,101,0,4,23320472,958,42,0,0
23397591,751,29,0,3,23346057,1755,53,0,0
23427002,1473,31,0,0,23449711,888,47,0,0
23395309,1600,26,0,3,23349106,1137,51,0,0
23446453,1257,64,0,0,23333270,1210,49,0,0
23395466,665,59,0,10,23404597,796,21,0,0
23329873,1156,42,0,2,23427792,1396,43,0,0
23426502,1339,41,0,5,23357387,2035,28,0,0
23366748,752,35,0,0,23421389,720,27,0,0
23306438,677,53,0,4,23430002,1923,51,0,0
23320206,2030,29,0,0,23410273,644,46,0,0
23381648,1177,38,0,0,23361950,1312,59,0,0
23353537,1064,22,0,1,23362377,173,104,0,0
23410519,1346,40,0,4,23394378,989,78,0,0
23403760,1486,60,0,3,23368818,491,44,0,0
23368173,2660,28,0,1,23367014,1395,58,0,0
23399660,2177,38,0,10,23326084,1280,47,0,0
23447025,1339,37,0,2,23318524,1993,61,0,0
23412919,608,70,0,2,23408649,708,25,0,0
23326731,654,53,0,0,23445080,2257,28,0,0
23373078,1679,45,0,3,23343020,1672,41,0,1
23440264,521,64,0,3,23377909,1178,67,0,0
23447356,1041,27,0,1,23432638,1889,24,0,0
23365265,575,37,0,2,23409576,1072,53,0,0
23361631,449,73,0,1,23388974,1250,53,0,0
23311206,1205,26,0,4,23333551,628,45,0,0
23316210,558,36,0,10,23417808,729,35,0,0
23398043,2189,19,0,3,23356068,1127,32,0,0
23346381,1774,29,0,2,23340456,478,92,0,0
23327621,1457,69,0,2,23437421,2238,59,0,0
23414471,1153,43,0,1,23451584,1834,53,0,0
23375884,260,20,0,12,23385236,1675,41,0,0
23402223,1789,26,0,2,23414569,799,45,0,0
23430475,1666,56,0,3,23414911,2100,49,0,0
23408193,941,57,0,7,23312800,1406,21,0,0
23444181,678,58,0,0,23441462,1486,30,0,0
23377432,582,38,0,2,23345334,1930,77,0,0
23440574,536,66,0,2,23336281,585,50,0,0
23428238,1718,40,0,2,23331937,2002,29,0,0
23353702,597,48,0,0,23315395,689,54,0,0
23380042,1337,39,0,1,23452374,1615,33,0,0
23324059,1494,45,0,0,23384374,1151,60,0,0
23349399,1675,63,0,0,23326056,1362,48,0,0
23450975,1560,22,0,2,23344269,1883,72,0,0
23385979,563,62,0,0,23402794,1319,26,0,0
23413124,1068,224,0,1,23451432,1286,32,0,0
23414425,1693,59,0,4,23386690,1108,35,0,0
23351650,1280,40,0,11,23401756,344,248,0,0
23409633,1573,73,0,7,23395359,1275,50,0,0
23413079,1315,27,0,2,23420940,256,28,0,0
23347633,1699,39,0,1,23440250,743,18,0,0
23389026,1724,58,0,1,23418338,888,48,0,0
23399688,1055,56,0,0,23444620,150,40,0,0
23355434,1067,49,0,2,23394928,916,65,0,0
23391547,1691,39,0,2,23394130,813,51,0,0
23387389,307,50,0,3,23446118,1668,34,0,0
23422215,1006,68,0,1,23433797,537,55,0,0
23444532,1974,44,0,2,23365678,170,23,0,0
23336292,694,78,0,5,23454066,816,56,0,0
23342637,853,23,0,0,23387431,901,36,0,0
23335329,2502,51,0,3,23350034,2330,38,0,0
23314537,230,54,0,0,23437205,477,24,0,0
23409986,1818,61,0,3,23338310,782,38,0,0
23416815,1016,85,0,0,23447012,1650,25,0,0
23363999,729,106,0,1,23331245,1485,39,0,0
23376644,1156,27,0,1,23375637,1004,76,0,0
23415727,876,27,0,5,23336834,718,83,0,0
23406720,1014,20,0,11,23428253,940,63,0,0
23440413,213,93,0,1,23364307,875,53,0,0
23311735,2185,49,0,3,23425718,577,31,0,0
23437100,2046,28,0,0,23381182,856,42,0,0
23400433,1179,53,0,4,23395299,792,48,0,0
23404057,742,55,0,4,23430564,786,65,0,0
23386666,678,86,0,5,23318866,1037,52,0,0
23385445,1184,66,0,6,23429619,1672,52,0,0
23326656,832,50,0,1,23422108,2050,40,0,0
23386578,321,118,0,2,23311560,434,79,0,0
23371476,992,48,0,2,23370672,666,67,0,0
23443925,995,33,0,8,23324043,453,227,0,0
23372888,2399,23,0,4,23354624,359,14,0,0
23369641,2198,26,0,5,23318756,1890,46,0,0
23363841,1841,17,0,1,23453259,2304,32,0,0
23455507,2144,40,0,1,23383755,1732,45,0,0
23342775,1308,72,0,3,23413738,1312,57,0,0
23395765,1405,18,0,2,23364665,912,40,0,0
23383457,1977,42,0,0,23390884,1431,25,0,0
23377851,848,22,0,3,23402419,2006,35,0,0
23363758,612,172,0,2,23356881,639,32,0,0
23350777,1131,73,0,4,23329685,1004,89,0,0
23358187,1604,48,0,1,23369346,1133,26,0,0
23368978,855,37,0,1,23317167,927,36,0,0
23432155,1413,40,0,3,23356834,1768,42,0,0
23373294,1172,52,0,1,23323402,944,88,0,0
23345085,1515,28,0,5,23397223,257,20,0,0
23320342,898,70,0,1,23453595,1191,21,0,0
23319510,884,17,0,1,23337577,1207,24,0,0
23402418,648,50,0,0,23317573,924,36,0,0
23454956,976,43,0,1,23312793,2563,55,0,0
23356070,1219,39,0,2,23374177,1107,36,0,0
23350472,1098,34,0,3,23397915,699,85,0,0
23396880,548,22,0,7,23449038,2181,39,0,0
23456883,726,205,0,1,23362331,670,91,0,0
23430609,1465,99,0,2,23389995,1147,29,0,0
23324829,1829,43,0,1,23324943,1465,53,0,0
23437374,1208,34,0,0,23361476,1439,224,0,0
23431093,1486,19,0,0,23423291,835,48,0,0
23329914,2201,51,0,0,23422512,2449,27,0,0
23400070,942,82,0,1,23380923,1058,47,0,0
23352211,1008,57,0,5,23422917,1641,21,0,0
23441017,1193,47,0,1,23321841,448,54,0,0
23395051,723,27,0,1,23433777,1613,29,0,0
23368692,830,37,0,1,23434292,1782,31,0,0
23379087,882,67,0,2,23448013,912,26,0,0
23395388,805,90,0,5,23409862,2135,65,0,0
23458186,630,31,0,3,23322298,1632,65,0,0
23375856,942,72,0,5,23328117,625,85,0,0
23427512,1349,32,0,2,23438646,1252,40,0,0
23352203,502,46,0,3,23394343,1689,35,0,0
23369459,837,26,0,0,23362592,660,28,0,0
23354077,1426,27,0,2,23432724,861,40,0,0
23321339,1275,38,0,2,23425337,955,12,0,0
23402506,456,32,0,6,23372427,512,34,0,0
23354220,1046,52,0,1,23385275,1043,77,0,0
23434366,1888,13,0,2,23335130,2574,32,0,0
23446053,1350,33,0,2,23377354,809,42,0,0
23426915,1190,31,0,2,23331128,706,36,0,0
23438053,762,36,0,3,23399510,951,41,0,0
23385379,1412,61,0,2,23444647,1138,26,0,0
23415127,1828,55,0,0,23431900,1859,57,0,0
23399251,497,52,0,0,23330718,1536,58,0,0
23373453,1596,31,0,8,23366141,1680,34,0,0
23403445,1160,32,0,2,23357629,1626,55,0,0
23410537,1184,27,0,4,23415145,2301,77,0,0
23384230,1121,28,0,2,23341042,1298,26,0,0
23385605,1385,38,0,2,23382306,1143,34,0,0
23401782,1198,35,0,1,23430707,841,39,0,0
23365687,1402,72,0,0,23376375,831,30,0,0
23384108,1137,19,0,1,23353243,1019,16,0,0
23387135,1775,54,0,0,23444572,1732,50,0,0
23425299,1283,87,0,2,23377919,608,69,0,0
23338142,1619,21,0,5,23408955,789,76,0,0
23361590,1581,56,0,3,23455718,1364,39,0,0
23358805,2321,68,0,0,23390996,404,117,0,0
23453853,410,59,0,1,23432982,1635,39,0,0
23379735,1250,32,0,1,23316576,1996,42,0,0
23377760,1173,22,0,2,23352574,2397,19,0,0
23397898,810,23,0,4,23427073,1502,84,0,0
23439958,796,28,0,1,23374956,603,126,0,0
23458155,109,27,0,6,23439467,1634,29,0,0
23315881,1519,29,0,3,23428466,537,61,0,0
23409115,943,30,0,6,23446369,1531,26,0,0
23447977,975,34,0,2,23351486,1472,61,0,0
23393029,1533,57,0,1,23455385,1224,77,0,0
23316258,931,48,0,3,23391684,636,39,0,0
23432401,180,64,0,6,23445644,594,89,0,0
23362086,1144,60,0,1,23390019,1134,45,0,0
23325507,1194,29,0,5,23367943,1555,36,0,0
23430685,1443,42,0,0,23441972,1018,42,0,0
23419694,763,47,0,0,23458277,1164,46,0,0
23333099,223,68,0,9,23421656,973,24,0,0
23427281,1307,56,0,2,23440515,1368,46,0,0
23405262,706,45,0,0,23373572,482,71,0,0
23373706,774,33,0,2,23417242,2317,30,0,0
23433002,1255,56,0,1,23343887,329,47,0,0
23354933,1084,56,0,0,23414309,599,41,0,0
23346943,1385,21,0,1,23351712,2026,45,0,0
23348951,1967,57,0,1,23363479,2159,37,0,0
23397044,1024,41,0,3,23433195,1765,23,0,0
23458635,611,52,0,5,23399268,1141,36,0,1
23348430,1674,37,0,6,23350544,470,71,0,0
23409424,1971,45,0,0,23441646,666,49,0,0
23402501,1693,48,0,3,23412689,2628,29,0,0
23396517,321,55,0,2,23412870,1869,18,0,0
23415251,1667,31,0,5,23406408,555,74,0,0
23331490,1008,65,0,7,23360740,910,56,0,0
23403140,337,43,0,12,23389812,911,45,0,1
23348598,1438,26,0,0,23352192,1256,83,0,0
23427113,1249,74,0,4,23370669,1337,59,0,0
23397797,1419,28,0,3,23456819,1120,46,0,0
23382233,837,26,0,7,23322151,539,38,0,0
23338548,972,42,0,1,23341985,1689,30,0,0
23403022,331,49,0,1,23431520,1696,48,0,0
23443651,580,23,0,7,23321539,895,22,0,0
23427607,1158,29,0,11,23455271,1314,41,0,0
23337413,1722,37,0,1,23342562,2219,62,0,0
23421215,1289,67,0,1,23432245,1209,19,0,0
23448185,2405,39,0,1,23431640,2290,30,0,0
23376985,2136,32,0,4,23434847,638,74,0,0
23370573,1510,48,0,3,23324876,2114,45,0,0
23450096,1444,54,0,0,23358003,1065,29,0,0
23371094,433,52,0,1,23403623,1208,69,0,0
23408215,769,27,0,0,23372833,1052,52,0,0
23419154,1115,40,0,2,23437511,1394,40,0,0
23431646,794,50,0,0,23336170,1790,61,0,0
23398038,448,54,0,0,23339493,885,82,0,0
23418592,1167,18,0,2,23382697,1672,33,0,0
23460289,902,44,0,1,23324827,265,35,0,0
23407010,1143,43,0,1,23457564,1367,71,0,0
23357464,1133,26,0,0,23376470,1190,32,0,0
23454933,2193,49,0,0,23427173,2091,19,0,0
23444753,2033,21,0,0,23363905,933,55,0,0
23438409,2419,32,0,0,23405064,897,23,0,0
23427162,488,77,0,1,23431055,923,71,0,0
23402943,1531,64,0,2,23378153,655,27,0,0
23447047,1181,46,0,0,23321573,869,22,0,0
23354371,1990,54,0,0,23417938,1437,33,0,0
23384941,1793,73,0,0,23337962,847,26,0,0
23455643,1334,49,0,0,23452400,1242,48,0,0
23438731,1488,83,0,1,23455970,1279,68,0,0
23337058,1345,53,0,0,23443346,1213,92,0,0
23419314,909,27,0,1,23416288,906,30,0,0
23407040,445,44,0,8,23348717,1070,77,0,0
23323309,1176,38,0,0,23351928,1115,29,0,0
23342806,630,17,0,0,23459471,1836,39,0,0
23360032,1168,30,0,2,23372158,1023,57,0,0
23405874,682,68,0,0,23346289,1154,40,0,0
23431943,1030,97,0,3,23427260,1896,29,0,0
23443393,1413,26,0,2,23368783,868,39,0,0
23361540,262,50,0,1,23419785,426,78,0,0
23461650,1230,48,0,1,23444607,2249,42,0,0
23346487,1170,25,0,2,23441217,1430,26,0,0
23437431,416,83,0,1,23320284,602,19,0,0
23368389,1348,49,0,2,23458850,698,56,0,0
23433397,1816,30,0,2,23351937,473,40,0,0
23338398,1944,24,0,0,23397455,291,106,0,0
23437259,536,33,0,3,23408834,2251,71,0,0
23327281,1556,26,0,1,23380034,718,54,0,0
23464339,1007,36,0,3,23440409,728,30,0,0
23379415,1017,47,0,0,23375840,2131,39,0,0
23353720,964,66,0,4,23410185,689,16,0,0
23328032,1256,28,0,3,23389739,605,93,0,0
23411830,1865,114,0,3,23452656,1437,93,0,0
23358095,713,18,0,5,23378438,1103,77,0,0
23449051,1261,34,0,3,23436123,449,65,0,0
23362060,335,23,0,3,23378408,1722,25,0,0
23415629,953,86,0,1,23333582,677,31,0,0
23332339,1987,69,0,9,23370899,1924,15,0,0
23357414,705,45,0,3,23365907,1318,17,0,0
23361038,1157,32,0,0,23393047,1059,82,0,0
23451173,1649,57,0,2,23386766,1373,36,0,0
23396566,1009,52,0,1,23455149,2103,38,0,0
23421888,950,28,0,2,23421789,212,44,0,0
23389404,406,18,0,0,23376440,1358,63,0,0
23384415,759,40,0,0,23458844,894,44,0,0
23325940,735,34,0,3,23387077,641,30,0,0
23347404,764,50,0,1,23356511,1431,35,0,0
23396038,213,44,0,1,23371031,1643,52,0,0
23366701,2383,40,0,3,23326933,638,59,0,0
23432002,655,71,0,2,23451730,292,88,0,0
23371919,425,68,0,1,23462403,971,22,0,0
23437029,1000,20,0,1,23372172,1992,28,0,0
23355402,2108,25,0,0,23411874,567,19,0,0
23443457,492,40,0,0,23436059,528,319,0,0
23325206,1394,29,0,4,23338859,1007,25,0,0
23438359,1057,40,0,3,23337069,1593,24,0,0
23441848,1814,34,0,1,23335680,1066,43,0,0
23369200,1254,41,0,16,23423252,1214,75,0,0
23447968,1128,69,0,7,23467078,212,823,0,0
23419841,1082,85,0,2,23357005,2287,33,0,0
23373534,1901,52,0,2,23360280,661,53,0,0
23427595,835,15,0,1,23442078,1515,33,0,0
23350042,926,47,0,1,23360500,272,49,0,0
23375106,266,41,0,9,23348540,471,159,0,0
23362746,132,66,0,1,23417961,1677,117,0,0
23455678,1954,32,0,1,23442587,934,54,0,0
23337425,626,33,0,2,23452748,2213,53,0,0
23421355,1221,39,0,4,23346416,615,30,0,0
23373273,1914,89,0,0,23427779,362,66,0,0
23395204,1184,175,0,1,23453455,435,36,0,0
23325941,822,54,0,2,23417647,734,71,0,0
23323130,509,62,0,2,23466884,1500,21,0,0
23354669,1565,36,0,2,23401913,1866,66,0,0
23344221,795,43,0,0,23332473,936,25,0,0
23376064,754,129,0,3,23413182,941,39,0,0
23459230,1578,28,0,1,23458411,352,45,0,0
23378967,2299,28,0,1,23393019,1177,40,0,0
23431429,1462,72,0,3,23361885,1350,39,0,0
23358590,276,39,0,1,23414656,1674,34,0,0
23344797,2450,59,0,4,23323239,631,41,0,0
23456016,611,90,0,3,23416612,974,77,0,0
23469082,1738,27,0,5,23370132,2217,40,0,0
23337851,573,53,0,4,23414551,846,52,0,0
23460647,1057,43,0,2,23442276,247,58,0,0
23450309,1241,59,0,0,23424162,2237,46,0,0
23427955,1393,64,0,0,23415214,2542,45,0,0
23373208,1482,39,0,5,23365780,1535,19,0,0
23408609,688,58,0,0,23419926,203,65,0,0
23378788,2335,16,0,1,23335494,2020,34,0,0
23323748,1661,56,0,3,23401223,470,26,0,0
23361102,601,91,0,0,23450834,1714,33,0,0
23439505,935,42,0,2,23407676,859,63,0,0
23448294,699,41,0,2,23324233,2103,41,0,0
23344412,1212,68,0,0,23392951,1452,63,0,0
23336176,1043,52,0,3,23419640,342,35,0,0
23424525,1644,17,0,2,23383019,833,53,0,0
23442883,1979,62,0,7,23395565,1431,59,0,0
23352776,1150,55,0,4,23396532,2112,34,0,0
23381107,1073,27,0,1,23399372,1124,40,0,0
23453125,1117,25,0,3,23417820,1162,16,0,0
23397369,649,62,0,4,23360177,1554,28,0,0
23369986,2140,37,0,1,23408455,1122,27,0,0
23389560,776,41,0,3,23342503,832,59,0,0
23326905,651,49,0,3,23390567,1508,46,0,0
23395591,1886,48,0,11,23445909,845,28,0,0
23471048,899,61,0,1,23404877,465,19,0,0
23468501,706,24,0,4,23327923,1733,44,0,0
23448220,1695,41,0,1,23451885,825,66,0,0
23400111,1443,54,0,3,23410597,1352,27,0,0
23417804,523,66,0,1,23466167,626,62,0,0
23414200,709,49,0,2,23419767,823,19,0,0
23366917,1183,46,0,2,23455004,1457,23,0,0
23371256,1632,19,0,3,23448646,407,17,0,0
23348208,779,112,0,1,23405853,1224,43,0,0
23437787,138,27,0,7,23332018,717,37,0,0
23358123,958,49,0,5,23429930,646,66,0,0
23400463,477,50,0,1,23332792,944,69,0,0
23331644,424,50,0,1,23369594,1621,38,0,0
23465811,1705,35,0,3,23397183,1164,115,0,0
23446320,1706,21,0,4,23352555,750,38,0,0
23443603,972,20,0,0,23347241,1701,57,0,0
23366982,838,49,0,1,23402180,806,46,0,0
23383722,927,73,0,0,23376677,1342,59,0,0
23443143,1124,52,0,1,23430192,1022,68,0,0
23424270,1129,64,0,7,23383833,1128,51,0,0
23362127,743,36,0,0,23401146,1234,27,0,0
23331725,1954,33,0,6,23396533,1138,22,0,0
23413569,1390,39,0,1,23406413,1111,28,0,0
23463299,704,45,0,0,23440910,1143,38,0,0
23376321,1931,38,0,2,23463367,1178,55,0,0
23349930,1355,33,0,0,23445546,968,35,0,0
23392804,569,39,0,9,23405844,1847,25,0,0
23420694,1983,29,0,0,23363177,859,68,0,0
23378644,625,23,0,0,23362715,1197,25,0,0
23423771,1784,69,0,3,23369358,1702,33,0,0
23404085,1216,34,0,0,23440777,1234,69,0,0
23434890,613,60,0,2,23329213,1657,59,0,0
23369274,1177,44,0,1,23456623,875,37,0,0
23436398,404,231,0,3,23431132,181,56,0,0
23465910,978,25,0,2,23417771,1392,51,0,0
23357064,691,48,0,0,23333061,878,62,0,0
23357504,996,83,0,2,23338616,1249,43,0,0
23456778,1285,56,0,3,23382190,660,90,0,0
23406533,310,27,0,7,23351723,396,52,0,0
23351833,1228,38,0,2,23403725,1261,43,0,0
23459653,1383,50,0,5,23472540,993,33,0,0
23373001,2141,53,0,8,23419558,1067,46,0,0
23415240,171,98,0,10,23445902,1478,60,0,0
23355101,1377,64,0,7,23467807,1327,57,0,0
23407756,2209,45,0,2,23397213,683,26,0,0
23458067,748,96,0,5,23341494,1105,39,0,0
23372515,1298,34,0,0,23423647,1679,65,0,0
23334148,990,26,0,0,23370632,1032,63,0,0
23408145,764,56,0,5,23452523,1782,65,0,0
23373958,671,31,0,0,23454895,474,25,0,0
23362316,1447,110,0,19,23381486,1418,39,0,0
23403084,1138,46,0,1,23444339,2132,36,0,0
23382546,180,65,0,4,23473809,1606,52,0,0
23368271,2052,41,0,4,23471942,1237,23,0,0
23433307,744,43,0,7,23423645,1503,30,0,0
23349962,723,57,0,1,23436417,1056,46,0,0
23422246,1175,28,0,1,23410283,341,40,0,0
23416962,1293,56,0,1,23394264,691,34,0,0
23409859,857,52,0,5,23335603,1685,14,0,0
23469134,982,27,0,1,23356228,1251,32,0,0
23402473,757,54,0,0,23470821,292,26,0,0
23406902,1115,44,0,2,23423008,2014,32,0,0
23354127,1941,43,0,3,23458125,1331,20,0,0
23378218,690,55,0,3,23401079,1261,18,0,0
23424853,1646,81,0,1,23361515,818,32,0,0
23375288,1177,55,0,5,23472014,784,60,0,0
23432971,1556,67,0,4,23381458,807,58,0,0
23414899,2150,31,0,2,23347550,1052,25,0,0
23412393,1605,27,0,1,23461891,1701,29,0,0
23349657,2026,26,0,1,23388074,890,21,0,0
23448146,686,59,0,2,23361365,830,23,0,0
23447541,764,37,0,2,23397736,1971,40,0,0
23329492,1543,27,0,0,23426072,1097,60,0,0
23454852,944,31,0,2,23404581,547,28,0,0
23427559,691,79,0,0,23462087,1115,38,0,0
23469625,727,65,0,2,23368800,111,39,0,0
23365249,1829,51,0,12,23401014,549,59,0,0
23335195,1111,82,0,6,23356700,1568,17,0,0
23445851,701,59,0,3,23431356,1265,28,0,0
23391126,1478,61,0,1,23449454,728,35,0,0
23339862,2055,101,0,1,23470498,948,58,0,0
23430716,1247,42,0,0,23357553,712,32,0,0
23443429,1196,53,0,4,23346349,975,67,0,0
23390311,967,53,0,0,23450772,724,32,0,0
23437788,963,56,0,0,23339932,1001,52,0,0
23370110,456,62,0,8,23411107,2146,81,0,0
23428057,768,41,0,3,23391223,901,89,0,0
23363065,799,30,0,2,23375477,1423,30,0,0
23425553,1353,17,0,0,23470097,1071,28,0,0
23417982,1097,44,0,3,23440098,1432,20,0,0
23451401,912,51,0,1,23472167,1645,80,0,0
23466170,2142,40,0,0,23436132,1030,37,0,0
23471437,1533,34,0,1,23426008,671,41,0,0
23341591,1238,16,0,9,23380719,526,125,0,0
23360744,1436,33,0,0,23390196,685,40,0,0
23397685,1139,45,0,8,23360273,555,84,0,0
23333458,990,130,0,2,23376974,1867,48,0,0
23352121,1921,37,0,2,23406358,2090,24,0,0
23359500,668,37,0,1,23396544,857,24,0,0
23348161,1195,64,0,3,23384546,2248,24,0,0
23363562,1920,33,0,6,23406864,1672,48,0,0
23476744,1950,41,0,1,23407265,1642,41,0,0
23432662,1734,79,0,2,23370449,1183,22,0,0
23352839,1519,75,0,4,23450430,837,41,0,0
23433275,822,34,0,1,23423404,811,56,0,0
23405117,805,32,0,5,23348687,2148,49,0,0
23366677,1676,33,0,1,23399518,950,29,0,0
23463582,378,63,0,1,23390183,1449,51,0,0
23379265,172,63,0,4,23357950,695,41,0,0
23463520,1668,38,0,0,23371132,1031,47,0,0
23369083,653,33,0,1,23408704,847,31,0,0
23467934,466,71,0,10,23358203,839,36,0,0
23428145,1271,41,0,1,23371144,1112,31,0,0
23358150,1080,30,0,3,23416594,398,62,0,0
23378964,820,32,0,6,23415894,971,51,0,0
23474769,939,78,0,1,23413513,138,45,0,0
23396485,1145,29,0,2,23410152,1634,45,0,0
23371341,431,51,0,0,23471134,1604,38,0,0
23408327,2551,25,0,0,23364649,1780,29,0,0
23409951,2382,38,0,0,23347660,1754,19,0,0
23350099,243,52,0,2,23475999,612,230,0,0
23365658,174,50,0,2,23348278,1171,40,0,0
23428650,1034,30,0,7,23361062,318,87,0,0
23411945,1928,43,0,1,23384166,343,45,0,0
23476236,285,62,0,1,23352046,550,60,0,0
23332026,756,29,0,0,23408524,872,43,0,0
23402027,736,43,0,11,23363726,371,40,0,0
23353641,1814,43,0,0,23351137,1688,24,0,0
23387387,1658,28,0,0,23422759,1384,72,0,0
23346031,1438,41,0,3,23342070,1057,45,0,0
23372145,851,20,0,4,23422127,1248,42,0,0
23457734,1531,24,0,0,23380353,745,50,0,0
23474238,1156,25,0,3,23362964,600,31,0,0
23350660,140,31,0,1,23408600,1549,29,0,0
23360553,1124,20,0,0,23337637,362,30,0,0
23475570,703,95,0,0,23420359,940,35,0,0
23417487,1455,51,0,0,23470989,2063,26,0,0
23372809,194,47,0,1,23412133,2340,47,0,0
23381563,948,31,0,9,23452201,884,66,0,0
23429407,658,29,0,6,23439037,1503,17,0,0
23413746,1182,55,0,6,23458189,775,37,0,0
23367862,886,71,0,2,23387376,962,30,0,0
23347026,1636,63,0,0,23372426,1092,25,0,0
23362636,116,94,0,192,23383139,1673,62,0,0
23470567,1664,33,0,0,23418524,1325,51,0,0
23373948,2101,68,0,1,23371518,1650,44,0,0
23460421,662,39,0,0,23406870,1110,98,0,0
23344094,653,19,0,0,23340069,1549,40,0,0
23385467,1214,63,0,0,23476468,2288,47,0,0
23354972,1793,31,0,0,23408938,814,51,0,0
23467179,1971,43,0,0,23387191,214,52,0,0
23384373,1609,35,0,0,23392798,1766,71,0,0
23393436,870,29,0,0,23356963,2323,58,0,0
23443173,925,90,0,0,23447494,674,68,0,0
23357296,1316,40,0,0,23367358,272,47,0,0
23439967,1885,56,0,0,23462451,2096,37,0,0
23368141,1012,53,0,0,23377921,1334,76,0,0
23356125,1807,33,0,0,23460411,1762,51,0,0
23437059,956,19,0,0,23369373,1278,69,0,0
23433647,1909,67,0,0,23423646,1002,38,0,0
23428226,1123,19,0,0,23339462,847,35,0,0
23343950,652,46,0,0,23383222,1107,36,0,0
23424324,632,135,0,0,23454797,534,94,0,0
23456393,1237,56,0,0,23393572,1142,25,0,0
23397617,2156,43,0,0,23380446,1015,69,0,0
23366594,1260,240,0,0,23466698,1768,47,0,0
23403122,554,37,0,0,23475429,1206,44,0,0
23421185,872,80,0,0,23344699,1057,22,0,0
23395391,1145,53,0,0,23453710,1369,57,0,0
23455708,1123,23,0,78,23338466,1481,36,0,0
23361368,848,27,0,5,23435813,506,44,0,0
23439813,296,29,0,4,23409967,982,24,0,0
23407505,944,57,0,1,23385504,1067,33,0,0
23418473,924,64,0,2,23374643,716,44,0,0
23341073,677,65,0,6,23441322,1203,58,0,0
23397166,1724,45,0,5,23456654,1059,51,0,0
23408656,769,30,0,6,23360926,941,29,0,0
23429672,1056,31,0,2,23345444,1182,45,0,0
23399221,1229,24,0,0,23444820,497,24,0,0
23399524,2238,49,0,1,23392492,1150,33,0,0
23461601,518,47,0,0,23451216,1367,20,0,0
23407379,1604,30,0,1,23368120,1096,62,0,0
23459167,1061,39,0,5,23450980,986,40,0,0
23347494,655,19,0,1,23406656,813,30,0,0
23463873,683,33,0,0,23401371,804,24,0,0
23445925,1746,40,0,2,23400713,1235,43,0,0
23385936,785,26,0,6,23464393,1046,63,0,0
23396996,579,35,0,0,23453493,1581,38,0,0
23443796,1061,37,0,0,23367625,1138,39,0,0
23470044,1113,44,0,3,23467492,469,56,0,0
23410028,1496,81,0,0,23342520,1055,41,0,0
23464006,218,40,0,0,23424620,1360,65,0,0
23476276,1915,36,0,0,23384342,656,23,0,0
23370494,1085,47,0,4,23337219,1469,64,0,0
23373200,1155,66,0,0,23403583,1155,77,0,0
23397722,342,62,0,0,23375151,1302,38,0,0
23404520,1456,78,0,4,23445582,1090,22,0,0
23408498,671,42,0,0,23480597,834,39,0,0
23470993,601,17,0,1,23339264,798,45,0,0
23454196,791,40,0,0,23427941,1321,36,0,0
23429771,1431,53,0,0,23381109,1891,27,0,0
23407119,662,29,0,0,23466746,857,28,0,0
23429481,2076,35,0,0,23377313,2540,28,0,0
23446933,758,76,0,0,23384040,1053,51,0,0
23341864,1448,29,0,0,23348513,1456,13,0,0
23356664,371,50,0,0,23449723,865,51,0,0
23463235,1807,70,0,4,23478087,963,37,0,0
23480128,830,40,0,0,23475946,1276,59,0,0
23365515,1015,51,0,0,23417834,1346,32,0,0
23426348,559,39,0,0,23428050,1322,30,0,0
23388317,1883,28,0,0,23445245,1270,53,0,0
23410951,686,37,0,0,23373300,1096,62,0,0
23465849,1930,48,0,0,23420625,1343,30,0,0
23373377,740,59,0,0,23427544,668,39,0,0
23466411,1782,39,0,0,23404328,1110,49,0,0
23480312,363,121,0,0,23384811,530,85,0,0
23390309,897,62,0,0,23429937,674,31,0,0
23345887,1177,83,0,0,23372606,997,32,0,0
23370909,1184,89,0,0,23468757,1114,35,0,0
23395279,785,94,0,0,23457843,383,61,0,0
23385815,1008,39,0,0,23426722,928,27,0,0
23424222,2046,66,0,1,23406930,786,46,0,0
23374668,427,43,0,0,23347105,1042,83,0,0
23423993,931,23,0,0,23451033,1689,71,0,0
23353247,564,54,0,0,23429584,727,76,0,0
23397979,687,68,0,0,23405554,238,113,0,0
23464627,1494,73,0,0,23409854,833,17,0,0
23345590,862,24,0,0,23418269,475,50,0,0
23413517,1247,46,0,0,23394666,617,32,0,0
23363537,554,41,0,0,23483992,443,33,0,0
23367765,1107,52,0,0,23405228,822,43,0,0
23393803,1480,21,0,0,23405205,656,58,0,0
23342561,963,65,0,1,23391238,1362,43,0,0
23396278,2506,22,0,0,23400303,1815,69,0,0
23397711,1867,49,0,0,23462975,1027,61,0,0
23413612,2066,43,0,1,23469260,1470,24,0,0
23407946,817,38,0,0,23362572,1364,56,0,0
23448015,1269,28,0,4,23457809,1051,36,0,0
23463886,784,58,0,5,23390861,704,55,0,0
23440072,962,22,0,1,23417614,673,61,0,0
23406091,2015,81,0,1,23434128,677,38,0,0
23381762,1655,105,0,2,23353616,1134,60,0,0
23376300,1405,66,0,2,23417919,990,88,0,0
23415887,1750,13,0,4,23395613,1648,45,0,0
23423489,605,27,0,3,23377769,1392,39,0,0
23382687,1521,43,0,4,23350868,1092,28,0,0
23358281,1319,29,0,0,23415541,1166,57,0,0
23449498,1643,49,0,0,23378871,1190,33,0,0
23476002,485,80,0,0,23449857,114,37,0,0
23484828,644,40,0,0,23442592,671,44,0,0
23469342,1199,63,0,0,23419932,278,55,0,0
23470060,1489,31,0,0,23424052,345,87,0,0
23424842,1267,38,0,0,23425461,506,74,0,0
23403789,1098,35,0,3,23439883,1840,32,0,0
23423081,1716,34,0,0,23470355,1662,31,0,0
23371625,2172,47,0,4,23355647,822,19,0,0
23371587,2177,56,0,0,23411484,680,25,0,0
23385250,1365,52,0,0,23370323,1509,17,0,0
23346903,2328,43,0,5,23407757,927,23,0,0
23360576,1607,77,0,3,23370482,1269,24,0,0
23436720,1684,36,0,2,23363490,924,62,0,0
23395672,645,48,0,0,23435278,1961,28,0,0
23404230,1990,68,0,4,23350803,1717,24,0,0
23437856,1647,38,0,0,23468930,1315,95,0,0
23354698,800,46,0,1,23404257,2008,34,0,0
23471643,2520,59,0,6,23400652,807,26,0,0
23485371,1028,47,0,4,23403743,369,31,0,0
23453811,445,136,0,0,23472625,656,77,0,0
23437637,1845,51,0,1,23445305,1199,26,0,0
23477909,1137,43,0,4,23355397,937,59,0,0
23405365,1015,29,0,1,23378303,272,32,0,0
23465061,737,45,0,0,23382249,800,58,0,0
23452918,2131,46,0,2,23429764,2160,60,0,0
23404400,1791,19,0,3,23433540,1887,47,0,0
23466879,285,45,0,1,23353152,807,24,0,0
23433383,1336,40,0,5,23433340,1090,40,0,0
23406229,2236,34,0,1,23375901,958,75,0,0
23485361,1089,57,0,1,23413926,1658,63,0,0
23401786,1665,35,0,0,23430476,1274,24,0,0
23394035,1222,55,0,0,23365839,355,41,0,0
23464088,1131,19,0,1,23436495,363,36,0,0
23411464,1151,42,0,0,23470237,971,60,0,0
23385879,1986,40,0,1,23402086,2118,54,0,0
23382376,817,51,0,1,23380337,1890,21,0,0
23428722,703,65,0,0,23414563,1052,44,0,0
23402415,671,72,0,0,23465330,1328,41,0,0
23485717,1462,42,0,0,23385906,2101,43,0,0
23364299,2249,52,0,2,23364616,243,68,0,0
23403763,2152,40,0,4,23485102,1194,54,0,0
23405740,2013,28,0,1,23412888,704,72,0,0
23378767,2366,78,0,0,23470026,1602,39,0,0
23441582,1635,65,0,5,23453021,1718,63,0,0
23384927,1641,40,0,2,23354948,956,71,0,0
23446310,1334,103,0,1,23364634,1340,35,0,0
23462210,1740,37,0,4,23475805,1097,73,0,0
23405850,1815,23,0,0,23351426,1239,40,0,0
23369008,1004,32,0,0,23485057,1171,66,0,0
23359959,769,251,0,2,23403021,816,58,0,0
23355666,997,19,0,1,23367484,1217,27,0,0
23350182,2068,19,0,2,23417520,2480,32,0,0
23385087,767,37,0,4,23371554,469,441,0,0
23395390,810,58,0,1,23435321,878,71,0,0
23442988,1307,65,0,0,23353555,683,42,0,0
23376627,947,44,0,3,23459186,1614,44,0,0
23461199,1962,55,0,1,23460417,876,146,0,0
23423108,1124,22,0,4,23361193,836,37,0,0
23397853,1220,64,0,5,23429882,1312,38,0,0
23351266,520,35,0,0,23362391,2379,67,0,0
23380887,2194,33,0,0,23395319,693,44,0,0
23355345,1256,55,0,0,23399511,1295,169,0,0
23443931,1406,103,0,2,23367094,1682,50,0,0
23444725,684,32,0,4,23382624,903,37,0,0
23432561,1903,39,0,2,23354981,1070,17,0,0
23380691,612,41,0,0,23439448,885,34,0,0
23389654,982,40,0,1,23446679,1354,44,0,0
23353012,1576,48,0,1,23483356,1676,13,0,0
23458744,1179,159,0,2,23418793,720,41,0,0
23442323,979,49,0,1,23487976,1288,26,0,0
23387726,2182,53,0,1,23427193,1132,23,0,0
23391477,2394,43,0,1,23431041,1635,31,0,0
23398009,948,20,0,2,23357023,1489,36,0,0
23362053,875,40,0,2,23415181,839,60,0,0
23455719,2481,24,0,1,23375799,782,71,0,0
23382091,1334,49,0,0,23380180,607,74,0,0
23421258,1034,40,0,1,23354852,1182,45,0,0
23378243,749,47,0,5,23459377,710,52,0,0
23457725,2179,66,0,1,23386906,296,43,0,0
23396652,1192,52,0,6,23489808,984,77,0,0
23452678,389,38,0,1,23402759,1028,46,0,0
23433423,876,35,0,3,23363724,977,71,0,0
23448488,1834,39,0,1,23437457,643,45,0,0
23474212,1068,44,0,1,23425539,410,47,0,0
23373472,1022,66,0,0,23483639,1024,41,0,0
23376659,2181,27,0,1,23483469,1190,52,0,0
23481114,1099,35,0,0,23409623,2152,54,0,0
23370588,1483,19,0,0,23472079,1043,83,0,0
23409282,484,26,0,1,23467463,561,124,0,0
23488188,1072,50,0,2,23481029,1339,25,0,0
23458617,956,138,0,2,23383112,1394,19,0,0
23487044,2158,35,0,14,23482916,895,90,0,0
23427766,1511,47,0,0,23381987,1570,76,0,0
23387268,1160,26,0,2,23430752,1646,50,0,0
23440816,303,48,0,4,23439426,1230,44,0,0
23423766,1590,75,0,1,23493659,501,44,0,0
23467372,1552,24,0,1,23434612,661,23,0,0
23431411,963,36,0,2,23472553,1543,37,0,0
23485738,1251,53,0,1,23478692,574,40,0,0
23397260,1105,47,0,1,23398607,665,44,0,0
23425346,2082,24,0,1,23490836,807,29,0,0
23430920,1124,68,0,0,23473289,1762,40,0,0
23359722,638,72,0,1,23403051,813,18,0,0
23384299,712,63,0,0,23402160,1771,46,0,0
23390308,690,57,0,0,23466658,1723,83,0,0
23476891,1152,56,0,0,23467835,711,30,0,0
23402542,575,31,0,1,23460643,1617,48,0,0
23422636,1419,47,0,0,23377288,1838,44,0,0
23469090,911,48,0,3,23427276,2340,36,0,0
23387558,901,17,0,0,23451969,203,104,0,0
23452658,1147,23,0,1,23394888,1686,54,0,0
23387262,674,45,0,1,23382362,1083,23,0,0
23448663,1145,36,0,2,23392278,1053,80,0,0
23424486,1507,23,0,1,23385393,415,82,0,0
23382390,804,42,0,0,23371958,141,56,0,0
23467729,1904,57,0,1,23419384,419,42,0,0
23356722,1191,56,0,0,23384155,1125,32,0,0
23418926,1680,32,0,1,23430327,1235,42,0,0
23365341,1775,38,0,0,23382392,931,59,0,0
23374173,1206,39,0,5,23446586,2130,39,0,0
23476176,439,36,0,0,23409333,2389,43,0,0
23478507,2144,22,0,2,23451978,625,34,0,0
23372183,1055,20,0,3,23425632,811,27,0,0
23472248,1207,47,0,0,23493097,769,44,0,0
23473162,1609,29,0,0,23462419,1077,49,0,0
23389098,1188,18,0,5,23432413,1524,47,0,0
23467905,2430,44,0,0,23362535,340,214,0,0
23355351,1901,38,0,0,23457011,2367,57,0,0
23448709,1139,35,0,0,23420857,1889,46,0,0
23401475,647,40,0,0,23402319,1676,77,0,0
23391506,752,82,0,1,23457707,233,93,0,0
23340628,1631,38,0,2,23392169,607,42,0,0
23363729,903,34,0,1,23424627,1183,65,0,0
23378412,1021,34,0,0,23399914,932,84,0,0
23413047,1765,56,0,2,23439465,463,58,0,0
23382553,886,92,0,4,23375899,2560,42,0,0
23355113,1195,44,0,3,23365880,1658,80,0,0
23456848,2073,61,0,1,23443069,1385,75,0,0
23480780,1435,23,0,0,23429939,1757,45,0,0
23465329,1358,38,0,1,23414042,1111,40,0,0
23338567,867,27,0,0,23399134,965,77,0,0
23427541,1890,22,0,4,23426515,1154,42,0,0
23407105,1305,60,0,0,23432550,1091,21,0,0
23408075,646,27,0,0,23403601,539,32,0,0
23340516,1358,81,0,0,23477621,1260,80,0,0
23450352,1594,40,0,4,23462413,1565,40,0,0
23338736,1227,20,0,5,23372841,1094,38,0,0
23371667,1999,43,0,1,23361445,1609,37,0,0
23468733,1526,39,0,1,23493834,799,48,0,0
23493173,1910,87,0,3,23451437,1152,38,0,0
23387298,2299,59,0,1,23404674,543,28,0,0
23404243,1730,38,0,0,23426141,2317,36,0,0
23384896,2428,39,0,4,23375349,230,55,0,0
23482061,409,42,0,3,23420884,1910,27,0,0
23491895,978,65,0,3,23456818,930,49,0,0
23388050,345,28,0,1,23428828,807,27,0,0
23448044,106,64,0,3,23448155,672,67,0,0
23372270,1114,76,0,5,23486100,954,66,0,0
23446032,804,50,0,5,23485920,2051,57,0,0
23416329,1231,40,0,4,23480178,656,56,0,0
23464611,965,46,0,4,23358594,514,142,0,0
23467120,1664,76,0,2,23375220,397,40,0,0
23458946,2142,61,0,6,23456228,1576,17,0,0
23429322,1912,52,0,1,23362639,407,40,0,0
23416387,1385,87,0,3,23452118,1645,22,0,0
23388980,628,48,0,3,23426959,823,274,0,0
23460160,1357,48,0,0,23462695,766,57,0,0
23365522,929,20,0,3,23397562,1209,46,0,0
23361060,1299,39,0,6,23385446,1242,25,0,0
23465161,139,42,0,2,23480500,1202,87,0,0
23399181,1131,33,0,2,23387020,1657,24,0,0
23442065,1340,28,0,0,23465862,1452,38,0,0
23476266,2535,27,0,1,23376312,903,92,0,0
23437783,1488,34,0,3,23406022,1418,57,0,0
23443023,2467,73,0,2,23381971,1013,46,0,0
23471056,335,42,0,8,23494422,624,74,0,0
23379251,1721,35,0,3,23396192,1720,42,0,0
23454985,752,59,0,1,23484652,1566,36,0,0
23390698,1818,28,0,1,23477444,991,49,0,0
23438928,1925,40,0,1,23441634,973,56,0,0
23450037,1552,23,0,1,23441505,626,34,0,0
23397267,595,35,0,5,23367726,546,27,0,0
23481769,1392,56,0,2,23403800,1101,27,0,0
23420481,1558,23,0,2,23497708,1427,49,0,0
23499436,534,34,0,2,23373582,1431,29,0,0
23483754,1843,38,0,4,23446423,763,70,0,0
23455931,760,33,0,6,23470248,1105,48,0,0
23470894,854,57,0,3,23410540,564,37,0,0
23404180,1675,35,0,1,23367110,307,35,0,0
23472845,316,73,0,3,23395611,570,59,0,0
23452671,694,65,0,1,23397678,1333,19,0,0
23405654,1162,28,0,0,23450860,1967,53,0,0
23461206,1820,40,0,1,23398237,1885,38,0,0
23373103,958,49,0,1,23443175,1358,35,0,0
23394067,103,225,0,0,23424198,1112,41,0,0
23471801,692,54,0,8,23434300,1001,83,0,0
23445690,754,61,0,1,23380479,1025,29,0,0
23473465,2337,112,0,0,23378248,1329,38,0,0
23402149,973,44,0,1,23386571,844,64,0,0
23500956,1027,39,0,1,23424215,1328,57,0,0
23365773,1394,48,0,0,23480702,1813,48,0,0
23396833,1148,42,0,2,23394431,1179,58,0,0
23458577,1117,33,0,0,23490059,1849,21,0,0
23422376,907,17,0,8,23462426,891,17,0,0
23422361,636,25,0,12,23424742,1346,32,0,0
23374378,877,121,0,6,23486883,1276,90,0,0
23479796,801,51,0,2,23490334,1500,45,0,0
23456180,1731,37,0,12,23423409,699,58,0,0
23485867,744,50,0,6,23384513,1135,42,0,0
23494213,303,46,0,2,23392084,1446,68,0,0
23497758,984,35,0,1,23395095,940,27,0,0
23468284,843,27,0,3,23437583,1320,24,0,0
23448209,1124,66,0,1,23375518,743,57,0,0
23420421,1144,74,0,1,23495338,744,17,0,0
23403552,2225,14,0,1,23401314,771,48,0,0
23415870,1180,67,0,1,23383639,756,44,0,0
23450880,1042,45,0,0,23448359,1928,22,0,0
23370442,471,75,0,0,23451521,1154,32,0,0
23415524,1638,35,0,1,23405108,747,46,0,0
23498737,1205,50,0,2,23423172,638,63,0,0
23410388,1096,46,0,3,23369996,1600,51,0,0
23362864,1562,45,0,0,23354641,1352,44,0,0
23380420,1283,41,0,4,23451262,2191,27,0,0
23360564,816,51,0,0,23476517,848,26,0,0
23442591,1799,65,0,0,23371071,730,57,0,0
23366073,710,54,0,0,23362271,916,282,0,0
23452083,1030,56,0,0,23346525,1150,50,0,0
23444342,308,30,0,0,23435064,2291,61,0,0
23434194,1460,54,0,1,23459832,1639,53,0,0
23369079,2072,71,0,4,23377139,2406,39,0,0
23422877,1648,48,0,0,23429528,1880,43,0,0
23430737,1429,21,0,1,23484330,437,67,0,0
23428042,874,18,0,0,23439212,737,93,0,0
23479857,1234,37,0,0,23386963,1123,36,0,0
23377442,1394,29,0,0,23360846,1101,37,0,0
23457348,743,27,0,2,23383834,1433,55,0,0
23354930,936,20,0,0,23472388,1034,49,0,0
23488357,1167,33,0,0,23371019,1692,65,0,0
23465891,234,62,0,3,23475453,875,116,0,0
23462597,656,65,0,0,23472499,1089,31,0,0
23351906,2393,57,0,1,23447688,695,18,0,0
23379913,497,15,0,0,23391070,947,40,0,0
23454715,1290,37,0,0,23417506,909,70,0,0
23394474,1189,28,0,1,23375071,1657,87,0,0
23471168,727,25,0,1,23415992,974,24,0,0
23428081,793,16,0,2,23475745,1090,110,0,0
23396350,1498,77,0,1,23493965,224,97,0,0
23410663,924,60,0,2,23386101,1860,36,0,0
23449543,2485,86,0,4,23378908,1000,44,0,0
23436790,924,34,0,1,23454708,1578,69,0,0
23478871,1750,15,0,6,23473886,729,53,0,0
23436201,1192,31,0,3,23444384,1658,99,0,0
23416869,1632,27,0,0,23475941,1382,74,0,0
23393790,2102,30,0,0,23460950,687,57,0,0
23378097,1255,38,0,4,23428948,792,29,0,0
23465333,2105,51,0,0,23364106,1756,46,0,0
23410691,1939,38,0,2,23505638,1061,26,0,0
23431886,121,36,0,0,23417903,867,46,0,0
23486278,1794,34,0,0,23441215,1159,26,0,0
23433967,569,76,0,1,23357415,1165,32,0,0
23374998,1463,49,0,4,23438643,1444,44,0,0
23426883,2224,29,0,1,23392546,1132,69,0,0
23348630,1589,43,0,4,23430584,2105,25,0,0
23470998,905,58,0,3,23452107,731,86,0,0
23486630,632,27,0,0,23501806,933,35,0,0
23447424,1755,43,0,0,23418497,1547,31,0,0
23428266,896,45,0,3,23454861,1515,30,0,0
23486319,1514,40,0,2,23371477,165,62,0,0
23396230,775,47,0,1,23391294,701,17,0,0
23372313,982,37,0,0,23443725,2441,36,0,0
23421965,1108,61,0,1,23409676,1135,30,0,0
23365868,2102,48,0,1,23391111,1563,20,0,0
23428317,1454,26,0,1,23413146,292,19,0,0
23368867,1828,28,0,1,23387647,951,17,0,0
23467982,1438,29,0,0,23481458,586,66,0,0
23409557,2395,29,0,2,23474222,1172,61,0,0
23495432,1602,78,0,0,23419979,1312,30,0,0
23494774,1266,119,0,2,23401010,872,127,0,0
23369891,760,80,0,7,23459695,1908,45,0,0
23368057,1500,24,0,2,23477129,2175,77,0,0
23368068,341,43,0,1,23477415,1662,82,0,0
23416450,927,44,0,1,23445437,1743,51,0,0
23401390,1641,51,0,0,23429768,1209,50,0,0
23447072,1314,36,0,1,23414120,1154,38,0,0
23370982,2027,23,0,2,23378516,699,37,0,0
23451794,1363,18,0,1,23366807,270,101,0,0
23382763,627,44,0,1,23507758,345,19,0,0
23397343,2035,43,0,6,23449159,1091,17,0,0
23479918,730,35,0,2,23502914,925,38,0,0
23447876,602,39,0,4,23455440,638,53,0,0
23454158,1189,55,0,0,23396818,642,57,0,0
23497373,2196,28,0,1,23434736,1030,64,0,0
23434792,1595,55,0,0,23397080,995,45,0,0
23363981,1666,53,0,10,23473460,1551,109,0,0
23373539,1603,34,0,1,23385218,2295,86,0,0
23469530,1589,33,0,1,23440481,2509,24,0,0
23459224,698,67,0,2,23426023,932,56,0,0
23410524,928,50,0,2,23462011,651,38,0,0
23427373,1079,61,0,2,23372599,1166,71,0,0
23377231,391,38,0,0,23500979,1093,42,0,0
23481723,379,46,0,0,23416503,1090,102,0,0
23444524,909,27,0,2,23450398,755,63,0,0
23500518,812,57,0,0,23485379,1958,64,0,0
23430297,1419,34,0,5,23457400,1826,30,0,0
23427410,1183,93,0,1,23403244,1633,33,0,0
23457353,1801,40,0,3,23452879,154,58,0,0
23385332,1614,34,0,1,23461911,694,34,0,0
23428553,1615,65,0,0,23416415,1217,91,0,0
23415117,568,14,0,7,23440611,1207,54,0,0
23430884,1510,26,0,1,23395457,2186,34,0,0
23509583,762,156,0,1,23398656,436,42,0,0
23400357,904,45,0,1,23481755,1782,55,0,0
23375990,1795,29,0,1,23500033,634,92,0,0
23483108,1054,21,0,4,23486173,882,69,0,0
23485096,521,54,0,1,23437476,520,58,0,0
23461887,1601,25,0,1,23424177,1302,48,0,0
23411634,2436,41,0,5,23391246,543,77,0,0
23421574,1636,31,0,3,23440193,1166,18,0,0
23436724,217,92,0,2,23372465,1583,22,0,0
23453901,802,54,0,7,23504652,706,43,0,0
23373805,726,16,0,1,23390886,2130,34,0,0
23397038,1431,71,0,0,23452808,1961,33,0,0
23374442,1000,69,0,1,23442340,873,57,0,0
23400998,1915,42,0,1,23421584,1373,30,0,0
23423867,668,33,0,4,23374313,2107,37,0,0
23446278,1047,29,0,1,23423180,1674,29,0,0
23408198,2067,45,0,1,23497484,1912,58,0,0
23492421,1160,51,0,1,23438834,1058,45,0,0
23478878,1189,35,0,2,23431901,1438,43,0,0
23494574,209,32,0,0,23377774,250,43,0,0
23462887,1057,53,0,2,23381846,1389,17,0,0
23458009,427,33,0,0,23430160,1374,160,0,0
23472621,2385,31,0,1,23445068,658,33,0,0
23417329,1122,18,0,0,23510496,1438,49,0,0
23475932,651,21,0,3,23499692,1745,30,0,0
23376462,1449,42,0,0,23490196,642,46,0,0
23418877,955,33,0,0,23497032,473,62,0,0
23470974,634,98,0,0,23386454,1444,105,0,0
23488216,268,37,0,2,23399928,843,134,0,0
23416411,1371,83,0,2,23388858,1391,33,0,0
23390799,1922,37,0,1,23510238,694,17,0,0
23410668,2403,69,0,0,23510794,1790,55,0,0
23410778,1586,32,0,1,23442526,319,68,0,0
23437628,1003,48,0,0,23400875,805,19,0,0
23439915,883,149,0,1,23495072,2070,45,0,0
23421305,1137,48,0,3,23429439,448,26,0,0
23497453,508,34,0,0,23379997,1095,63,0,0
23497630,1918,56,0,1,23410468,749,47,0,0
23366803,1156,140,0,4,23370829,1469,52,0,0
23420167,2486,24,0,0,23495752,1861,67,0,0
23478353,606,51,0,2,23430679,1172,20,0,0
23436397,2076,46,0,6,23399750,478,29,0,0
23368864,1198,30,0,1,23377649,1279,56,0,0
23509646,1742,43,0,3,23476007,639,56,0,0
23377471,1254,68,0,3,23464814,1211,76,0,0
23483347,969,26,0,2,23407176,1440,57,0,0
23423230,651,30,0,5,23509092,775,38,0,0
23383535,2240,48,0,1,23430898,1023,48,0,0
23459201,1031,56,0,3,23475412,120,67,0,0
23441422,826,150,0,1,23393762,560,39,0,0
23399130,794,21,0,2,23482930,268,98,0,0
23379182,636,46,0,1,23464821,821,67,0,0
23417823,1785,57,0,1,23394458,1169,40,0,0
23370436,794,35,0,4,23392724,258,88,0,0
23394552,1156,31,0,3,23513457,2240,28,0,0
23434691,1349,38,0,0,23457138,524,47,0,0
23408481,1704,28,0,2,23443110,940,42,0,0
23434177,1532,61,0,4,23499454,754,64,0,0
23405353,369,25,0,3,23403165,798,31,0,0
23426232,675,41,0,2,23384593,1974,27,0,0
23461481,981,52,0,2,23446810,1952,36,0,0
23440167,967,60,0,1,23453672,1024,73,0,0
23503574,783,46,0,2,23403006,1833,51,0,0
23402035,1672,25,0,0,23447527,884,46,0,0
23383293,332,72,0,0,23409240,1210,85,0,0
23386225,393,244,0,0,23467751,175,181,0,0
23406012,1671,26,0,0,23503929,1733,32,0,0
23510301,1248,81,0,4,23386648,2539,58,0,0
23376396,1675,42,0,0,23437298,761,86,0,0
23435297,772,49,0,0,23397113,869,63,0,0
23400127,2048,41,0,5,23509438,1115,49,0,0
23406388,1698,44,0,4,23433356,761,57,0,0
23449937,1600,29,0,4,23481610,1617,52,0,0
23385602,1781,50,0,5,23370041,1211,44,0,0
23490325,1499,61,0,2,23467768,696,68,0,0
23448244,1198,36,0,1,23392675,486,27,0,0
23496138,1802,64,0,1,23513732,2059,35,0,0
23377869,1645,24,0,0,23488635,1198,27,0,0
23466233,1076,44,0,3,23390693,1127,23,0,0
23409598,780,61,0,4,23459245,756,92,0,0
23377997,1241,48,0,2,23457449,2538,41,0,0
23453929,2139,41,0,4,23486639,1354,44,0,0
23465255,927,19,0,4,23447700,2036,34,0,0
23414205,1148,26,0,1,23439955,1686,40,0,0
23470163,1366,33,0,0,23503224,1745,12,0,0
23371490,569,66,0,0,23502052,1190,45,0,0
23506619,720,56,0,1,23491104,1256,17,0,0
23400472,763,51,0,3,23509522,672,27,0,0
23371619,1983,47,0,5,23370237,1345,56,0,0
23451967,855,66,0,3,23497850,455,90,0,0
23409399,591,20,0,2,23471635,535,95,0,0
23382968,910,35,0,1,23405200,1197,48,0,0
23385661,788,57,0,3,23477315,1063,42,0,0
23452437,2095,25,0,6,23459470,707,33,0,0
23416487,1389,54,0,0,23467029,1338,20,0,0
23502658,1669,50,0,2,23420988,2058,44,0,0
23442987,818,77,0,2,23434190,1026,17,0,0
23426338,867,38,0,2,23371276,446,47,0,0
23492521,151,22,0,1,23501326,1619,20,0,0
23370261,731,124,0,0,23457821,1058,45,0,0
23377800,456,131,0,1,23482667,880,51,0,0
23504009,1718,37,0,3,23452329,636,52,0,0
23455484,1498,24,0,2,23417135,805,21,0,0
23373450,1953,38,0,2,23482836,1071,73,0,0
23446169,1024,42,0,2,23427031,1217,27,0,0
23427403,1461,54,0,0,23459563,684,36,0,0
23399776,196,23,0,2,23425457,2099,22,0,0
23388216,1487,46,0,1,23487430,1008,59,0,0
23468894,820,35,0,1,23500836,476,67,0,0
23392523,837,39,0,4,23435025,1135,29,0,0
23420360,546,31,0,1,23392514,1153,84,0,0
23377756,1283,23,0,3,23481148,495,30,0,0
23464600,220,130,0,3,23408914,1246,54,0,0
23438538,2241,31,0,2,23385280,947,85,0,0
23487444,327,38,0,2,23486972,1242,63,0,0
23457818,507,27,0,6,23427774,1169,63,0,0
23440516,921,81,0,1,23479772,1920,57,0,0
23429243,2290,57,0,5,23511119,861,47,0,0
23427518,1283,31,0,0,23487802,626,137,0,0
23472472,1450,57,0,7,23481421,1720,58,0,0
23443047,887,48,0,1,23464030,1390,40,0,0
23428943,846,99,0,0,23408702,1271,53,0,0
23467435,2262,67,0,5,23510770,2280,36,0,0
23454846,1390,46,0,8,23383397,661,43,0,0
23444579,662,33,0,6,23501510,546,75,0,0
23402463,2653,35,0,8,23474491,445,51,0,0
23401529,990,56,0,0,23515661,1538,84,0,0
23458322,584,74,0,0,23374518,1012,44,0,0
23394652,905,58,0,1,23472821,1634,79,0,0
23463291,1341,47,0,5,23476620,1634,35,0,0
23505679,1335,38,0,1,23429727,625,43,0,0
23415060,1864,66,0,1,23416251,1323,65,0,0
23497220,1428,57,0,0,23496705,613,42,0,0
23385728,1143,62,0,0,23441421,325,44,0,0
23401218,1004,32,0,0,23428977,1354,63,0,0
23433483,2189,60,0,4,23505010,743,97,0,0
23390166,731,50,0,0,23372392,1367,23,0,0
23503656,402,46,0,1,23450766,318,309,0,0
23447852,286,49,0,0,23375169,1276,43,0,0
23426819,1024,32,0,3,23396480,723,51,0,0
23417375,1503,47,0,2,23469990,772,24,0,0
23381981,1630,45,0,3,23477488,1392,53,0,0
23468912,590,42,0,0,23463232,1211,44,0,0
23491175,795,44,0,1,23447552,1201,57,0,0
23483050,661,41,0,5,23500115,1397,35,0,0
23390388,662,42,0,2,23509400,1073,78,0,0
23425755,831,44,0,1,23386401,937,100,0,0
23488845,1481,46,0,2,23468726,696,29,0,0
23374742,778,27,0,7,23385409,633,23,0,0
23412215,1143,50,0,2,23487822,2106,47,0,0
23382654,1014,51,0,9,23469557,670,29,0,0
23486424,609,74,0,2,23483072,1756,63,0,0
23389759,2587,64,0,1,23376948,1340,74,0,0
23411279,1664,20,0,1,23399271,2114,50,0,0
23433884,363,63,0,4,23397494,896,55,0,0
23412666,1540,38,0,6,23380782,205,46,0,0
23507611,2527,37,0,1,23510577,1331,25,0,0
23475447,1353,73,0,8,23512815,504,29,0,0
23517229,1211,53,0,2,23459875,696,35,0,0
23377321,1196,32,0,3,23428999,966,44,0,0
23482551,1845,31,0,2,23433982,1146,59,0,0
23517234,800,31,0,5,23399063,1796,57,0,0
23452519,1599,45,0,2,23432864,484,32,0,0
23397222,2312,70,0,3,23475384,1212,57,0,0
23455318,169,35,0,10,23452500,1786,40,0,0
23477467,1759,16,0,0,23380568,851,81,0,0
23478170,1504,32,0,2,23402724,1106,91,0,0
23506045,1143,59,0,0,23469369,945,39,0,0
23458723,1298,55,0,3,23438031,920,44,0,0
23417239,855,45,0,0,23437795,679,51,0,0
23513962,1130,16,0,3,23387773,715,110,0,0
23443057,1344,84,0,1,23418009,1128,26,0,0
23465520,1578,62,0,3,23500257,588,57,0,0
23517166,238,50,0,6,23479957,1022,55,0,0
23395644,1278,61,0,3,23402905,724,27,0,0
23438822,1415,36,0,5,23463844,1004,45,0,0
23470661,890,21,0,2,23489705,332,41,0,0
23443452,882,30,0,1,23428916,1281,42,0,0
23419871,2362,40,0,5,23495982,999,73,0,0
23428242,1152,113,0,0,23483239,1232,40,0,0
23437899,2393,18,0,7,23390618,533,32,0,0
23499055,507,60,0,1,23444649,1380,50,0,0
23489927,1545,38,0,0,23502826,2002,51,0,0
23497395,826,68,0,0,23479691,1152,34,0,0
23499383,643,106,0,0,23444522,1557,29,0,0
23405342,1681,105,0,0,23520874,2115,54,0,0
23442698,1254,48,0,1,23430387,1093,27,0,0
23416560,1683,38,0,3,23455917,1374,43,0,0
23485765,1019,21,0,1,23406033,1519,45,0,0
23519853,603,29,0,3,23491276,143,38,0,0
23429138,762,38,0,1,23442451,2204,26,0,0
23484440,863,39,0,2,23473259,1076,96,0,0
23494945,1561,50,0,0,23510273,1519,62,0,0
23428163,614,52,0,2,23521830,1985,35,0,0
23450875,1165,60,0,4,23463294,1535,46,0,0
23461932,1750,53,0,3,23380572,433,35,0,0
23508802,519,30,0,1,23405549,898,54,0,0
23507165,1195,63,0,1,23491730,1050,35,0,0
23470360,117,31,0,4,23433936,1018,23,0,0
23403544,934,50,0,0,23381045,916,52,0,0
23416402,1347,62,0,5,23415092,729,41,0,0
23509169,1084,18,0,4,23445957,876,52,0,0
23454872,947,78,0,10,23421271,929,74,0,0
23420333,1081,32,0,0,23480701,813,41,0,0
23477718,843,35,0,15,23478588,452,43,0,0
23447783,495,60,0,5,23511745,1473,57,0,0
23494595,1039,78,0,2,23444754,1300,70,0,0
23478192,1747,55,0,3,23395862,344,53,0,0
23455802,749,100,0,7,23378507,1167,132,0,0
23522157,1575,53,0,2,23433303,796,19,0,0
23421744,983,35,0,0,23387399,902,28,0,0
23433025,1840,45,0,2,23448617,1250,57,0,0
23413856,2182,41,0,1,23513094,649,62,0,0
23393252,1337,54,0,5,23507281,189,45,0,0
23412970,456,54,0,1,23450388,648,69,0,0
23455597,355,36,0,2,23381429,1729,26,0,0
23466921,629,64,0,1,23473785,808,46,0,0
23415113,1592,34,0,9,23447641,1398,29,0,0
23487397,1682,61,0,2,23477513,1076,45,0,0
23488414,1950,31,0,1,23502778,481,60,0,0
23427179,1396,42,0,1,23441504,1052,35,0,0
23482384,679,42,0,4,23440152,1170,37,0,0
23422790,825,67,0,2,23425334,1312,28,0,0
23418246,867,66,0,4,23434052,619,22,0,0
23523887,583,16,0,1,23426622,1612,28,0,0
23422757,748,68,0,1,23419502,502,51,0,0
23382003,1297,37,0,3,23502361,1695,65,0,0
23488018,700,40,0,2,23501720,778,66,0,0
23432731,1033,45,0,0,23516012,376,27,0,0
23381604,1458,62,0,4,23415476,1093,77,0,0
23475183,773,28,0,6,23506484,590,92,0,0
23420616,1086,50,0,0,23438449,1254,52,0,0
23408967,678,22,0,1,23503615,985,49,0,0
23487400,314,69,0,1,23419047,1456,38,0,0
23385367,1656,22,0,2,23492623,2212,51,0,0
23458824,1022,18,0,2,23473786,1907,35,0,0
23386021,1777,37,0,9,23495801,2027,25,0,0
23420925,1672,39,0,0,23455742,1956,45,0,0
23514200,917,51,0,7,23496148,1270,67,0,0
23407322,1471,30,0,1,23389975,1780,62,0,0
23446863,748,16,0,2,23516686,1048,67,0,0
23506834,2354,39,0,3,23451943,905,35,0,0
23513583,1193,45,0,9,23393400,450,50,0,0
23447451,1855,61,0,9,23494680,694,93,0,0
23392495,728,57,0,2,23473389,1236,33,0,0
23436327,1860,69,0,3,23507170,665,78,0,0
23438331,1735,61,0,1,23408355,1764,63,0,0
23485964,747,44,0,1,23508398,841,50,0,0
23436730,1265,38,0,10,23519828,612,64,0,0
23514908,1640,29,0,0,23422394,565,50,0,0
23511964,720,27,0,3,23398843,1361,41,0,0
23456123,2174,64,0,0,23420675,921,41,0,0
23516048,484,59,0,2,23452767,393,129,0,0
23489369,614,94,0,7,23382597,1362,46,0,0
23411779,860,52,0,1,23421068,1506,30,0,0
23409754,375,80,0,0,23525431,1071,61,0,0
23453204,637,25,0,1,23417949,1182,72,0,0
23424804,1400,92,0,0,23523897,607,61,0,0
23460879,1320,30,0,1,23519914,1149,56,0,0
23479007,1310,89,0,1,23459275,1058,82,0,0
23405772,1428,20,0,8,23515478,487,31,0,0
23387480,1196,70,0,3,23521494,672,85,0,0
23511922,1239,42,0,1,23491710,1226,70,0,0
23440488,1246,21,0,2,23483916,1474,33,0,0
23521072,880,41,0,1,23383129,684,18,0,0
23458203,794,43,0,3,23449665,694,36,0,0
23523292,2113,42,0,0,23408307,836,20,0,0
23398569,1048,25,0,1,23482987,1283,76,0,0
23383659,1386,66,0,8,23458130,1181,53,0,0
23499941,2060,62,0,1,23460232,1590,41,0,0
23415407,1602,54,0,3,23446673,1572,55,0,0
23506039,2366,36,0,0,23428350,893,31,0,0
23462973,1181,75,0,2,23491653,1375,27,0,0
23436113,1350,58,0,1,23474038,1444,28,0,0
23459690,1774,31,0,8,23502119,1862,63,0,0
23406203,640,41,0,1,23443338,2030,24,0,0
23504156,326,25,0,2,23414350,1581,56,0,0
23435268,2046,39,0,2,23501717,1855,50,0,0
23423517,1927,22,0,2,23523307,1638,75,0,0
23444935,618,29,0,2,23457727,1304,37,0,0
23425472,783,74,0,8,23385927,1004,42,0,0
23440697,2155,79,0,2,23483757,2083,19,0,0
23397531,1117,25,0,3,23399041,1379,42,0,0
23447907,1129,47,0,5,23517442,1409,65,0,0
23493443,489,56,0,0,23485228,600,41,0,0
23452886,1226,44,0,0,23517956,1297,36,0,0
23497197,117,41,0,1,23417484,2332,19,0,0
23523683,2104,24,0,1,23445817,1234,23,0,0
23397543,807,52,0,3,23463009,1493,27,0,0
23499658,1139,40,0,1,23488772,816,21,0,0
23461050,390,40,0,2,23447715,1899,54,0,0
23469373,1781,33,0,1,23483791,1192,18,0,0
23432305,329,45,0,5,23400087,1046,40,0,0
23419843,1333,25,0,1,23473853,1023,40,0,0
23409182,798,54,0,3,23443941,1648,55,0,0
23417038,1163,22,0,4,23413516,1187,61,0,0
23508163,808,24,0,1,23414917,1890,36,0,0
23392962,1016,64,0,0,23436112,479,125,0,0
23406458,403,48,0,1,23482808,1293,77,0,0
23411576,538,34,0,8,23462326,1330,51,0,0
23442449,887,29,0,1,23412527,691,63,0,0
23413771,487,43,0,2,23422382,1115,82,0,0
23484414,2083,25,0,1,23475797,805,40,0,0
23510246,1164,41,0,1,23529181,227,59,0,0
23392302,621,20,0,1,23443830,901,20,0,0
23422695,863,143,0,0,23407758,1045,65,0,0
23522202,161,89,0,2,23454106,1011,48,0,0
23395888,1134,65,0,0,23446788,2295,35,0,0
23446123,2166,60,0,4,23507567,2316,22,0,0
23450403,712,45,0,0,23393318,1370,58,0,0
23521387,2432,35,0,7,23475224,811,81,0,0
23407114,632,27,0,0,23401405,1564,28,0,0
23405295,751,28,0,0,23410317,1840,45,0,0
23452910,2110,45,0,2,23499810,1408,88,0,0
23434471,667,121,0,1,23420528,365,65,0,0
23526285,1770,32,0,7,23451974,889,24,0,0
23411499,1557,46,0,3,23463438,1698,64,0,0
23403993,1149,56,0,1,23521447,535,58,0,0
23525788,1179,40,0,4,23510807,1058,32,0,0
23440874,2306,38,0,3,23498139,1678,45,0,0
23393237,1266,17,0,0,23392558,604,42,0,0
23523630,684,53,0,0,23449071,2076,18,0,0
23512154,1672,40,0,3,23399821,650,54,0,0
23463451,1447,50,0,0,23486405,1891,54,0,0
23527178,266,50,0,1,23439265,1326,93,0,0
23440995,686,58,0,5,23440375,1197,33,0,0
23414338,861,79,0,2,23487758,1711,58,0,0
23526966,1114,57,0,1,23524587,777,52,0,0
23510816,703,26,0,0,23392220,964,25,0,0
23396874,906,32,0,2,23510358,1128,54,0,0
23407410,1829,38,0,0,23479561,1808,42,0,0
23407125,1563,46,0,2,23451017,1224,42,0,0
23512964,1700,138,0,1,23476512,1151,35,0,0
23436139,1188,54,0,0,23505510,1625,32,0,0
23470224,519,372,0,1,23389771,518,19,0,0
23526405,1525,44,0,3,23487158,1606,33,0,0
23430558,1065,19,0,0,23525866,1193,59,0,0
23415522,661,60,0,0,23460835,727,95,0,0
23478317,1047,62,0,1,23483969,1897,29,0,0
23413469,1051,37,0,1,23435581,981,31,0,0
23514478,1561,46,0,1,23483816,2150,37,0,0
23405564,965,68,0,0,23468573,716,23,0,0
23514337,1211,65,0,1,23431912,418,25,0,0
23512854,1161,53,0,1,23419463,1133,97,0,0
23509903,602,38,0,0,23423695,107,42,0,0
23435839,1411,48,0,1,23397905,1928,28,0,0
23458246,2502,18,0,1,23481417,930,22,0,0
23489921,1113,61,0,0,23524063,1936,95,0,0
23526465,1085,28,0,1,23515080,1500,103,0,0
23408748,2124,85,0,1,23477055,1443,53,0,0
23476347,741,49,0,0,23501586,819,36,0,0
23488489,775,19,0,1,23412763,1604,46,0,0
23460501,1128,39,0,3,23474858,674,34,0,0
23431069,1232,107,0,1,23467313,1700,25,0,0
23469363,2011,33,0,7,23396765,147,52,0,0
23415901,439,71,0,2,23492972,607,47,0,0
23394669,687,31,0,0,23516067,1199,57,0,0
23441073,1049,28,0,3,23399758,1219,41,0,0
23443481,932,66,0,0,23508581,956,37,0,0
23399726,657,33,0,2,23480987,1720,43,0,0
23463090,1219,44,0,4,23489146,1202,27,0,0
23442403,2244,59,0,1,23523814,1758,49,0,0
23398696,893,83,0,5,23486742,1415,70,0,0
23401542,849,30,0,5,23448502,1341,27,0,0
23491935,1402,65,0,1,23421980,1007,43,0,0
23428405,1442,43,0,1,23433332,2134,37,0,0
23423353,2185,43,0,1,23452176,1379,41,0,0
23520165,2109,53,0,2,23427608,653,25,0,0
23531960,815,60,0,4,23407445,676,44,0,0
23434161,1165,82,0,1,23483849,1250,44,0,0
23407280,836,32,0,5,23415484,1399,47,0,0
23477797,784,41,0,2,23460700,499,27,0,0
23491620,1208,93,0,3,23427357,881,44,0,0
23513257,856,58,0,2,23385966,363,95,0,0
23399375,863,43,0,2,23516010,2150,19,0,0
23484973,924,42,0,1,23517281,2184,26,0,0
23431507,1854,43,0,5,23464247,1337,20,0,0
23507232,1732,23,0,2,23533605,1145,27,0,0
23513500,1630,42,0,5,23505356,1286,46,0,0
23417467,864,19,0,1,23487839,978,72,0,0
23504597,1041,55,0,2,23480469,1137,39,0,0
23465534,2099,37,0,1,23417540,1259,35,0,0
23460477,752,17,0,3,23534249,858,67,0,0
23532808,1163,38,0,1,23390110,1192,37,0,0
23482131,2330,50,0,2,23496783,1386,66,0,0
23482888,966,53,0,1,23439514,982,34,0,0
23418058,1434,153,0,0,23456377,1660,47,0,0
23519548,2291,31,0,2,23431298,376,48,0,0
23498623,670,36,0,3,23500886,414,38,0,0
23481248,684,118,0,5,23391652,1709,20,0,0
23448994,674,40,0,1,23481577,2488,58,0,0
23453220,1273,33,0,3,23502063,1344,36,0,0
23454566,725,52,0,0,23458882,1363,23,0,0
23417589,677,47,0,1,23388313,1227,60,0,0
23443303,1153,52,0,2,23422544,216,36,0,0
23476858,1031,75,0,3,23431048,662,35,0,0
23520748,435,28,0,0,23455835,1413,46,0,0
23449960,716,83,0,3,23510256,2001,51,0,0
23469478,690,59,0,9,23410902,1845,19,0,0
23514116,1149,66,0,0,23432555,890,60,0,0
23387505,2040,34,0,1,23513730,996,62,0,0
23496267,1043,54,0,1,23435012,1358,59,0,0
23454769,1948,44,0,1,23428706,1871,46,0,0
23514652,1172,125,0,0,23430122,1695,50,0,0
23466608,540,32,0,2,23420617,1538,66,0,0
23430452,2174,50,0,1,23468699,927,56,0,0
23482607,1687,55,0,2,23410469,1084,64,0,0
23526436,414,64,0,1,23503832,1708,36,0,0
23507720,583,38,0,0,23437531,648,74,0,0
23392244,792,20,0,1,23415321,809,24,0,0
23414816,1734,37,0,0,23462154,897,67,0,0
23428062,835,237,0,1,23475591,2161,63,0,0
23492462,606,59,0,1,23449437,2180,33,0,0
23472315,809,88,0,3,23424401,1311,23,0,0
23474632,1868,41,0,2,23517958,484,94,0,0
23411124,2067,32,0,1,23393215,416,47,0,0
23449175,2055,33,0,3,23407424,1121,24,0,0
23529228,2303,31,0,8,23388757,1322,18,0,0
23438150,1611,19,0,3,23426666,432,70,0,0
23423677,243,25,0,1,23488928,1082,36,0,0
23430749,1376,21,0,1,23436282,811,35,0,0
23515237,171,45,0,1,23418819,1101,16,0,0
23516415,1668,68,0,3,23415082,2564,40,0,0
23502241,473,204,0,0,23428687,873,91,0,0
23424558,1055,20,0,3,23506918,177,44,0,0
23470215,1137,24,0,1,23512530,375,35,0,0
23418073,1011,17,0,2,23515365,679,44,0,0
23426433,2498,36,0,3,23387563,1606,56,0,0
23490061,1351,42,0,0,23461876,1516,16,0,0
23504450,911,26,0,9,23489956,1707,72,0,0
23407725,729,65,0,0,23515690,676,99,0,0
23390292,903,60,0,2,23512158,526,21,0,0
23402904,730,21,0,0,23496311,648,51,0,0
23480476,402,83,0,1,23532123,1696,72,0,0
23448313,1871,54,0,0,23514067,709,47,0,0
23492271,791,34,0,1,23536884,1543,33,0,0
23431341,1162,48,0,1,23447074,793,31,0,0
23504694,799,38,0,7,23440758,941,77,0,0
23395946,1285,39,0,1,23506304,470,22,0,0
23438662,598,36,0,0,23529763,1596,55,0,0
23506162,947,63,0,0,23533633,631,27,0,0
23488674,837,41,0,0,23491598,848,39,0,0
23401939,892,78,0,0,23463102,383,65,0,0
23534347,1815,70,0,0,23407094,295,88,0,0
23441016,842,21,0,0,23523787,469,36,0,0
23415310,1896,46,0,1,23490890,1163,45,0,0
23528094,1633,20,0,3,23496808,1054,40,0,0
23532764,1501,60,0,2,23445162,1698,25,0,0
23511862,800,42,0,1,23513308,622,28,0,0
23536004,2167,60,0,0,23520719,2317,44,0,0
23430219,409,53,0,1,23485345,531,48,0,0
23509261,1105,29,0,6,23467565,2329,29,0,0
23464894,831,29,0,3,23525880,1218,44,0,0
23539375,2131,34,0,4,23486040,744,53,0,0
23410788,1503,25,0,1,23458177,1249,52,0,0
23466511,1131,27,0,7,23538241,1998,18,0,0
23428814,1193,52,0,1,23433366,1686,50,0,0
23454336,1629,33,0,2,23455845,891,23,0,0
23462637,1901,23,0,3,23475469,1818,13,0,0
23514677,604,31,0,1,23537440,1641,73,0,0
23423584,603,53,0,0,23493046,781,41,0,0
23409480,293,60,0,4,23483152,1150,57,0,0
23477474,371,18,0,1,23510688,175,21,0,0
23406350,1996,42,0,1,23395626,2160,39,0,0
23516715,297,23,0,3,23450976,1418,26,0,0
23415514,787,34,0,2,23432645,737,50,0,0
23485079,1698,59,0,0,23439312,494,66,0,0
23507096,1135,51,0,1,23490123,820,42,0,0
23511739,658,47,0,2,23408331,1063,13,0,0
23415703,1240,83,0,1,23534991,856,55,0,0
23519856,945,50,0,1,23497789,984,41,0,0
23541163,959,30,0,3,23403734,1654,44,0,0
23474941,1941,29,0,2,23533137,1528,79,0,0
23537595,1866,79,0,0,23445264,1396,30,0,0
23419773,1256,61,0,1,23535337,1866,28,0,0
23506224,1291,56,0,4,23513292,185,81,0,0
23424722,1438,34,0,0,23463556,569,52,0,0
23539549,194,22,0,3,23512618,2178,61,0,0
23537309,1000,38,0,0,23501243,718,45,0,0
23529392,724,17,0,0,23482963,1035,34,0,0
23432938,739,36,0,0,23516095,1259,56,0,0
23408159,2216,61,0,1,23512337,1482,30,0,0
23475706,2361,39,0,2,23473776,1877,55,0,0
23479889,1276,28,0,0,23445540,131,113,0,0
23533372,1287,25,0,2,23508194,1046,32,0,0
23535920,1309,47,0,5,23470967,705,68,0,0
23472146,917,38,0,2,23521046,2164,43,0,0
23533006,1007,55,0,3,23510659,1171,68,0,0
23474108,1781,70,0,1,23436778,1509,38,0,0
23443278,1019,74,0,3,23529350,285,64,0,0
23482582,1123,66,0,9,23440456,1426,59,0,0
23540827,833,65,0,3,23403995,2465,71,0,0
23510901,2143,88,0,3,23527786,1511,32,0,0
23407058,1531,22,0,0,23488698,717,69,0,0
23427300,754,54,0,2,23494268,995,41,0,0
23412649,511,51,0,3,23475987,1293,79,0,0
23432163,1642,43,0,3,23448171,655,37,0,0
23481452,1182,29,0,1,23465979,1230,71,0,0
23414442,1360,44,0,2,23403425,376,77,0,0
23487733,1396,38,0,3,23509909,640,55,0,0
23451901,1367,59,0,2,23404541,2589,27,0,0
23441496,197,75,0,3,23432812,1887,46,0,0
23404181,1740,49,0,0,23464027,898,61,0,0
23443090,291,55,0,2,23455840,1120,62,0,0
23539750,716,90,0,3,23419749,1379,59,0,0
23413857,451,42,0,2,23428147,748,33,0,0
23519872,1261,101,0,5,23396427,1607,52,0,0
23429835,1864,36,0,1,23461273,1117,76,0,0
23424424,1241,17,0,1,23464433,983,66,0,0
23441214,1348,44,0,5,23429988,534,44,0,0
23473794,1984,57,0,2,23497713,1178,64,0,0
23536212,706,38,0,0,23461562,1346,49,0,0
23519586,509,14,0,8,23456753,1497,23,0,0
23536653,1744,31,0,1,23515622,266,62,0,0
23514497,1340,37,0,1,23499544,1623,35,0,0
23484860,1796,54,0,4,23430528,1118,58,0,0
23534611,1871,45,0,5,23464581,975,38,0,0
23512519,523,42,0,0,23532091,2573,44,0,0
23426172,646,54,0,7,23425665,2168,72,0,0
23417544,833,49,0,12,23463358,2590,45,0,0
23461797,1256,26,0,2,23428074,2288,46,0,0
23519988,646,96,0,0,23422144,2222,29,0,0
23452562,1503,42,0,6,23519064,1245,69,0,0
23522900,1164,37,0,4,23472303,1519,34,0,0
23465489,951,107,0,2,23424386,1160,16,0,0
23472764,1249,113,0,1,23480517,1624,50,0,0
23454869,766,65,0,5,23532104,941,43,0,0
23444897,1889,22,0,0,23494186,1838,43,0,0
23487921,913,65,0,3,23541851,1863,51,0,0
23486851,1038,50,0,0,23445428,771,68,0,0
23416228,777,79,0,2,23466185,691,50,0,0
23420141,2182,43,0,1,23537395,1257,30,0,0
23430464,809,74,0,1,23418062,1960,25,0,0
23514858,1616,22,0,1,23452030,841,38,0,0
23537622,1859,46,0,3,23418304,676,61,0,0
23474799,1506,45,0,1,23510766,358,43,0,0
23413699,721,63,0,1,23406475,2017,38,0,0
23460252,883,59,0,4,23527107,815,51,0,0
23453754,877,63,0,6,23518283,757,36,0,0
23537418,972,20,0,0,23483827,497,25,0,0
23416695,2115,27,0,0,23511277,1330,20,0,0
23422356,963,64,0,1,23510857,1543,43,0,0
23464483,678,81,0,0,23513526,944,36,0,0
23482840,1831,65,0,2,23509562,1070,49,0,0
23447254,2317,31,0,5,23465825,866,45,0,0
23528230,979,33,0,3,23521460,2131,50,0,0
23528629,709,61,0,1,23475420,343,65,0,0
23469534,355,42,0,1,23519418,1091,92,0,0
23408854,756,36,0,2,23497223,802,33,0,0
23545836,1430,38,0,0,23471804,661,95,0,0
23441068,1788,33,0,1,23409038,2101,39,0,0
23449686,1491,53,0,2,23417980,854,37,0,0
23463239,1511,45,0,9,23509590,1898,55,0,0
23448732,1129,84,0,3,23485858,738,80,0,0
23461872,356,51,0,1,23451074,491,33,0,0
23439424,824,33,0,0,23495352,637,30,0,0
23486480,1683,41,0,6,23475220,1111,43,0,0
23408597,218,52,0,2,23464014,1067,48,0,0
23464472,837,56,0,1,23454286,589,55,0,0
23542817,903,37,0,4,23423742,1480,56,0,0
23439216,2039,22,0,0,23485910,558,26,0,0
23427694,1047,47,0,0,23527449,1115,37,0,0
23485623,965,44,0,0,23432548,1132,46,0,0
23489685,1801,66,0,1,23427721,2233,51,0,0
23475025,1461,81,0,9,23463075,875,50,0,0
23440691,633,59,0,1,23523166,449,74,0,0
23433171,1649,28,0,2,23536259,1172,29,0,1
23451427,831,60,0,2,23466699,1038,78,0,0
23445778,458,38,0,4,23439994,1753,38,0,0
23467713,1400,65,0,0,23509357,1188,40,0,0
23533972,1117,36,0,1,23535935,1148,38,0,0
23452582,1456,45,0,5,23498048,1333,43,0,0
23463063,1225,62,0,3,23542887,1503,58,0,0
23514894,1124,49,0,1,23507300,928,55,0,0
23475995,972,74,0,2,23433812,1090,50,0,0
23545042,1529,44,0,5,23458866,760,36,0,0
23514154,507,39,0,5,23401459,930,40,0,0
23429811,1741,23,0,7,23526758,729,10,0,0
23398312,1113,34,0,0,23518624,1477,43,0,0
23457252,1337,46,0,4,23457793,999,28,0,0
23408565,1360,44,0,0,23486145,1114,48,0,0
23517107,565,55,0,1,23537771,797,27,0,0
23420240,1322,31,0,3,23424904,1149,58,0,0
23510445,1109,82,0,1,23424266,2175,41,0,0
23422344,673,32,0,0,23522901,318,67,0,0
23528247,1794,51,0,1,23428138,1507,31,0,0
23440464,1771,52,0,1,23532216,1327,29,0,0
23507451,1326,31,0,5,23415415,1324,49,0,0
23434799,1083,45,0,2,23459587,1183,91,0,0
23503819,1125,22,0,2,23525593,983,27,0,0
23530858,1983,30,0,0,23538881,1453,30,0,0
23410532,1821,63,0,0,23522334,1694,36,0,0
23418197,1627,89,0,0,23515697,1114,26,0,0
23432681,1602,25,0,1,23486864,1443,53,0,0
23488452,1250,53,0,1,23481151,739,50,0,0
23429987,847,63,0,2,23472045,854,78,0,0
23471810,1157,55,0,1,23454513,668,99,0,0
23520741,160,21,0,0,23406943,1079,57,0,0
23529954,307,76,0,0,23532288,318,49,0,0
23491000,1639,46,0,1,23455254,896,64,0,0
23457159,840,39,0,1,23457176,1331,60,0,0
23430515,1393,32,0,2,23516289,802,51,0,0
23433286,617,30,0,1,23460192,880,27,0,0
23517849,1319,43,0,0,23549224,431,39,0,0
23409236,1173,64,0,2,23413489,1830,46,0,0
23447725,1034,57,0,2,23497085,1865,29,0,0
23494469,781,35,0,1,23444667,1905,65,0,0
23494212,669,65,0,2,23520989,1605,73,0,0
23545052,958,52,0,2,23494643,178,35,0,0
23545849,1679,115,0,3,23511121,455,57,0,0
23523175,1023,84,0,0,23479635,288,56,0,0
23436599,662,66,0,8,23481767,1851,36,0,0
23536208,693,42,0,1,23515354,1821,29,0,0
23527047,678,43,0,1,23429822,2483,51,0,0
23411493,817,32,0,1,23436347,796,82,0,0
23430571,383,54,0,5,23440903,2023,35,0,0
23434199,1767,39,0,3,23541897,876,66,0,0
23527190,839,25,0,0,23478436,841,16,0,0
23496874,1236,53,0,0,23485421,1067,43,0,0
23526281,361,39,0,0,23485839,893,81,0,0
23442239,956,50,0,1,23452248,400,83,0,0
23527551,1873,63,0,3,23502450,1003,25,0,0
23500129,687,54,0,4,23481838,700,56,0,0
23427745,1067,52,0,1,23408469,1153,60,0,0
23464315,1568,40,0,3,23491960,1137,64,0,0
23434615,194,68,0,6,23521368,2636,44,0,0
23464708,839,146,0,1,23543760,1783,56,0,0
23429499,1382,26,0,1,23485590,1403,63,0,0
23446184,1640,63,0,2,23532656,416,43,0,0
23501633,1665,64,0,1,23468985,392,35,0,0
23516742,816,40,0,0,23487594,937,36,0,0
23531190,439,34,0,3,23546181,1037,110,0,0
23548738,942,30,0,5,23422166,801,47,0,0
23536001,2580,26,0,3,23442474,873,50,0,0
23437402,1695,62,0,5,23437529,2021,42,0,0
23500917,1461,53,0,2,23428468,1137,95,0,0
23548535,1518,61,0,1,23550771,1278,29,0,0
23458433,833,27,0,1,23433671,2507,35,0,0
23442211,1348,66,0,1,23433235,783,72,0,0
23441995,664,55,0,7,23541355,936,43,0,0
23430284,1093,38,0,4,23431802,702,131,0,0
23513044,1449,62,0,1,23510993,826,63,0,0
23457307,1135,47,0,3,23516735,433,49,0,0
23528440,1682,77,0,4,23479602,1497,25,0,0
23506556,766,28,0,0,23477523,1077,23,0,0
23535027,1665,28,0,0,23535212,1889,39,0,0
23451479,1659,60,0,4,23545704,702,58,0,0
23437007,1913,65,0,4,23406871,1740,61,0,1
23436469,1833,59,0,1,23467660,786,116,0,0
23546363,891,52,0,1,23414488,1376,17,0,0
23548397,1619,24,0,0,23549660,406,32,0,0
23505920,370,40,0,1,23423636,516,41,0,0
23504138,1376,56,0,4,23415608,1793,38,0,0
23534497,1729,62,0,1,23493565,1002,41,0,0
23543069,941,36,0,3,23522066,2367,20,0,0
23479206,1943,139,0,2,23462790,1641,45,0,0
23516111,995,86,0,1,23413250,1443,106,0,0
23482164,1321,34,0,1,23497250,1137,33,0,0
23533765,635,42,0,2,23457819,912,86,0,0
23457341,598,44,0,1,23446844,2176,53,0,0
23413241,1573,38,0,1,23438305,664,53,0,0
23448987,1045,56,0,1,23416783,455,75,0,0
23407669,715,72,0,0,23495973,1858,43,0,0
23433436,2142,54,0,3,23502757,1818,35,0,0
23550030,752,41,0,4,23423388,1428,53,0,0
23548149,1143,18,0,4,23493999,820,56,0,0
23472329,1404,26,0,3,23475894,916,33,0,0
23466377,2378,87,0,2,23479452,1887,17,0,0
23451952,839,51,0,5,23542462,842,47,0,0
23494856,642,49,0,0,23479512,1119,78,0,0
23456612,1261,37,0,1,23420259,1223,22,0,0
23441532,1268,55,0,3,23548233,976,45,0,0
23463608,1701,23,0,2,23492353,1005,30,0,0
23531474,738,23,0,3,23425331,1723,52,0,0
23443948,1068,27,0,4,23473462,1410,68,0,0
23476130,1467,50,0,1,23434166,973,46,0,0
23444457,982,56,0,0,23452048,692,48,0,0
23484082,1133,72,0,0,23424043,1325,29,0,0
23497623,338,62,0,3,23460106,2301,54,0,0
23547201,821,38,0,2,23434681,1644,29,0,0
23489141,1318,45,0,5,23427488,1155,65,0,0
23430602,2587,40,0,2,23542015,1111,48,0,0
23485425,502,70,0,3,23451534,841,60,0,0
23458970,1572,43,0,3,23415173,779,36,0,0
23494485,670,60,0,0,23428134,1274,25,0,0
23412413,1168,78,0,2,23500903,2352,56,0,0
23543833,1189,40,0,4,23461247,831,20,0,0
23484085,1450,31,0,2,23523434,816,52,0,0
23532202,1235,54,0,0,23548862,213,54,0,0
23546193,663,41,0,2,23548101,710,56,0,0
23492451,1893,50,0,2,23422623,1534,17,0,0
23441538,1565,69,0,1,23433608,2087,70,0,0
23440087,389,50,0,10,23542753,1237,42,0,0
23410104,1626,40,0,2,23528028,1557,37,0,0
23476377,2009,36,0,0,23522338,1397,34,0,0
23450516,1079,121,0,0,23527924,1219,44,0,0
23521344,1837,49,0,1,23494492,1243,45,0,0
23416377,695,49,0,2,23475009,1538,66,0,0
23423683,984,97,0,1,23509647,976,61,0,0
23504328,838,90,0,4,23527818,1023,49,0,0
23409838,738,44,0,1,23541327,622,23,0,0
23435831,1224,70,0,0,23426808,1611,49,0,0
23430206,678,41,0,2,23555720,469,37,0,0
23426556,793,21,0,8,23480131,1785,45,0,0
23410292,2197,47,0,3,23465101,806,46,0,0
23552177,878,29,0,2,23519638,1755,46,0,0
23409560,1591,38,0,2,23424209,1584,54,0,0
23464146,707,60,0,3,23547144,2341,31,0,0
23416125,2088,21,0,2,23522139,634,156,0,0
23445118,1134,24,0,4,23466227,125,43,0,0
23468646,1251,28,0,3,23544704,1609,123,0,0
23483773,1999,67,0,11,23458113,1055,41,0,0
23489704,333,62,0,9,23516029,399,31,0,0
23469393,1674,51,0,1,23428656,1346,26,0,0
23475526,2069,24,0,0,23498161,139,35,0,0
23555069,777,34,0,8,23460603,1746,37,0,0
23422298,489,80,0,0,23464026,1295,64,0,0
23505878,476,42,0,1,23415599,1684,29,0,0
23468805,622,34,0,6,23416737,1398,55,0,0
23535199,1060,45,0,0,23513867,1682,45,0,0
23441600,924,53,0,2,23464475,1617,40,0,0
23457162,856,26,0,7,23440663,1409,36,0,0
23488074,733,38,0,0,23437776,1337,121,0,0
23485704,1371,33,0,5,23557245,1190,42,0,0
23489512,704,40,0,0,23538449,903,69,0,0
23482540,2117,22,0,1,23556429,1648,33,0,0
23520818,1432,42,0,2,23414591,860,42,0,0
23478574,612,39,0,3,23508591,1228,37,0,0
23488182,770,84,0,4,23547234,873,37,0,0
23520888,349,39,0,1,23472237,1339,28,0,0
23550515,1509,59,0,3,23461790,1362,37,0,0
23552432,668,123,0,0,23468901,1581,73,0,0
23458255,1642,100,0,9,23449405,1186,68,0,0
23482885,1970,77,0,1,23466400,906,39,0,0
23536780,1442,61,0,1,23540149,1386,51,0,0
23513168,1485,46,0,4,23448173,894,77,0,0
23460831,771,19,0,0,23548496,1081,52,0,0
23484008,1423,37,0,0,23521677,1112,61,0,0
23523798,1185,56,0,0,23550245,1148,52,0,0
23449064,1777,44,0,0,23425338,1143,49,0,0
23427421,605,148,0,2,23552971,939,90,0,0
23547240,1978,17,0,3,23525430,1457,42,0,0
23556618,858,78,0,1,23554753,904,73,0,0
23525250,1022,39,0,1,23538315,434,34,0,0
23515069,136,37,0,8,23509191,1532,38,0,0
23530913,816,29,0,3,23474266,1370,20,0,0
23511871,882,34,0,0,23481283,1103,39,0,0
23515436,749,34,0,3,23539356,1477,24,0,0
23489936,954,65,0,1,23531941,1163,40,0,0
23531273,1324,41,0,5,23447675,1231,74,0,0
23469184,2195,45,0,8,23416178,638,32,0,0
23457397,711,60,0,4,23422674,1227,44,0,0
23451927,1600,35,0,8,23538914,538,64,0,0
23558746,1479,43,0,0,23486734,2114,66,0,0
23463257,138,44,0,2,23517022,1379,25,0,0
23446251,352,94,0,3,23555608,796,59,0,0
23529173,676,75,0,0,23515927,1304,65,0,0
23502775,1042,36,0,3,23468717,653,32,0,0
23445019,1102,40,0,6,23415442,944,48,0,0
23540571,133,46,0,0,23427585,636,27,0,0
23550346,1157,27,0,3,23415202,1821,42,0,0
23445198,1010,44,0,5,23448076,347,66,0,0
23551372,650,71,0,1,23418721,1805,85,0,0
23458711,101,65,0,4,23418624,1953,49,0,0
23509673,333,84,0,0,23447575,697,48,0,0
23446502,1040,44,0,0,23425170,684,42,0,0
23459310,801,35,0,2,23433634,1041,66,0,0
23441523,909,47,0,3,23471816,1612,61,0,0
23444009,757,50,0,4,23504070,643,45,0,0
23424163,1259,60,0,3,23470435,1605,87,0,0
23421238,1643,45,0,5,23453202,570,25,0,0
23446570,1202,32,0,1,23482905,1364,30,0,0
23486581,974,71,0,0,23556054,965,30,0,0
23417582,2196,24,0,4,23535939,728,33,0,0
23468765,1337,24,0,4,23550436,1797,39,0,0
23454145,501,40,0,0,23534433,1446,70,0,0
23490777,631,35,0,7,23527495,1481,43,0,0
23538993,2501,36,0,6,23554754,1023,59,0,0
23431687,1622,43,0,12,23550053,1909,66,0,0
23498866,1408,39,0,6,23509120,919,90,0,0
23554664,1510,29,0,0,23459735,1405,63,0,0
23476823,719,57,0,2,23508032,1375,54,0,0
23515922,526,64,0,1,23460295,187,66,0,0
23469603,1578,37,0,0,23555276,1183,43,0,0
23422257,387,35,0,1,23483718,982,51,0,0
23549000,1960,40,0,6,23544125,1821,47,0,0
23536575,1610,35,0,1,23541431,890,75,0,0
23428489,480,147,0,1,23541653,1458,28,0,0
23493692,527,29,0,0,23561385,993,49,0,0
23544930,936,31,0,2,23522668,668,34,0,0
23560417,311,30,0,1,23502565,210,101,0,0
23442247,1487,28,0,0,23501870,872,61,0,0
23549943,727,62,0,1,23472004,1187,49,0,0
23553550,1495,40,0,3,23423709,885,45,0,0
23497616,2043,38,0,0,23453005,1763,42,0,0
23520965,1857,22,0,0,23508060,910,25,0,0
23543230,1785,32,0,5,23445219,851,23,0,0
23476293,1281,41,0,1,23492075,575,84,0,0
23553153,987,49,0,1,23522423,1056,66,0,0
23558308,215,30,0,3,23518921,826,60,0,0
23544815,906,71,0,1,23521359,205,70,0,0
23520227,214,33,0,0,23476050,1624,92,0,0
23561596,2119,45,0,2,23455051,896,50,0,0
23557514,1061,62,0,1,23502884,251,59,0,0
23445048,1144,28,0,1,23471802,1152,25,0,0
23546691,2026,29,0,2,23511907,961,30,0,0
23468248,1250,48,0,2,23521675,265,46,0,0
23447354,2123,58,0,0,23450434,881,42,0,0
23418097,1194,37,0,5,23516984,1156,45,0,0
23523478,1047,33,0,0,23540048,880,77,0,0
23544551,958,25,0,6,23462098,862,19,0,0
23534559,2284,58,0,1,23510181,471,24,0,0
23487615,1289,54,0,2,23490193,225,74,0,0
23423184,1228,57,0,2,23472924,684,59,0,0
23541408,1147,26,0,2,23541994,1387,44,0,0
23441852,1304,36,0,8,23503286,1036,40,0,0
23451001,112,37,0,4,23472112,857,47,0,0
23477896,617,58,0,2,23537313,164,76,0,0
23562862,139,100,0,1,23492962,645,155,0,0
23454926,1202,36,0,4,23489735,1060,23,0,0
23494960,1142,49,0,0,23422665,2410,27,0,0
23455954,507,44,0,0,23430643,873,53,0,0
23460774,1015,53,0,1,23560951,618,57,0,0
23483094,1392,41,0,4,23526639,1299,68,0,0
23418488,1548,32,0,3,23536842,1382,145,0,0
23501985,1421,61,0,0,23512333,1008,22,0,0
23546252,342,61,0,2,23421764,644,15,0,0
23442911,865,34,0,1,23550624,1302,74,0,0
23509348,679,64,0,4,23472028,2381,27,0,0
23544869,617,56,0,3,23521988,655,42,0,0
23546451,897,36,0,0,23561988,615,26,0,0
23433552,1364,66,0,1,23523804,1125,60,0,0
23521782,1201,45,0,4,23464371,1128,45,0,0
23475299,1046,60,0,1,23442393,400,51,0,0
23428127,1315,22,0,0,23540779,1234,44,0,0
23459336,2173,39,0,5,23454829,2087,64,0,0
23451419,635,49,0,3,23423977,715,52,0,0
23564472,2100,29,0,5,23461915,1443,37,0,0
23499411,1916,62,0,1,23445375,1986,36,0,0
23436384,737,70,0,1,23560681,493,34,0,0
23461986,1959,22,0,3,23448307,1541,24,0,0
23533080,1630,37,0,0,23444386,1724,67,0,0
23550042,1033,63,0,3,23419944,1914,34,0,0
23457446,887,30,0,2,23468892,615,29,0,0
23474888,703,30,0,2,23469059,1142,79,0,0
23538161,877,89,0,5,23558241,500,20,0,0
23427602,1487,34,0,1,23477924,461,38,0,0
23540320,1438,41,0,3,23530832,830,44,0,0
23493023,1292,49,0,2,23518452,1051,51,0,0
23524773,211,33,0,1,23447721,321,26,0,0
23478310,2029,20,0,0,23555716,1311,32,0,0
23507245,1992,59,0,3,23427952,641,28,0,1
23454688,116,28,0,4,23454415,667,57,0,0
23511708,807,141,0,2,23528596,2386,90,0,0
23475801,1130,38,0,5,23421024,2419,26,0,0
23440377,676,47,0,1,23469803,1167,28,0,0
23547425,605,24,0,3,23535355,408,55,0,0
23496572,824,18,0,0,23487308,857,104,0,0
23554623,868,66,0,1,23510462,2043,41,0,0
23427738,1368,28,0,1,23431498,313,45,0,0
23459459,1835,41,0,8,23469720,1467,40,0,0
23565300,482,45,0,0,23449916,1273,45,0,0
23480582,845,75,0,6,23515117,1241,56,0,0
23547666,1957,64,0,7,23466500,634,27,0,0
23497502,671,41,0,1,23525336,708,58,0,0
23449792,910,30,0,2,23502491,2361,62,0,0
23419516,2398,50,0,0,23460036,1349,36,0,0
23566330,1246,42,0,2,23566086,1083,29,0,0
23431375,1093,46,0,3,23523159,954,36,0,0
23455651,1741,24,0,1,23536019,1917,78,0,0
23495305,758,27,0,2,23537632,1096,31,0,0
23532300,1181,37,0,0,23459116,789,33,0,0
23464170,1981,82,0,16,23486129,877,27,0,0
23462191,1849,60,0,0,23435403,993,71,0,0
23431961,864,71,0,0,23551992,1523,61,0,0
23445796,733,47,0,2,23509888,1084,81,0,0
23445051,201,43,0,1,23496643,2155,45,0,0
23432762,1963,47,0,1,23422583,1387,39,0,0
23453908,804,80,0,3,23499638,1784,55,0,0
23439676,762,45,0,0,23421454,957,49,0,0
23544438,879,62,0,0,23543333,1503,56,0,0
23539261,1876,59,0,1,23468112,730,44,0,0
23508599,1370,25,0,1,23500985,1213,31,0,0
23504064,1074,26,0,0,23532098,155,92,0,0
23510817,628,91,0,0,23500957,496,36,0,0
23432461,1332,32,0,1,23567373,694,78,0,0
23497455,1107,46,0,8,23536281,648,68,0,0
23454930,1943,29,0,5,23533661,725,89,0,0
23466567,1433,41,0,1,23483970,448,103,0,0
23495516,1621,32,0,2,23546176,1154,42,0,0
23467448,2180,36,0,2,23496499,1496,75,0,0
23452898,1220,82,0,5,23458525,447,176,0,0
23514235,1643,21,0,2,23525072,435,57,0,0
23485766,1721,52,0,1,23469661,1832,19,0,0
23457533,121,43,0,1,23552532,1116,42,0,0
23495925,1495,89,0,0,23477222,1133,61,0,0
23434353,882,23,0,1,23511249,1466,46,0,0
23548238,346,29,0,1,23453295,1448,32,0,0
23468533,1330,121,0,0,23532116,1979,26,0,0
23483368,2227,36,0,1,23509464,1549,45,0,0
23489361,980,52,0,1,23425294,774,39,0,0
23553239,982,33,0,1,23459432,570,48,0,0
23447806,498,38,0,1,23484346,477,33,0,0
23507599,1249,47,0,3,23463459,755,52,0,0
23564143,1654,54,0,2,23555176,991,25,0,0
23427081,475,63,0,4,23501716,1218,67,0,0
23518183,1601,49,0,3,23477056,1121,21,0,0
23542920,188,46,0,0,23452413,651,42,0,0
23560599,2002,52,0,0,23466425,1340,75,0,0
23514481,2055,57,0,3,23468907,482,102,0,0
23451754,1689,22,0,1,23479522,1100,29,0,0
23448259,578,43,0,1,23560200,1306,32,0,0
23551697,1939,58,0,1,23485112,770,45,0,0
23564702,1365,43,0,5,23487302,1634,26,0,0
23465883,816,90,0,1,23501621,962,39,0,0
23447024,1588,69,0,0,23449684,146,43,0,0
23475338,2116,33,0,1,23531013,1241,52,0,0
23442791,441,37,0,1,23444704,197,56,0,0
23494839,140,61,0,7,23487355,258,73,0,0
23518170,1279,28,0,1,23562478,988,50,0,0
23535598,792,38,0,1,23482968,1096,74,0,0
23481596,810,43,0,2,23560952,1654,72,0,0
23495272,1632,77,0,1,23494759,792,42,0,0
23519264,882,47,0,3,23533968,889,34,0,0
23494030,970,59,0,1,23450458,1295,35,0,0
23502117,1716,23,0,2,23549659,2199,27,0,0
23544312,624,36,0,1,23533038,882,52,0,0
23540747,1440,45,0,1,23514018,1642,40,0,0
23440239,1064,42,0,4,23515652,530,73,0,0
23513214,1123,32,0,7,23425296,205,38,0,0
23522468,1547,39,0,0,23569704,949,59,0,0
23443842,2097,35,0,1,23457695,995,44,0,0
23496094,357,67,0,3,23507420,2583,44,0,0
23534789,1317,22,0,0,23467149,1058,64,0,0
23510975,1798,31,0,5,23530141,2596,69,0,0
23512591,1645,44,0,3,23490116,1561,54,0,0
23555264,344,19,0,5,23552253,1649,51,0,0
23466649,1124,76,0,4,23492590,722,196,0,0
23440869,984,51,0,1,23570660,1405,18,0,0
23495179,562,38,0,1,23482971,1107,31,0,0
23511606,1225,38,0,0,23500323,1414,25,0,0
23484924,1137,45,0,3,23528869,1154,22,0,0
23441779,2232,47,0,3,23465781,923,230,0,0
23508019,955,43,0,5,23494626,746,38,0,0
23507038,377,44,0,0,23503240,1129,33,0,0
23510541,839,28,0,4,23560123,521,41,0,0
23445167,1097,38,0,0,23531680,710,72,0,0
23493857,1309,42,0,1,23459000,590,73,0,0
23546529,222,53,0,0,23494940,2179,45,0,0
23426423,1622,57,0,0,23469639,1275,56,0,0
23540083,856,53,0,2,23488472,945,52,0,0
23495467,572,29,0,1,23475971,1644,52,0,0
23493749,1635,54,0,3,23457160,1763,37,0,0
23525957,405,69,0,1,23490856,1387,59,0,0
23428055,771,54,0,1,23533714,1290,53,0,0
23459410,831,27,0,6,23524766,642,47,0,0
23558371,1975,70,0,0,23567008,1609,25,0,0
23532574,581,32,0,4,23443870,580,28,0,0
23433534,1306,35,0,0,23550265,148,25,0,0
23472996,787,19,0,3,23526509,1206,61,0,0
23463895,1752,60,0,4,23459992,1340,37,0,0
23445661,516,40,0,0,23555024,196,39,0,0
23511867,1220,47,0,3,23434409,2419,29,0,1
23485596,1226,33,0,0,23527157,209,26,0,0
23470960,715,50,0,0,23478963,1912,24,0,0
23494720,604,47,0,0,23509855,755,29,0,0
23463262,1154,84,0,0,23484963,989,43,0,0
23548847,636,49,0,1,23521205,539,32,0,0
23531191,800,67,0,1,23468158,819,57,0,0
23491703,1288,63,0,1,23561450,623,67,0,0
23455942,2124,28,0,0,23495443,559,82,0,0
23499777,1164,39,0,1,23545378,2075,51,0,0
23469753,1672,22,0,1,23457934,771,35,0,0
23568081,973,32,0,1,23547530,1741,54,0,0
23506467,1124,39,0,0,23458187,1483,30,0,0
23452183,1192,37,0,4,23491951,1704,39,0,0
23564250,1322,47,0,1,23533045,1709,55,0,0
23432983,931,42,0,8,23445527,1346,43,0,0
23438312,1050,48,0,4,23501756,893,55,0,0
23475640,1254,25,0,3,23542190,1714,74,0,0
23518816,1544,16,0,3,23445059,1443,29,0,0
23430036,1624,28,0,4,23431902,1282,28,0,0
23565047,2078,36,0,0,23527635,782,35,0,0
23523557,600,51,0,0,23534223,1417,60,0,0
23460101,689,34,0,1,23450658,865,47,0,0
23521910,1692,75,0,1,23470000,1490,41,0,0
23563371,2178,29,0,2,23429635,1245,63,0,0
23438709,2065,34,0,0,23468208,1083,83,0,0
23490192,1369,70,0,0,23486265,1159,63,0,0
23515731,348,80,0,2,23458393,1125,28,0,0
23514058,726,48,0,4,23541589,1009,54,0,0
23474205,1926,39,0,0,23473859,1051,48,0,0
23475237,460,66,0,2,23482105,604,42,0,0
23460121,174,25,0,0,23563115,1892,25,0,0
23563518,1582,65,0,5,23571551,1178,59,0,0
23516812,2518,24,0,14,23438565,1092,34,0,0
23517221,982,80,0,7,23513431,1675,48,0,0
23562078,2357,54,0,3,23523194,587,20,0,0
23498296,1667,31,0,3,23537904,1566,36,0,0
23557881,1605,57,0,9,23553628,2269,26,0,0
23512830,775,30,0,4,23455818,1188,54,0,0
23441652,1903,63,0,4,23515152,2365,21,0,0
23571822,792,88,0,2,23523805,150,44,0,0
23551766,1928,33,0,1,23509077,730,71,0,0
23558139,2507,50,0,2,23450136,1346,18,0,0
23539416,1509,33,0,1,23521391,1207,29,0,0
23495873,870,21,0,6,23514222,1685,25,0,0
23493835,1338,28,0,0,23562871,1947,57,0,0
23509971,562,83,0,3,23450283,927,29,0,0
23484786,911,53,0,9,23491735,253,47,0,0
23442599,669,47,0,2,23458891,1778,40,0,0
23466774,1421,56,0,0,23460329,943,29,0,0
23553152,706,19,0,1,23485351,663,25,0,0
23551639,961,55,0,3,23565619,1609,61,0,0
23565510,940,48,0,5,23477929,1928,34,0,0
23497215,1852,96,0,1,23441723,1078,57,0,0
23555972,1710,57,0,3,23503598,831,64,0,0
23550886,750,29,0,2,23496112,1235,34,0,0
23490586,1356,41,0,1,23536785,1320,34,0,0
23552496,810,52,0,2,23520563,1454,37,0,0
23567995,2000,23,0,0,23432995,1661,61,0,0
23517961,1504,33,0,1,23430168,2537,25,0,0
23467551,2045,47,0,0,23473003,1779,65,0,0
23429884,1016,88,0,3,23533418,661,57,0,0
23469178,1036,48,0,5,23494398,2254,40,0,0
23501781,947,43,0,2,23485081,1196,27,0,0
23523645,818,29,0,9,23512286,1557,47,0,0
23506898,156,91,0,1,23510810,1152,31,0,0
23569227,1590,43,0,4,23566484,2017,72,0,0
23546462,1811,41,0,1,23433492,464,58,0,0
23544583,272,85,0,1,23568632,1855,15,0,0
23441716,141,66,0,5,23565564,138,55,0,0
23483680,1396,43,0,2,23542550,123,44,0,0
23565093,736,62,0,3,23476531,487,64,0,0
23522074,1120,58,0,1,23468524,1420,61,0,0
23434058,912,49,0,1,23560049,1080,28,0,0
23457048,2327,67,0,1,23469416,1144,28,0,0
23488127,1189,46,0,0,23511694,911,62,0,0
23505825,361,38,0,0,23545535,2113,38,0,0
23533752,520,40,0,0,23498607,776,75,0,0
23455347,2318,44,0,3,23522266,1494,30,0,0
23496275,1726,31,0,5,23516717,1221,68,0,0
23563628,1030,76,0,1,23456872,440,54,0,0
23523288,959,49,0,2,23463588,2124,28,0,0
23480607,2316,64,0,3,23546399,2195,52,0,0
23460061,1248,108,0,0,23534918,1195,90,0,0
23452657,1499,38,0,0,23474873,441,57,0,0
23507828,2393,30,0,4,23559524,1219,54,0,0
23473029,857,45,0,2,23537496,1990,52,0,0
23473041,1461,29,0,2,23486200,1040,86,0,0
23523008,1266,20,0,1,23464159,1860,49,0,0
23438284,1016,28,0,1,23498442,1325,64,0,0
23483180,2186,34,0,0,23444447,1004,36,0,0
23512252,715,58,0,2,23541644,913,23,0,0
23474604,1054,54,0,1,23531786,888,47,0,0
23566548,1174,40,0,1,23436717,2209,47,0,0
23501891,587,75,0,2,23443247,668,62,0,0
23567546,2117,46,0,0,23447981,1793,22,0,0
23433114,686,51,0,7,23468224,1354,38,0,0
23526448,441,37,0,6,23560753,1370,49,0,0
23436559,1133,60,0,3,23451064,1143,37,0,0
23570389,670,29,0,2,23575977,498,25,0,0
23548595,2207,27,0,5,23522482,1146,64,0,0
23525371,998,82,0,0,23502631,737,28,0,0
23442495,859,24,0,2,23464721,1772,25,0,0
23542780,1496,29,0,2,23568784,430,96,0,0
23523257,218,49,0,2,23466598,1646,33,0,0
23472525,641,56,0,2,23470209,1355,38,0,0
23508507,423,77,0,1,23433813,1145,30,0,0
23517552,1151,101,0,7,23511478,1055,49,0,0
23497424,2098,40,0,7,23555671,101,63,0,0
23542534,2197,30,0,5,23449057,1482,28,0,0
23516857,797,29,0,0,23508638,2293,30,0,0
23532641,373,46,0,1,23452268,1674,35,0,0
23534973,608,36,0,1,23502575,1668,65,0,0
23502400,754,58,0,4,23439226,656,18,0,0
23484532,970,62,0,0,23520938,1183,65,0,0
23527286,1396,60,0,0,23434747,1097,36,0,0
23503158,498,71,0,2,23454075,2428,27,0,0
23442225,1366,29,0,0,23468306,1292,38,0,0
23498935,1722,31,0,4,23464765,367,67,0,0
23456451,692,39,0,1,23535990,1503,55,0,0
23554490,475,32,0,0,23570715,1246,111,0,0
23549268,629,47,0,3,23448276,806,51,0,0
23474630,2252,26,0,0,23568882,1449,27,0,0
23460072,2482,31,0,1,23460226,738,83,0,0
23579495,2081,22,0,1,23484024,532,72,0,0
23528933,710,46,0,5,23480081,664,31,0,0
23478391,1970,27,0,1,23508644,1086,74,0,0
23559458,1089,44,0,5,23469411,1203,30,0,0
23568179,1283,39,0,3,23564262,1125,52,0,0
23558433,1252,19,0,1,23543664,1243,52,0,0
23544473,1520,68,0,3,23559684,658,45,0,0
23445034,883,37,0,2,23521319,904,102,0,0
23501736,731,50,0,0,23524406,912,34,0,0
23559032,948,27,0,2,23497903,1060,51,0,0
23564855,361,23,0,4,23569660,1172,16,0,0
23563569,2193,64,0,5,23445885,1196,26,0,0
23487825,998,24,0,1,23450983,280,25,0,0
23538147,2104,26,0,4,23574847,193,31,0,0
23561821,2278,67,0,1,23513401,1742,25,0,0
23504517,1770,67,0,0,23551906,605,76,0,0
23487281,880,52,0,3,23549143,1269,53,0,0
23472177,1650,83,0,3,23577309,1369,46,0,0
23492368,776,44,0,1,23552214,1407,47,0,0
23535825,1293,82,0,1,23481889,1465,141,0,0
23458557,1262,28,0,1,23490739,442,67,0,0
23546780,795,45,0,1,23445067,558,87,0,0
23459788,1322,49,0,4,23483176,816,106,0,0
23476757,952,13,0,5,23448144,1030,29,0,0
23446909,1280,29,0,7,23571474,907,16,0,0
23514605,1603,25,0,1,23539236,478,48,0,0
23563217,873,34,0,3,23546481,1908,42,0,0
23504420,1859,42,0,4,23527536,1280,58,0,0
23513596,1928,35,0,1,23556211,1118,33,0,0
23539690,859,31,0,2,23483024,965,52,0,0
23482658,1029,65,0,0,23508658,2056,71,0,0
23450701,918,60,0,2,23446575,1573,22,0,0
23470784,970,56,0,1,23561604,650,98,0,0
23523156,228,59,0,2,23460859,2474,21,0,0
23552429,1415,50,0,2,23581993,1430,24,0,0
23522297,1171,36,0,3,23572778,1067,54,0,0
23514886,1112,36,0,1,23482578,998,61,0,0
23489660,925,55,0,1,23522814,987,37,0,0
23549678,262,49,0,10,23470827,2124,116,0,0
23520953,2083,47,0,5,23496191,831,22,0,0
23527202,1276,56,0,2,23442456,155,42,0,0
23548636,1608,81,0,2,23574054,2152,33,0,0
23527879,1154,38,0,1,23462752,1008,49,0,0
23520770,970,53,0,5,23487737,699,49,0,0
23499227,1346,55,0,0,23517468,1262,43,0,0
23524145,1153,35,0,1,23478426,1321,47,0,0
23443079,701,39,0,1,23564438,2071,38,0,0
23453729,1328,37,0,5,23450670,921,55,0,0
23474633,1686,25,0,1,23448908,516,18,0,0
23498891,1329,32,0,1,23447639,1093,30,0,0
23550825,1022,32,0,3,23458435,744,32,0,0
23563813,506,44,0,1,23442635,135,229,0,0
23560693,290,67,0,13,23516287,555,82,0,0
23565752,1648,17,0,0,23458980,1124,53,0,0
23489005,1495,26,0,6,23472438,1068,66,0,0
23440970,2299,67,0,5,23528741,2493,50,0,0
23439502,1166,41,0,1,23577667,1194,37,0,0
23563042,1421,57,0,6,23478375,1033,87,0,0
23492176,594,63,0,0,23449253,883,36,0,0
23468885,1876,87,0,1,23541184,304,45,0,0
23452887,1251,26,0,4,23528293,2441,40,0,0
23516243,992,33,0,2,23511697,406,51,0,0
23558687,1006,57,0,8,23521999,1668,71,0,0
23513486,741,54,0,1,23481368,993,58,0,0
23576160,296,18,0,3,23495659,1310,60,0,0
23495317,852,21,0,1,23463300,706,30,0,0
23544887,1190,55,0,3,23463433,2157,54,0,0
23445000,1194,22,0,3,23578264,1582,13,0,0
23553136,1825,24,0,3,23580781,1359,83,0,0
23489987,1191,75,0,1,23545508,750,51,0,0
23540997,1731,21,0,3,23557529,993,50,0,0
23541353,1559,51,0,1,23502613,1484,41,0,0
23540334,581,45,0,0,23512805,1117,43,0,0
23524684,1450,51,0,2,23494955,883,41,0,0
23544236,2276,46,0,0,23528830,1261,62,0,0
23465304,1930,91,0,4,23561733,1552,18,0,0
23497925,1402,30,0,0,23470077,367,41,0,0
23548414,754,16,0,3,23446790,1197,24,0,0
23472196,1154,46,0,1,23547964,776,45,0,0
23534602,1101,48,0,0,23510535,1000,67,0,0
23552161,2122,22,0,1,23484425,874,53,0,0
23572964,1602,52,0,2,23575914,1144,33,0,0
23554930,964,32,0,1,23463902,1466,110,0,0
23452085,1314,63,0,12,23507986,1177,59,0,0
23466645,194,53,0,4,23545150,1446,26,0,0
23575507,421,72,0,11,23462388,171,59,0,0
23565663,1304,57,0,5,23468207,2094,35,0,0
23581211,1109,51,0,2,23492016,816,28,0,0
23552902,923,45,0,0,23523444,1442,28,0,0
23570603,1548,36,0,3,23556641,246,43,0,0
23469992,551,57,0,3,23495523,957,44,0,0
23486529,980,59,0,1,23528655,867,56,0,0
23469587,1810,29,0,7,23534396,1955,58,0,0
23541810,515,59,0,2,23526086,932,75,0,0
23582686,1302,26,0,2,23577110,1655,56,0,0
23453203,1196,114,0,2,23450953,1688,60,0,0
23496829,1609,33,0,5,23493979,356,24,0,0
23514893,213,54,0,0,23447417,1345,60,0,0
23573060,972,21,0,5,23520566,517,74,0,0
23480416,831,26,0,4,23576876,1351,41,0,0
23450877,1554,60,0,1,23494765,1691,75,0,0
23567386,137,53,0,1,23583018,1270,61,0,0
23544355,1124,51,0,3,23533488,1911,34,0,0
23522031,1048,66,0,2,23547391,1257,69,0,0
23567696,1324,61,0,4,23470190,1396,44,0,0
23543878,2031,31,0,3,23488090,879,59,0,0
23446117,668,41,0,4,23534930,1366,35,0,0
23566927,1063,226,0,0,23510173,645,88,0,0
23566513,737,104,0,1,23503473,1571,26,0,0
23476794,1552,40,0,2,23489645,1158,19,0,0
23478204,1292,40,0,1,23458823,951,64,0,0
23451482,1619,28,0,6,23446227,2248,69,0,0
23545998,1773,46,0,1,23472824,943,38,0,0
23537634,1102,32,0,2,23529775,824,73,0,0
23481194,752,31,0,5,23476930,1541,32,0,0
23551693,353,39,0,1,23482715,430,25,0,0
23533327,664,60,0,0,23536132,1075,69,0,0
23561314,1251,37,0,1,23576702,902,44,0,0
23544775,1612,50,0,0,23484552,1373,49,0,0
23457239,2185,36,0,4,23556919,737,34,0,0
23588358,1605,34,0,0,23458934,2571,36,0,0
23547698,157,50,0,0,23531000,680,20,0,0
23445880,1822,15,0,10,23493988,730,25,0,0
23583838,855,20,0,1,23483806,1262,48,0,0
23553664,1690,56,0,0,23495943,119,21,0,0
23478995,342,63,0,11,23553826,922,30,0,0
23584131,1140,28,0,1,23487979,1265,40,0,0
23526740,278,57,0,0,23527477,752,57,0,0
23566529,1532,40,0,1,23564773,2555,21,0,0
23490783,676,100,0,2,23483365,851,63,0,0
23480345,1671,73,0,3,23537940,810,58,0,0
23572326,1823,49,0,3,23444885,2503,51,0,0
23479538,1137,92,0,12,23537939,1461,34,0,0
23467738,926,59,0,3,23575988,996,31,0,0
23511552,2136,59,0,2,23464622,1956,41,0,0
23519199,986,56,0,7,23485197,1320,64,0,0
23484504,816,48,0,1,23503306,1401,47,0,0
23474466,1130,31,0,2,23522569,230,29,0,0
23473455,1377,64,0,5,23567568,449,21,0,0
23565795,220,119,0,3,23509850,1689,50,0,0
23456828,1202,89,0,1,23555683,917,40,0,0
23527505,774,18,0,2,23575792,785,65,0,0
23579351,2544,39,0,0,23568894,2119,25,0,0
23517807,1556,69,0,4,23453774,1064,34,0,0
23568926,662,47,0,2,23509185,1153,42,0,0
23510272,1070,97,0,0,23523163,1002,70,0,0
23576375,1206,47,0,4,23527302,560,58,0,0
23556262,797,45,0,0,23448400,1038,33,0,0
23511836,799,18,0,8,23506687,1258,36,0,0
23576954,1191,83,0,2,23524870,2119,24,0,0
23538113,671,46,0,6,23579065,1158,67,0,0
23459843,2054,34,0,5,23526059,1961,47,0,0
23463705,285,45,0,6,23466653,1369,37,0,0
23447597,705,45,0,5,23566770,1033,94,0,0
23544221,765,28,0,5,23511190,521,20,0,0
23523188,1190,42,0,4,23460557,1608,35,0,0
23554682,944,74,0,2,23503081,1121,40,0,0
23530519,589,128,0,5,23452596,722,43,0,0
23489973,1639,34,0,1,23466488,912,27,0,0
23499556,1627,65,0,1,23526612,1109,59,0,0
23497212,396,63,0,5,23446497,484,51,0,0
23521703,1514,44,0,2,23526377,605,85,0,0
23585237,1130,75,0,1,23529633,915,225,0,0
23542514,2536,24,0,1,23545525,1514,61,0,0
23533188,1551,20,0,3,23494385,1979,27,0,0
23503366,913,39,0,0,23517876,155,73,0,0
23590140,1518,47,0,0,23468114,773,25,0,0
23572572,845,67,0,4,23542987,635,19,0,0
23515682,1313,37,0,2,23588439,746,67,0,0
23564821,819,34,0,3,23551348,623,211,0,0
23586469,1246,60,0,4,23572705,839,28,0,0
23516951,1153,84,0,6,23540936,1799,45,0,0
23516093,888,64,0,3,23448957,2126,35,0,0
23532417,832,49,0,0,23547909,1054,41,0,0
23484378,1982,35,0,0,23521339,933,36,0,0
23488471,949,43,0,0,23469724,1271,42,0,0
23531950,763,54,0,1,23483949,972,61,0,0
23541585,1668,29,0,0,23528555,1441,65,0,0
23578079,1120,47,0,11,23465179,425,30,0,0
23517254,1026,63,0,5,23575672,1052,66,0,0
23498880,1549,48,0,3,23501802,1634,22,0,0
23453206,1037,58,0,9,23546974,1052,93,0,0
23508689,921,51,0,4,23557346,1233,22,0,0
23556739,957,67,0,1,23476954,1543,66,0,0
23512794,2156,24,0,0,23501902,1314,40,0,0
23512968,1125,60,0,3,23472985,694,53,0,0
23463017,1165,84,0,5,23492653,682,31,0,0
23542307,923,19,0,1,23499995,1553,27,0,0
23558005,1555,89,0,1,23468598,1243,49,0,0
23466597,1375,81,0,0,23450164,889,41,0,0
23509101,690,34,0,1,23582028,508,64,0,0
23519923,1506,47,0,0,23527255,915,54,0,0
23459356,781,54,0,0,23507585,1644,36,0,0
23473492,306,74,0,3,23512917,1656,19,0,0
23469716,938,23,0,2,23502184,390,36,0,0
23460976,1601,61,0,4,23474392,816,33,0,0
23491797,665,55,0,4,23567320,2148,69,0,0
23581531,679,62,0,1,23575808,1184,74,0,0
23537271,1014,53,0,0,23539588,1146,65,0,0
23567693,2221,40,0,1,23507905,923,23,0,0
23508827,1130,59,0,3,23566454,859,59,0,0
23564977,899,20,0,4,23538655,611,64,0,0
23566756,1979,22,0,1,23532853,1800,36,0,0
23518461,1498,28,0,6,23585921,745,46,0,0
23495053,1149,35,0,0,23524778,947,43,0,0
23564823,437,59,0,1,23510904,637,36,0,0
23582681,524,73,0,6,23559474,1645,47,0,0
23499404,438,52,0,3,23565057,1098,44,0,0
23492169,952,23,0,2,23497717,1579,26,0,0
23452086,666,24,0,3,23474832,1277,47,0,0
23553686,647,34,0,1,23562808,262,48,0,0
23482958,1158,76,0,3,23468194,891,59,0,0
23548192,1191,61,0,0,23543341,503,61,0,0
23499545,1613,34,0,4,23513798,1206,49,0,0
23554599,1884,54,0,3,23555552,909,72,0,0
23553395,1306,65,0,0,23452052,1879,21,0,0
23522977,186,140,0,1,23562130,824,52,0,0
23591141,1107,28,0,1,23475847,1848,38,0,0
23531310,1518,57,0,2,23496451,102,71,0,0
23571519,406,47,0,3,23557357,993,66,0,0
23468776,213,67,0,9,23590283,1790,49,0,0
23452339,851,33,0,3,23590006,916,51,0,0
23562826,720,41,0,19,23561444,650,66,0,0
23525266,1377,120,0,5,23488943,1956,30,0,0
23570253,1145,54,0,4,23508397,416,36,0,0
23487435,1637,108,0,2,23546705,374,32,0,0
23582568,1250,72,0,1,23473878,914,32,0,0
23474903,2111,56,0,1,23528373,1793,23,0,0
23589905,567,29,0,1,23493175,1375,49,0,0
23581953,397,62,0,0,23529599,1727,90,0,0
23481288,1069,49,0,0,23584533,994,59,0,0
23486096,1531,27,0,0,23532686,408,82,0,0
23489250,1627,38,0,0,23462069,967,31,0,0
23529301,1051,53,0,0,23538725,865,28,0,0
23480550,955,51,0,0,23532741,629,16,0,0
23485301,726,210,0,0,23530997,769,29,0,0
23476611,971,45,0,1,23572035,1078,56,0,0
23501958,1165,51,0,1,23591231,708,33,0,0
23524898,2304,55,0,0,23555650,1410,89,0,0
23532692,840,28,0,0,23554922,1442,68,0,0
23504351,638,68,0,0,23480672,1076,25,0,0
23533983,1803,41,0,1,23489552,311,53,0,0
23561985,678,66,0,3,23514320,1899,47,0,0
23508029,2194,28,0,0,23521924,1352,66,0,0
23454963,1392,43,0,1,23493496,1964,48,0,0
23506075,1608,61,0,2,23484712,2003,68,0,0
23532726,546,23,0,2,23467230,1093,62,0,0
23539886,832,88,0,2,23562256,1114,31,0,0
23455854,1995,33,0,2,23564858,2066,36,0,0
23558848,714,47,0,1,23580624,968,21,0,0
23495183,849,22,0,1,23570819,1565,41,0,0
23544141,1578,21,0,0,23511516,1594,63,0,0
23480132,1019,39,0,3,23562519,1717,32,0,0
23492786,367,31,0,2,23452746,1019,32,0,0
23592421,327,33,0,3,23579754,2132,53,0,0
23594932,2050,69,0,3,23535944,2140,114,0,0
23572936,578,61,0,0,23517104,1794,75,0,0
23566294,1177,34,0,0,23551560,1344,66,0,0
23530611,1397,33,0,6,23478907,1122,56,0,0
23543150,2145,79,0,2,23578155,504,41,0,0
23562220,1129,82,0,0,23584550,747,61,0,0
23467881,913,50,0,3,23590145,1175,70,0,0
23475154,1554,38,0,0,23521193,2124,43,0,0
23474195,915,69,0,1,23483991,1043,42,0,0
23499287,1322,34,0,10,23569559,817,26,0,0
23539857,924,65,0,0,23458233,619,50,0,0
23490099,1605,45,0,2,23511986,1154,31,0,0
23561046,1637,46,0,0,23526181,2149,39,0,0
23492278,1004,28,0,7,23472231,295,63,0,0
23541307,1516,36,0,2,23504327,1012,17,0,0
23527986,1835,37,0,4,23487007,818,69,0,0
23541801,2264,76,0,1,23522175,931,24,0,0
23567487,839,28,0,11,23482627,585,78,0,0
23545407,1127,50,0,0,23578119,844,31,0,0
23502121,659,59,0,0,23510049,1700,85,0,0
23542813,1064,54,0,0,23587415,872,30,0,0
23478302,632,51,0,5,23506828,577,59,0,0
23472772,669,33,0,4,23555759,857,33,0,0
23525099,986,24,0,3,23524290,1770,56,0,0
23461246,1276,54,0,0,23557861,1475,31,0,0
23562923,508,29,0,3,23570173,755,78,0,0
23580043,1312,18,0,0,23589651,921,98,0,0
23568555,1393,54,0,0,23596999,1214,41,0,0
23497304,1020,87,0,3,23484797,1942,24,0,0
23575789,906,33,0,3,23564534,560,31,0,0
23597724,881,62,0,0,23482964,685,86,0,0
23580017,466,27,0,1,23518551,1793,24,0,0
23539493,1284,86,0,0,23592507,863,111,0,0
23591360,816,44,0,3,23464927,1038,16,0,0
23567072,1039,41,0,2,23493667,1872,27,0,0
23579572,1925,57,0,10,23469880,668,77,0,0
23504421,771,68,0,0,23512450,1136,19,0,0
23581001,1327,32,0,1,23487496,1350,36,0,0
23595643,613,18,0,0,23525535,1115,27,0,0
23581685,1124,24,0,3,23510315,1408,26,0,0
23481672,1982,33,0,3,23580552,149,56,0,0
23589602,1315,43,0,4,23530083,2035,27,0,0
23595821,2204,71,0,2,23547733,1017,31,0,0
23554109,633,58,0,2,23499783,1768,102,0,0
23480352,1178,18,0,1,23532986,1138,20,0,0
23474138,1810,54,0,0,23589573,2191,42,0,0
23511097,1185,13,0,0,23547366,772,68,0,0
23600516,681,29,0,0,23511626,2262,52,0,0
23568158,1707,55,0,2,23601125,1126,27,0,0
23592723,251,46,0,0,23495474,136,44,0,0
23509052,1074,45,0,1,23457496,721,65,0,0
23476839,1840,101,0,0,23572354,578,71,0,0
23502335,1752,41,0,8,23590029,661,56,0,0
23583563,1612,41,0,8,23594025,1678,81,0,0
23560233,936,29,0,3,23566558,1178,26,0,0
23571841,415,89,0,5,23573031,1244,46,0,0
23518246,966,17,0,3,23527445,1106,52,0,0
23569217,1427,68,0,3,23527491,1381,28,0,0
23569391,1193,32,0,2,23459015,1099,33,0,0
23531717,1966,32,0,2,23579836,1135,23,0,0
23591580,666,30,0,1,23514259,679,43,0,0
23524886,1541,41,0,4,23534429,1121,46,0,0
23582744,744,54,0,1,23576422,1335,56,0,0
23536503,971,76,0,0,23498745,1468,33,0,0
23480549,2283,26,0,1,23498473,1673,78,0,0
23471732,1561,32,0,6,23500640,249,30,0,0
23501245,1260,80,0,0,23472447,612,57,0,0
23584390,879,77,0,1,23547971,925,42,0,0
23549471,1203,50,0,1,23570875,1187,23,0,0
23464480,1674,20,0,3,23491395,1065,18,0,0
23516222,451,94,0,2,23517917,727,43,0,0
23479412,2437,43,0,2,23507906,1175,35,0,0
23465652,910,131,0,1,23549702,1038,26,0,0
23544379,1959,207,0,2,23464494,2141,49,0,0
23482517,536,33,0,0,23508981,970,38,0,0
23544928,592,69,0,3,23520623,815,25,0,0
23552669,816,29,0,0,23580471,1663,44,0,0
23602792,1025,34,0,5,23586253,185,79,0,0
23482332,2293,54,0,1,23527928,1817,36,0,0
23507422,549,55,0,5,23580255,1654,30,0,0
23465208,998,24,0,2,23459262,1064,80,0,0
23495344,1028,14,0,3,23534936,1399,54,0,0
23497736,1058,44,0,0,23562494,2137,26,0,0
23490991,417,27,0,3,23473421,941,39,0,0
23473055,357,37,0,5,23511215,621,15,0,0
23506288,505,105,0,3,23586746,1003,38,0,0
23584692,1116,77,0,1,23554446,2201,30,0,0
23578292,1464,30,0,4,23549118,633,31,0,0
23484908,2035,40,0,1,23552372,514,27,0,0
23562877,1666,58,0,2,23593912,199,45,0,0
23506689,1523,58,0,1,23484443,1616,26,0,0
23529804,1107,74,0,9,23459491,1239,100,0,0
23462720,895,50,0,0,23597885,428,80,0,0
23553130,1278,37,0,1,23501642,2068,524,0,0
23508960,877,53,0,1,23586758,1395,56,0,0
23599793,1019,88,0,1,23590545,1625,21,0,0
23472647,923,22,0,0,23520100,557,28,0,0
23470602,735,58,0,2,23469396,1001,20,0,0
23573450,2139,53,0,3,23552389,809,78,0,0
23564748,140,90,0,0,23578860,422,53,0,0
23464194,1895,65,0,2,23568477,1157,81,0,0
23522716,1341,42,0,1,23520553,1063,102,0,0
23570290,1008,19,0,0,23581521,477,83,0,0
23521247,937,24,0,4,23535493,1692,19,0,0
23511495,418,75,0,0,23600477,862,30,0,0
23502928,856,36,0,6,23584814,824,73,0,0
23545618,1693,48,0,0,23499460,1126,40,0,0
23486375,1633,53,0,6,23496888,682,41,0,0
23469844,1602,53,0,0,23469362,2579,23,0,0
23552654,1103,47,0,1,23598264,1050,65,0,0
23520181,1140,26,0,0,23469424,1551,59,0,0
23572069,853,54,0,4,23489667,1889,57,0,0
23558612,1132,56,0,0,23510068,1149,57,0,0
23572538,2587,41,0,2,23584670,1536,58,0,0
23554359,1083,30,0,2,23477030,1520,54,0,0
23584730,2260,41,0,2,23496328,718,79,0,0
23482405,1231,98,0,1,23496341,454,61,0,0
23596358,707,30,0,3,23590899,811,43,0,0
23603143,545,61,0,2,23603910,708,31,0,0
23583393,1421,18,0,0,23556486,2343,39,0,0
23509709,868,52,0,1,23514647,1988,50,0,0
23576836,1264,42,0,0,23576384,987,46,0,0
23532402,1207,47,0,13,23541658,392,93,0,0
23595244,1199,70,0,0,23483352,818,22,0,0
23470056,657,49,0,5,23506185,1644,54,0,0
23471073,1003,32,0,2,23546245,818,33,0,0
23514533,303,36,0,6,23580884,308,38,0,0
23559325,1059,97,0,1,23570184,1134,38,0,0
23582500,879,20,0,1,23464318,716,37,0,0
23515558,964,74,0,0,23481988,1299,39,0,0
23512589,673,73,0,1,23552140,262,35,0,0
23574837,1577,80,0,1,23489549,1883,67,0,0
23470485,1233,21,0,9,23540213,1978,64,0,0
23536688,338,62,0,7,23593664,865,29,0,0
23469999,1305,33,0,1,23554626,1098,59,0,0
23553142,1173,64,0,0,23546509,1641,42,0,0
23514949,1571,42,0,2,23599228,1454,55,0,0
23467527,1137,39,0,0,23579792,1209,38,0,0
23540953,542,36,0,0,23487253,516,31,0,0
23567177,1144,59,0,7,23594634,1684,73,0,0
23478184,2315,32,0,1,23488801,1186,25,0,0
23584437,1432,60,0,0,23533568,1517,51,0,0
23522489,2570,40,0,0,23460781,1334,25,0,0
23549040,1207,46,0,1,23596289,1460,31,0,0
23518804,1068,28,0,2,23551138,681,24,0,0
23488298,1597,31,0,2,23519859,1004,42,0,0
23564481,653,44,0,1,23527335,1275,36,0,0
23490068,823,38,0,8,23501790,1228,88,0,0
23465311,1034,39,0,12,23552616,1025,43,0,0
23510639,864,47,0,2,23585469,1905,40,0,0
23508671,846,84,0,4,23528992,1190,118,0,0
23472950,751,65,0,0,23474555,779,113,0,0
23487592,2051,45,0,5,23606179,1011,26,0,0
23602839,635,20,0,0,23551108,847,44,0,0
23503449,780,81,0,0,23523994,1540,45,0,0
23474305,1239,80,0,1,23533487,1472,25,0,0
23583363,1033,41,0,0,23578421,1170,26,0,0
23464282,594,28,0,0,23516428,962,43,0,0
23555327,1398,23,0,0,23576259,1675,31,0,0
23487512,1628,47,0,0,23579503,386,45,0,0
23484004,735,68,0,1,23601515,1004,56,0,0
23547025,996,51,0,2,23510007,1133,53,0,0
23526772,622,72,0,1,23564082,1965,53,0,0
23466308,936,39,0,4,23594116,426,28,0,0
23467105,298,37,0,1,23551670,924,26,0,0
23582524,1631,35,0,3,23515859,1953,25,0,0
23516006,2370,41,0,0,23491618,591,54,0,0
23463555,1617,88,0,2,23547412,930,15,0,0
23605501,1139,24,0,2,23607368,660,51,0,0
23523751,129,80,0,1,23581999,1861,25,0,0
23495363,983,85,0,0,23475417,1250,35,0,0
23599333,1292,33,0,1,23599796,1756,75,0,0
23464335,1974,26,0,2,23476055,1115,50,0,0
23607001,1200,46,0,1,23509912,2108,18,0,0
23484790,1274,42,0,4,23489932,1355,67,0,0
23536073,2377,58,0,2,23551515,924,45,0,0
23546816,926,61,0,1,23534934,1826,53,0,0
23550359,1156,37,0,2,23592101,1122,51,0,0
23485928,432,54,0,2,23519509,2169,38,0,0
23584822,998,37,0,0,23550131,628,31,0,0
23549220,1920,37,0,0,23604906,268,29,0,0
23604841,1174,77,0,1,23538526,580,85,0,0
23490207,997,52,0,2,23582973,1016,17,0,0
23481479,2264,49,0,3,23465662,757,95,0,0
23584338,962,24,0,0,23504124,882,68,0,0
23557233,1905,69,0,3,23606868,1440,53,0,0
23490129,1131,68,0,2,23574760,1321,71,0,0
23504110,1747,32,0,0,23499346,501,64,0,0
23521993,616,36,0,4,23492226,1775,48,0,0
23601474,639,58,0,0,23579841,1256,56,0,0
23482949,1129,38,0,4,23598616,852,44,0,0
23474618,270,70,0,2,23579429,641,40,0,0
23578289,642,52,0,0,23512207,1023,29,0,0
23592081,955,89,0,2,23557552,1592,64,0,0
23572356,620,115,0,0,23535441,339,44,0,0
23540485,1390,62,0,4,23476603,1607,57,0,0
23551927,930,61,0,11,23579191,1688,66,0,0
23510059,2387,39,0,2,23587011,1005,27,0,0
23595671,908,71,0,1,23571173,637,25,0,0
23601304,1255,26,0,0,23501988,1046,14,0,0
23580568,920,34,0,4,23493182,312,52,0,0
23586113,897,32,0,2,23588628,1637,59,0,0
23572533,1778,58,0,1,23489149,1658,29,0,0
23602927,1801,58,0,0,23577516,1098,27,0,0
23473704,2354,50,0,6,23541126,1436,62,0,0
23606786,1961,33,0,4,23499515,1877,51,0,0
23527666,663,44,0,1,23500044,661,27,0,0
23607235,778,65,0,1,23587637,2420,65,0,0
23529139,205,62,0,1,23482394,2346,26,0,0
23530295,1007,36,0,1,23565858,1587,60,0,0
23507703,931,31,0,4,23522694,1454,36,0,0
23524536,952,17,0,0,23546343,1133,29,0,0
23569268,2394,19,0,3,23557293,1788,60,0,0
23541543,1587,28,0,2,23475459,1529,33,0,0
23530592,2016,52,0,5,23495269,785,26,0,0
23573866,690,62,0,9,23497150,1144,38,0,0
23509734,1129,28,0,1,23473526,1324,76,0,0
23601752,507,54,0,3,23589062,1462,32,0,0
23496902,2063,24,0,1,23473762,565,50,0,0
23534382,1149,57,0,3,23589047,1136,48,0,0
23482586,1096,38,0,1,23472842,710,77,0,0
23596294,301,39,0,2,23611724,818,32,0,0
23514051,848,33,0,7,23473039,1544,27,0,0
23578781,1433,12,0,8,23469652,1110,73,0,0
23500994,1648,58,0,6,23573702,2237,29,0,0
23544335,1441,61,0,1,23575935,1115,24,0,0
23569688,1185,36,0,12,23540739,1892,30,0,0
23525762,613,82,0,1,23512536,846,39,0,0
23569925,963,48,0,1,23607504,1031,30,0,0
23536668,585,29,0,2,23612193,2334,27,0,0
23553020,838,56,0,0,23607640,720,63,0,0
23503582,2068,60,0,0,23589243,1582,27,0,0
23490556,679,100,0,3,23534366,1870,43,0,0
23576528,1425,43,0,3,23576806,861,55,0,0
23501990,653,50,0,12,23600589,660,21,0,0
23555283,946,80,0,5,23518252,866,13,0,0
23570790,1210,70,0,0,23495572,617,46,0,0
23507787,1367,32,0,3,23474515,1677,39,0,0
23491758,930,46,0,1,23568375,804,42,0,0
23545921,2621,45,0,8,23594971,682,34,0,0
23560795,1793,26,0,5,23608748,1920,33,0,0
23526652,1434,55,0,5,23517811,840,46,0,0
23497030,134,67,0,3,23528075,654,56,0,0
23570119,1749,28,0,0,23537929,1790,73,0,0
23498958,123,58,0,4,23585728,1881,54,0,0
23570947,1539,23,0,0,23603708,1638,62,0,0
23524806,1082,58,0,0,23565258,1609,55,0,0
23556350,1445,25,0,0,23582597,1363,27,0,0
23546380,1733,54,0,4,23571302,257,49,0,0
23511503,1209,28,0,5,23489468,2592,36,0,0
23570283,1043,68,0,3,23582875,1288,64,0,0
23585903,1898,42,0,9,23571974,1106,30,0,0
23597648,1670,49,0,1,23547853,1690,44,0,0
23610064,2100,37,0,1,23552436,1355,36,0,0
23571447,871,54,0,4,23518558,1302,70,0,0
23487489,1108,40,0,2,23583507,820,70,0,0
23606737,911,22,0,11,23472049,1958,49,0,0
23507018,430,31,0,0,23509690,1233,88,0,0
23507117,2407,55,0,1,23568954,1799,27,0,0
23524567,1674,42,0,4,23504498,2012,24,0,0
23499741,1103,32,0,5,23551373,1044,53,0,0
23516748,520,61,0,12,23511200,702,59,0,0
23564565,1518,45,0,3,23474441,800,34,0,0
23603054,377,27,0,1,23580260,1725,46,0,0
23550632,989,26,0,3,23578061,1430,45,0,0
23478438,1420,55,0,0,23492206,982,33,0,0
23541405,1743,40,0,0,23515343,1128,26,0,0
23583646,1147,40,0,0,23564806,1038,35,0,0
23518594,419,39,0,1,23519702,1281,86,0,0
23535542,1909,40,0,1,23585628,1477,93,0,0
23564739,2125,20,0,1,23602902,2155,37,0,0
23519529,765,33,0,1,23490690,760,50,0,0
23575433,788,16,0,1,23520548,1805,24,0,0
23539920,889,38,0,0,23569175,1144,26,0,0
23515375,1571,30,0,2,23470559,485,79,0,0
23520206,937,24,0,0,23484217,555,58,0,0
23598617,1179,37,0,4,23532322,1974,31,0,0
23501021,674,74,0,0,23602155,1513,51,0,0
23487811,892,36,0,1,23585218,1252,45,0,0
23476299,353,62,0,0,23521718,877,50,0,0
23604104,1470,31,0,4,23521432,1665,30,0,0
23609739,1662,76,0,1,23603548,1171,87,0,0
23537981,951,177,0,3,23598111,562,27,0,0
23490064,1156,59,0,0,23476676,1101,35,0,0
23571901,1837,45,0,0,23475694,1572,69,0,0
23611139,1054,23,0,2,23586503,1588,80,0,0
23608548,2046,49,0,3,23558680,867,33,0,0
23534243,2106,21,0,1,23525760,1677,51,0,0
23607898,697,21,0,4,23581233,727,42,0,0
23598510,1689,67,0,4,23486898,241,120,0,0
23575042,861,34,0,0,23596447,939,39,0,0
23588064,1361,44,0,2,23514959,696,57,0,0
23612430,1154,39,0,3,23495416,1205,66,0,0
23610218,1454,53,0,1,23521766,640,31,0,0
23592817,1180,25,0,1,23519225,1796,67,0,0
23614024,674,27,0,1,23496087,2347,37,0,0
23496551,1184,34,0,4,23518951,1739,49,0,0
23491360,885,40,0,1,23596651,1099,34,0,0
23603075,999,84,0,0,23492067,1242,44,0,0
23541987,1523,19,0,9,23501047,876,62,0,0
23598479,1229,67,0,0,23594257,983,12,0,0
23583648,1361,20,0,5,23474164,938,74,0,0
23491105,1473,31,0,3,23485786,887,52,0,0
23590069,1505,50,0,1,23524959,1386,43,0,0
23544683,2075,59,0,2,23580789,1680,29,0,0
23570598,2218,71,0,8,23526214,1184,103,0,0
23541374,2027,31,0,5,23525144,805,56,0,0
23525690,1072,53,0,1,23526850,506,53,0,0
23601094,828,57,0,4,23503680,1040,42,0,0
23573601,1697,217,0,1,23502225,1395,79,0,0
23548953,1399,40,0,1,23530727,1315,64,0,0
23581684,909,115,0,0,23556195,1351,63,0,0
23492111,868,66,0,2,23575554,1288,52,0,0
23533020,2196,54,0,4,23601589,1074,58,0,0
23612802,956,32,0,2,23482552,696,50,0,0
23589901,1310,41,0,2,23562073,1615,30,0,0
23599096,1520,42,0,0,23507200,1390,60,0,0
23486561,1168,42,0,1,23542453,474,37,0,0
23484898,1750,81,0,0,23579609,2594,44,0,0
23501588,545,28,0,0,23533382,105,53,0,0
23564377,1581,56,0,1,23565320,1512,46,0,0
23536294,1198,78,0,2,23529843,895,24,0,0
23532845,1296,48,0,5,23501718,1300,38,0,0
23571135,1639,44,0,4,23510850,747,75,0,0
23562062,121,47,0,8,23582708,840,47,0,0
23507121,1768,31,0,2,23610400,869,37,0,0
23561001,1146,48,0,1,23567537,2121,56,0,0
23580111,1209,38,0,0,23541600,1127,112,0,0
23539363,1356,24,0,3,23476805,971,53,0,0
23561577,1573,19,0,2,23479939,734,229,0,0
23605298,1675,63,0,1,23513007,831,24,0,0
23488980,734,16,0,1,23529928,970,104,0,0
23514333,1510,16,0,2,23542236,914,52,0,0
23602170,1238,22,0,1,23612922,754,33,0,0
23525078,1296,16,0,3,23570205,1054,31,0,0
23543327,1409,21,0,1,23501687,804,30,0,0
23586527,520,45,0,2,23584846,2323,45,0,0
23481573,575,42,0,2,23602202,1657,29,0,0
23538837,1494,87,0,3,23582149,793,55,0,0
23544101,270,31,0,1,23478911,1159,38,0,0
23549626,897,43,0,1,23522485,2163,41,0,0
23615430,1003,39,0,2,23540288,802,66,0,0
23507259,2129,100,0,2,23566236,1016,27,0,0
23531374,2166,40,0,0,23479681,188,140,0,0
23613327,2200,37,0,1,23602454,818,47,0,0
23610305,291,70,0,1,23534651,1451,43,0,0
23480258,1721,54,0,0,23596785,1207,36,0,0
23590332,643,38,0,3,23592182,857,57,0,0
23557597,657,84,0,1,23565053,1147,66,0,0
23549781,856,82,0,1,23587279,2172,20,0,0
23523263,1124,58,0,5,23579886,1175,27,0,0
23496490,1240,50,0,1,23536349,785,76,0,0
23519673,1515,51,0,0,23535631,694,53,0,0
23511445,1466,41,0,0,23571156,812,53,0,0
23479349,368,55,0,4,23552864,1750,32,0,0
23618362,1186,30,0,7,23569137,1578,74,0,0
23593076,774,59,0,2,23549192,760,34,0,0
23572383,2463,51,0,3,23562463,1021,22,0,0
23591968,158,25,0,8,23532982,2578,47,0,0
23552287,1042,66,0,3,23485709,2146,30,0,0
23570002,1041,28,0,13,23526115,1142,47,0,0
23580906,712,23,0,2,23516661,2238,79,0,0
23552300,1944,52,0,2,23610373,1919,43,0,0
23541573,837,35,0,2,23503857,1156,45,0,0
23590073,1765,75,0,1,23567276,772,43,0,0
23552789,1151,31,0,2,23535284,1758,40,0,0
23545925,970,60,0,3,23575049,1272,63,0,0
23616849,2127,17,0,0,23501255,629,47,0,0
23524691,1365,223,0,3,23515552,1560,30,0,0
23482055,1266,41,0,1,23621705,632,51,0,0
23602276,660,30,0,3,23619710,863,96,0,0
23494441,462,54,0,2,23525933,1100,35,0,0
23583526,2179,70,0,6,23488261,279,69,0,0
23604132,2341,33,0,2,23578771,1413,85,0,0
23581149,784,120,0,0,23508990,1396,42,0,0
23574299,2589,43,0,3,23541259,756,89,0,0
23584973,1031,44,0,0,23548622,1988,32,0,1
23563658,1333,127,0,4,23550879,638,64,0,0
23514507,1548,25,0,1,23621710,648,51,0,0
23578159,1204,33,0,1,23516579,1254,31,0,0
23548092,929,92,0,1,23543701,1644,40,0,0
23517392,2033,34,0,6,23554411,1699,70,0,0
23496430,799,39,0,1,23512539,1259,80,0,0
23540182,1106,39,0,2,23541280,1239,88,0,0
23543378,1717,18,0,2,23527888,632,30,0,0
23513554,1693,41,0,1,23604520,1919,72,0,0
23607725,1391,59,0,1,23552406,258,44,0,0
23595741,1166,29,0,8,23558907,1386,59,0,0
23517003,459,42,0,6,23487734,1675,22,0,0
23508651,1177,46,0,1,23607171,438,79,0,0
23571209,1170,69,0,1,23558703,1976,29,0,0
23485663,1148,37,0,3,23548043,882,21,0,0
23523487,762,89,0,1,23555050,1579,41,0,0
23553100,1130,314,0,7,23556521,1526,47,0,0
23546382,1224,66,0,2,23541894,1657,26,0,0
23548796,1236,32,0,1,23602812,1642,49,0,0
23562364,481,60,0,0,23540001,880,74,0,0
23522369,1731,45,0,2,23622194,547,39,0,0
23597333,2123,46,0,0,23522365,1071,41,0,0
23521771,1028,50,0,1,23510878,1034,52,0,0
23534378,1295,63,0,6,23555073,1359,33,0,0
23502113,1675,96,0,1,23481789,1429,45,0,0
23514808,204,26,0,2,23609513,1018,75,0,0
23479051,2563,45,0,0,23545374,1227,18,0,0
23575378,1920,20,0,1,23557684,1387,52,0,0
23540455,1383,42,0,0,23530838,1806,36,0,0
23594192,820,32,0,0,23522737,1401,37,0,0
23548626,609,36,0,7,23486202,841,61,0,0
23526174,1503,46,0,2,23583034,1794,44,0,0
23559681,1727,41,0,3,23541176,675,99,0,0
23519440,1054,116,0,1,23560800,2191,47,0,0
23525432,634,68,0,6,23560848,1152,66,0,0
23597459,2000,51,0,0,23616345,1625,45,0,0
23584175,688,74,0,0,23517064,743,96,0,0
23581583,564,30,0,1,23571488,1015,48,0,0
23551960,754,43,0,3,23583908,432,67,0,0
23611743,856,77,0,3,23512719,1852,34,0,0
23478166,313,65,0,5,23591632,401,48,0,0
23588394,2230,30,0,0,23562749,1688,17,0,0
23622896,211,118,0,0,23620209,1625,45,0,0
23485318,477,23,0,2,23495251,646,19,0,0
23527479,1228,47,0,2,23502409,1375,79,0,0
23577948,1654,83,0,4,23548408,1075,43,0,0
23513814,438,65,0,2,23578996,1360,33,0,0
23515048,1425,35,0,1,23582389,885,45,0,0
23578109,944,38,0,3,23567060,1175,64,0,0
23481546,1829,34,0,5,23583347,1211,36,0,0
23602367,2146,61,0,1,23511082,1102,47,0,0
23546966,2482,55,0,1,23481011,1033,46,0,0
23622274,1834,33,0,7,23585778,1257,56,0,0
23577034,1648,91,0,1,23554085,114,24,0,0
23624339,1270,29,0,1,23537659,1067,49,0,0
23508590,1324,57,0,0,23601099,1033,45,0,0
23547383,733,58,0,2,23576177,400,105,0,0
23587592,444,63,0,1,23585483,783,42,0,0
23623564,610,45,0,0,23516155,442,69,0,0
23569719,1168,40,0,0,23507821,1578,42,0,0
23495340,1708,54,0,1,23572421,1075,40,0,0
23495608,512,41,0,1,23599933,1761,48,0,0
23613910,1126,66,0,1,23482543,1265,34,0,0
23513251,1221,44,0,1,23613933,1236,22,0,0
23546038,1538,20,0,0,23560267,1627,21,0,0
23571894,2197,62,0,0,23581948,1442,39,0,0
23559106,1408,37,0,2,23619248,2593,43,0,0
23533365,898,41,0,0,23482669,644,44,0,0
23527801,1079,28,0,1,23495354,2114,49,0,0
23524441,1132,81,0,0,23596540,1621,54,0,0
23568520,1618,38,0,0,23603906,898,37,0,0
23528193,906,28,0,2,23495135,1723,28,0,0
23566874,1250,43,0,1,23511475,1431,65,0,0
23589129,2598,49,0,2,23614656,1340,90,0,0
23480101,1044,44,0,2,23620440,1340,46,0,0
23567033,2338,60,0,5,23500515,2598,40,0,0
23612369,972,38,0,0,23553443,1652,21,0,0
23526484,2066,66,0,2,23539293,1067,25,0,0
23482619,1224,61,0,4,23583574,868,28,0,0
23602425,1196,170,0,3,23527684,1641,73,0,0
23565662,1086,33,0,0,23570213,1295,38,0,0
23573177,127,150,0,0,23615105,978,28,0,0
23603974,1316,39,0,0,23564089,1015,40,0,0
23609812,1129,28,0,2,23480893,1048,35,0,0
23534386,1049,48,0,2,23565185,490,62,0,0
23575331,877,119,0,1,23556510,1361,39,0,0
23579765,2183,70,0,1,23499443,1864,73,0,0
23628637,820,200,0,1,23601896,991,22,0,0
23485487,1063,63,0,2,23544491,1665,37,0,0
23506191,1773,56,0,2,23487291,676,48,0,0
23575253,607,46,0,10,23580026,1352,63,0,0
23575607,1273,36,0,1,23512371,1521,65,0,0
23618076,1555,34,0,2,23519394,2003,43,0,0
23512126,938,59,0,1,23484313,1634,89,0,0
23549757,1371,40,0,6,23576818,1318,47,0,0
23526894,2189,40,0,1,23606331,2194,34,0,0
23490339,1657,44,0,1,23565323,569,30,0,0
23569363,895,79,0,3,23564586,1181,52,0,0
23481829,1724,58,0,0,23619799,1125,38,0,0
23543237,605,56,0,1,23534022,1447,58,0,0
23554316,629,40,0,1,23603843,1741,71,0,0
23524195,1829,44,0,3,23485394,2340,41,0,0
23539511,527,58,0,1,23496334,628,83,0,0
23607913,925,50,0,1,23511685,1180,47,0,0
23556434,103,57,0,1,23529538,1774,66,0,0
23574677,1641,79,0,2,23547464,970,57,0,0
23590146,1347,33,0,3,23532868,1610,37,0,0
23569267,1334,41,0,1,23554977,1857,79,0,0
23494658,1157,28,0,2,23523564,1014,59,0,0
23610675,374,59,0,0,23549928,1208,35,0,0
23539996,1652,40,0,1,23536667,1192,21,0,0
23563705,329,53,0,9,23604050,987,33,0,0
23607637,1306,46,0,1,23596206,1060,41,0,0
23551052,658,39,0,3,23585129,1634,53,0,0
23485880,497,41,0,0,23556462,1903,75,0,0
23494082,1745,40,0,4,23609543,1321,22,0,0
23588978,1018,54,0,3,23595033,1722,39,0,0
23544959,462,34,0,4,23549532,426,43,0,0
23622248,653,43,0,4,23626782,1769,32,0,0
23558632,1814,81,0,2,23554406,1966,32,0,0
23490357,909,28,0,1,23575335,824,58,0,0
23560287,356,32,0,2,23510777,517,34,0,0
23511765,243,73,0,2,23533278,1189,59,0,0
23501673,843,34,0,2,23481642,736,31,0,0
23589697,285,82,0,1,23587994,751,36,0,0
23607024,1218,37,0,0,23606258,229,26,0,0
23559862,1691,46,0,2,23568138,1568,43,0,0
23597811,1325,69,0,1,23519427,1022,95,0,0
23577186,1716,34,0,1,23521762,1050,49,0,0
23488131,903,60,0,6,23626462,1371,33,0,0
23600158,763,44,0,1,23507692,2484,105,0,0
23482701,596,28,0,6,23549408,778,95,0,0
23575305,1027,43,0,0,23615924,520,78,0,0
23526649,1814,24,0,0,23488763,1686,110,0,0
23590522,1651,110,0,2,23577014,490,29,0,0
23578310,617,49,0,6,23510963,2511,32,0,0
23627051,1612,16,0,4,23632008,491,60,0,0
23568429,972,55,0,3,23499752,346,29,0,0
23493156,653,228,0,6,23508190,1414,84,0,0
23484683,2123,28,0,0,23600829,624,34,0,0
23595364,2286,31,0,0,23537704,1325,31,0,0
23544031,245,74,0,2,23585398,2506,27,0,0
23481691,1545,52,0,1,23575810,823,36,0,0
23503537,1097,97,0,1,23534302,1179,28,0,0
23591144,748,26,0,0,23596557,1817,40,0,0
23548891,541,33,0,2,23601709,1531,45,0,0
23540209,1162,44,0,1,23595954,1044,26,0,0
23536129,594,31,0,4,23578621,1398,46,0,0
23491898,1043,95,0,2,23615312,2129,42,0,0
23527132,1031,81,0,1,23528431,1520,56,0,0
23550238,804,100,0,1,23519490,983,44,0,0
23580846,985,29,0,0,23527577,2471,44,0,0
23572257,832,67,0,0,23562174,616,40,0,0
23547388,219,58,0,1,23624010,1010,52,0,0
23617317,1828,86,0,2,23598653,698,27,0,0
23491980,675,34,0,10,23486351,1207,34,0,0
23571985,938,36,0,6,23542768,374,42,0,0
23492651,1465,78,0,8,23633322,1648,25,0,0
23499483,529,89,0,0,23533622,2254,46,0,0
23577931,691,27,0,0,23507171,1805,45,0,0
23534379,1001,31,0,2,23561519,1051,82,0,0
23541772,1482,38,0,2,23586449,1316,71,0,0
23485879,1824,28,0,0,23548182,1774,49,0,0
23569620,427,22,0,0,23561833,1787,30,0,0
23574962,1128,56,0,2,23512623,1487,61,0,0
23489110,473,24,0,4,23521035,552,107,0,0
23586016,1154,32,0,0,23550060,1472,65,0,0
23595662,1953,36,0,2,23622447,1207,40,0,0
23516180,739,81,0,0,23619393,1110,65,0,0
23575525,1453,36,0,0,23538917,2449,38,0,0
23540806,1300,36,0,4,23496594,1632,18,0,0
23516725,1332,40,0,0,23607332,1333,43,0,0
23548981,2475,32,0,0,23512925,270,38,0,0
23500608,660,31,0,0,23592213,1475,47,0,0
23574370,1292,38,0,0,23581472,964,76,0,0
23523390,967,24,0,0,23572329,266,67,0,0
23522787,137,38,0,4,23599426,251,52,0,0
23546664,216,81,0,3,23630106,1105,33,0,0
23610949,425,59,0,2,23589084,887,36,0,0
23596974,839,49,0,1,23634834,592,50,0,0
23555651,1627,19,0,0,23598996,782,38,0,0
23562012,2475,38,0,7,23616936,1266,27,0,0
23495852,450,55,0,1,23571321,1505,58,0,0
23494081,651,50,0,1,23555220,1634,21,0,0
23609186,680,42,0,5,23601466,981,29,0,0
23557493,2265,22,0,2,23603097,1430,49,0,0
23594892,909,48,0,1,23575379,1595,28,0,0
23607665,1610,47,0,1,23584128,1193,44,0,0
23576324,464,36,0,3,23598444,1904,23,0,1
23510970,898,33,0,0,23491351,896,44,0,0
23499182,680,35,0,0,23603060,1592,79,0,0
23623728,788,41,0,1,23623562,1247,55,0,0
23596272,1704,34,0,0,23487228,1542,58,0,0
23488045,2289,56,0,1,23569150,1327,34,0,0
23633594,932,57,0,0,23583361,381,55,0,0
23568251,1332,32,0,7,23494892,1386,67,0,0
23635598,666,62,0,7,23631298,1335,30,0,0
23585273,1390,33,0,2,23631127,1265,33,0,0
23523541,1134,34,0,0,23512348,1092,75,0,0
23621784,1223,28,0,4,23636224,1722,34,0,0
23559707,937,28,0,1,23529654,1176,159,0,0
23532176,1905,47,0,1,23512951,1117,52,0,0
23513908,1309,51,0,3,23615300,743,95,0,0
23515664,2301,29,0,3,23615108,1497,40,0,0
23531403,1137,62,0,5,23543143,1387,45,0,0
23549621,2430,59,0,1,23578514,1225,36,0,0
23576258,971,65,0,2,23528116,669,34,0,0
23510270,440,29,0,0,23575313,915,51,0,0
23590795,1485,26,0,0,23603639,1119,62,0,0
23553347,1418,45,0,0,23537711,2427,72,0,0
23581714,1472,17,0,2,23487273,1663,41,0,0
23574810,622,49,0,2,23589418,1655,20,0,0
23571248,1069,19,0,1,23565633,1090,53,0,0
23488267,2191,22,0,2,23507937,1314,41,0,1
23496318,723,51,0,1,23620285,1456,44,0,0
23551792,509,89,0,2,23611043,902,95,0,0
23573289,511,101,0,0,23596045,846,53,0,0
23590364,755,34,0,4,23534774,687,62,0,0
23527919,823,53,0,2,23603226,1572,66,0,0
23631086,1008,49,0,1,23561535,1029,27,0,0
23492490,2067,57,0,2,23627752,278,44,0,0
23618059,2157,64,0,1,23617889,775,63,0,0
23495587,1388,116,0,3,23573728,810,27,0,0
23583440,1290,49,0,3,23592551,963,37,0,0
23577458,766,136,0,0,23538762,1670,28,0,0
23532307,887,25,0,5,23598985,856,30,0,0
23585001,264,36,0,0,23527489,869,37,0,0
23558066,985,37,0,0,23619763,854,28,0,0
23588670,1365,70,0,0,23524008,1127,147,0,0
23533267,739,34,0,4,23534179,1575,46,0,0
23556887,1724,18,0,1,23615061,282,28,0,1
23591834,629,96,0,4,23590031,681,78,0,0
23628886,900,28,0,3,23565552,2301,37,0,0
23496671,2056,36,0,0,23500433,1291,77,0,0
23521661,540,21,0,6,23504002,1605,39,0,0
23569392,606,46,0,0,23544078,1827,42,0,0
23588515,918,54,0,1,23513782,2013,48,0,1
23637083,1961,47,0,0,23487374,1617,51,0,0
23614078,2334,120,0,8,23537484,1806,42,0,0
23520549,887,56,0,2,23538203,1134,43,0,0
23485291,427,57,0,1,23608490,701,84,0,0
23504817,571,44,0,1,23527703,1349,62,0,0
23497812,1437,46,0,1,23630891,1052,43,0,0
23606106,724,34,0,4,23492871,1879,28,0,0
23583430,412,107,0,0,23584313,1105,25,0,0
23604185,785,22,0,2,23496293,1184,28,0,0
23573779,712,63,0,0,23580128,2521,35,0,0
23513770,748,39,0,1,23550727,139,25,0,0
23499219,969,69,0,3,23606143,1931,59,0,0
23627918,880,27,0,2,23577019,582,62,0,0
23511370,342,78,0,4,23571821,1202,44,0,0
23637047,663,35,0,0,23547470,2051,22,0,0
23590232,610,63,0,3,23518791,569,68,0,0
23551145,1379,40,0,1,23616375,747,35,0,0
23627626,1149,35,0,1,23547060,1383,85,0,0
23597226,543,69,0,7,23621711,1059,45,0,0
23536651,1128,40,0,3,23599356,1111,85,0,0
23558557,813,59,0,1,23581494,2063,63,0,0
23534824,937,54,0,2,23561280,857,23,0,0
23556107,1421,18,0,1,23593617,1393,83,0,0
23566098,964,32,0,4,23562190,799,57,0,0
23570310,693,59,0,1,23529170,967,41,0,0
23500070,1038,51,0,0,23589217,912,38,0,0
23519611,684,43,0,2,23602387,998,45,0,1
23525160,2005,57,0,0,23527152,1021,71,0,0
23545492,1321,49,0,2,23592226,874,42,0,1
23618328,1165,96,0,0,23618360,518,76,0,0
23526207,1327,47,0,11,23596231,1871,45,0,0
23592963,1027,74,0,3,23624084,1049,26,0,0
23494943,1317,24,0,0,23559118,1686,38,0,0
23544944,1072,34,0,1,23559818,935,63,0,1
23631641,1953,27,0,2,23569914,1303,55,0,0
23573024,1367,25,0,3,23598903,302,65,0,0
23555719,1457,32,0,2,23539003,245,29,0,0
23575047,1258,29,0,0,23611669,1071,36,0,0
23499492,1696,27,0,0,23567971,1287,97,0,0
23573497,1539,40,0,2,23496150,1218,55,0,0
23609879,1316,37,0,2,23584072,762,43,0,0
23556573,1518,22,0,0,23607523,985,35,0,0
23573165,1650,45,0,1,23527201,1899,44,0,0
23603489,1001,43,0,1,23488517,665,26,0,0
23580556,769,35,0,2,23571728,1209,29,0,0
23525043,1412,30,0,1,23525131,848,40,0,1
23582967,2176,40,0,3,23609591,1386,33,0,1
23567502,1385,27,0,5,23610702,154,51,0,0
23568967,1163,64,0,1,23640552,510,52,0,0
23585201,972,55,0,1,23534865,378,36,0,1
23541737,1768,38,0,0,23608810,1090,43,0,0
23625903,1211,52,0,10,23638914,723,31,0,0
23639713,897,58,0,1,23574984,239,44,0,0
23514854,889,28,0,6,23526933,1215,57,0,0
23640405,1693,61,0,1,23527218,657,49,0,0
23601972,1170,41,0,5,23639919,1895,40,0,0
23589564,691,54,0,2,23533845,816,53,0,0
23579259,1680,26,0,0,23541178,1811,66,0,0
23598033,515,51,0,2,23578140,777,35,0,0
23525890,926,49,0,1,23495835,1266,62,0,0
23586767,708,58,0,3,23547984,969,96,0,0
23613467,1918,29,0,0,23595612,1094,62,0,0
23557479,1459,58,0,3,23532513,1021,29,0,0
23622436,1955,33,0,1,23581187,1019,48,0,0
23542316,1318,54,0,0,23602224,1051,37,0,0
23606640,833,30,0,0,23523020,1054,51,0,0
23605636,697,52,0,3,23588917,509,31,0,0
23635795,1734,38,0,9,23537455,2556,41,0,0
23563870,1648,36,0,1,23625765,1683,54,0,0
23565407,1493,72,0,2,23635926,1081,43,0,1
23593692,2130,35,0,1,23622291,1300,49,0,0
23605722,1331,26,0,17,23500002,1401,50,0,0
23513668,522,49,0,0,23507771,785,23,0,0
23632352,1915,51,0,3,23532586,827,20,0,0
23585348,998,88,0,4,23597493,1596,34,0,0
23579027,631,109,0,1,23499588,820,30,0,0
23599220,910,227,0,2,23562907,1356,42,0,0
23556241,1634,18,0,3,23628953,1735,58,0,0
23551270,1663,65,0,1,23597158,930,27,0,0
23605115,1637,55,0,5,23569680,415,38,0,0
23521340,1638,31,0,0,23564715,371,87,0,0
23601423,1926,50,0,3,23503596,303,58,0,0
23625062,1288,65,0,1,23622830,451,60,0,0
23497935,1113,53,0,2,23545437,1147,40,0,0
23548869,464,93,0,1,23530025,1087,54,0,0
23494546,1409,29,0,1,23495283,935,42,0,0
23516138,1111,35,0,5,23538402,1248,33,0,0
23569804,2064,62,0,7,23513821,263,38,0,0
23541179,451,45,0,3,23552612,2162,43,0,0
23549975,1284,45,0,6,23502035,819,31,0,0
23641967,745,58,0,4,23644198,1402,54,0,0
23588022,585,25,0,5,23640448,693,93,0,0
23546118,619,35,0,2,23604473,427,18,0,0
23624429,1981,28,0,3,23639025,1661,33,0,0
23619669,1954,53,0,1,23531444,2608,41,0,0
23512817,1248,41,0,0,23600854,227,69,0,0
23524960,1984,47,0,1,23618073,1713,59,0,0
23638983,759,64,0,2,23599230,647,68,0,0
23520456,1592,24,0,1,23575404,1352,40,0,0
23578247,1300,37,0,0,23516208,1240,23,0,0
23636363,1325,37,0,2,23572129,968,49,0,0
23587015,801,105,0,2,23579686,1031,34,0,0
23630173,1063,53,0,1,23596102,1580,44,0,0
23640474,1567,45,0,5,23611615,1752,74,0,0
23633133,1284,69,0,2,23622064,933,43,0,0
23598952,941,29,0,8,23644845,726,13,0,0
23644637,1116,73,0,6,23633268,1686,27,0,0
23598857,1709,76,0,0,23565312,1078,86,0,0
23495012,619,49,0,4,23587778,1277,31,0,0
23621466,604,81,0,4,23586690,1592,53,0,0
23506125,645,79,0,1,23643685,1194,91,0,0
23519266,1707,39,0,1,23626635,1225,53,0,0
23624490,701,64,0,1,23544468,630,32,0,0
23550682,1709,50,0,1,23502062,1293,24,0,0
23639009,1852,47,0,0,23575497,1405,55,0,0
23644875,1202,48,0,5,23534230,200,44,0,0
23623077,1221,84,0,0,23504782,867,50,0,0
23631135,540,55,0,5,23632500,1459,43,0,0
23563227,566,60,0,0,23533181,624,52,0,0
23519195,583,53,0,2,23632326,1623,41,0,0
23617861,938,152,0,1,23606162,748,60,0,0
23560660,1961,61,0,1,23591779,851,34,0,0
23562606,126,67,0,3,23616816,1218,63,0,0
23545247,1148,27,0,0,23622146,1716,33,0,0
23529040,1549,35,0,3,23617528,768,44,0,0
23555674,1317,29,0,2,23562468,2348,39,0,0
23518857,1018,54,0,4,23549429,109,89,0,0
23577864,624,42,0,0,23578028,2121,50,0,0
23528743,740,43,0,3,23631664,1691,68,0,0
23592924,238,25,0,0,23608388,985,27,0,0
23622940,954,30,0,2,23633191,1489,44,0,0
23530579,813,31,0,1,23511354,650,96,0,0
23584447,1384,42,0,5,23640123,843,30,0,0
23640055,639,22,0,3,23589772,1504,51,0,0
23633828,1912,73,0,1,23579175,1705,55,0,0
23611234,1018,43,0,1,23630638,951,112,0,0
23643076,738,36,0,1,23544183,612,57,0,0
23580967,1154,25,0,1,23635597,1049,162,0,0
23571026,815,63,0,0,23645579,1264,61,0,0
23554283,1126,39,0,2,23617711,1576,28,0,0
23575230,1192,22,0,0,23521052,992,19,0,0
23639721,2019,76,0,0,23498158,1872,16,0,0
23639105,1542,65,0,3,23582064,1126,164,0,0
23514910,1020,38,0,0,23587257,1367,33,0,0
23536324,959,42,0,4,23547058,576,57,0,0
23591568,713,33,0,2,23544450,875,20,0,0
23548928,1331,74,0,3,23638687,889,23,0,0
23559199,2086,29,0,1,23564039,916,58,0,0
23549374,1504,18,0,0,23584304,461,67,0,0
23631822,2245,50,0,2,23508115,1308,43,0,0
23593301,2160,53,0,2,23603720,991,95,0,0
23547510,931,16,0,3,23610648,418,61,0,0
23569891,1667,27,0,2,23549453,1421,19,0,0
23629600,1500,31,0,6,23547963,1506,62,0,0
23646879,901,40,0,1,23537772,2427,18,0,0
23573753,1340,21,0,2,23598311,795,51,0,0
23596068,1689,41,0,2,23552482,2214,68,0,0
23526767,605,23,0,0,23628831,946,26,0,0
23520792,381,101,0,4,23548531,813,58,0,0
23572139,980,55,0,0,23572055,612,35,0,0
23610459,983,32,0,3,23633708,922,30,0,0
23540931,1018,37,0,2,23626877,464,58,0,0
23548702,1279,39,0,0,23534472,1785,100,0,0
23531601,1360,84,0,2,23559488,2193,70,0,0
23590769,962,44,0,0,23520862,1907,80,0,0
23503846,2232,49,0,3,23576181,539,24,0,0
23576821,859,42,0,1,23631905,1566,38,0,0
23541426,1467,63,0,1,23534988,1032,25,0,0
23516368,617,34,0,1,23574429,250,58,0,0
23564043,927,25,0,3,23620117,989,55,0,0
23606854,1640,80,0,3,23619087,959,56,0,0
23555729,1453,16,0,4,23560863,2162,38,0,0
23559619,1034,34,0,3,23637400,185,61,0,0
23548881,1741,56,0,2,23521029,450,40,0,0
23561633,1359,38,0,1,23504013,290,109,0,0
23529210,1132,37,0,1,23632188,1328,131,0,0
23639671,1053,77,0,3,23611680,100,145,0,0
23550574,321,22,0,2,23560075,1728,100,0,0
23635134,861,59,0,4,23585087,1635,37,0,0
23614795,463,54,0,3,23525501,1016,57,0,0
23535854,699,59,0,2,23593299,589,60,0,0
23574626,1020,91,0,0,23596770,375,64,0,0
23576196,2116,25,0,0,23577216,1238,54,0,0
23594227,478,65,0,1,23642653,933,19,0,0
23575592,541,244,0,3,23538376,1492,60,0,0
23563967,956,29,0,0,23520641,838,48,0,0
23552748,1217,38,0,0,23600340,1003,21,0,0
23610759,1837,31,0,6,23628277,1331,44,0,0
23562134,650,66,0,2,23614786,1651,54,0,0
23596914,1269,28,0,1,23648236,1237,30,0,0
23537168,1038,23,0,11,23566301,1913,32,0,0
23584989,1366,57,0,1,23584426,490,95,0,0
23639027,910,33,0,3,23625700,583,32,0,0
23630300,2368,47,0,0,23633584,1399,30,0,0
23612416,1925,33,0,4,23613532,1038,46,0,0
23598862,936,76,0,0,23647337,1503,56,0,0
23611430,450,41,0,0,23518409,478,43,0,0
23522128,871,58,0,0,23517424,1429,32,0,0
23520932,1560,36,0,1,23521569,872,27,0,0
23578852,1158,10,0,0,23620679,1894,77,0,0
23610336,1261,14,0,3,23584194,2246,45,0,0
23526950,1324,28,0,0,23590921,1103,63,0,0
23597550,1055,30,0,0,23581873,1274,48,0,0
23624713,579,106,0,0,23564058,1552,15,0,0
23614445,1419,47,0,1,23515063,2179,44,0,0
23628324,863,27,0,0,23608957,1340,19,0,0
23646120,1223,55,0,1,23533533,957,49,0,0
23611379,1222,50,0,3,23556743,1268,137,0,0
23641824,1061,33,0,8,23578447,1302,17,0,0
23540301,1077,68,0,2,23611882,1959,35,0,0
23638763,902,15,0,0,23644136,348,89,0,0
23646773,1809,32,0,1,23604636,458,62,0,0
23634155,1001,77,0,7,23624159,1616,27,0,0
23649134,640,46,0,2,23522708,263,26,0,0
23534912,1347,332,0,1,23645078,2209,49,0,0
23556009,263,21,0,3,23543481,1157,22,0,0
23628522,2085,39,0,3,23561725,1102,20,0,0
23587338,608,68,0,3,23591714,1769,29,0,0
23570101,1326,46,0,7,23594156,1514,26,0,0
23605911,2212,41,0,4,23579328,792,73,0,0
23592398,1386,28,0,3,23571567,1990,27,0,0
23520277,718,68,0,0,23621908,1024,17,0,0
23523824,993,24,0,0,23596565,1722,29,0,0
23561393,1930,56,0,9,23628273,908,53,0,0
23591345,527,73,0,1,23563743,1998,31,0,0
23507309,1334,26,0,9,23637826,192,84,0,0
23555522,1164,52,0,1,23529586,1355,36,0,0
23556365,343,43,0,4,23648130,1682,65,0,0
23566145,793,11,0,0,23603433,1603,39,0,0
23613087,1650,106,0,0,23608331,1173,79,0,0
23618317,1301,43,0,1,23515536,620,45,0,0
23601395,621,28,0,0,23509793,1354,15,0,0
23602455,953,44,0,1,23561962,2343,48,0,0
23579230,1803,20,0,0,23635821,1883,23,0,0
23570949,1429,18,0,1,23582460,963,51,0,0
23513071,2173,67,0,0,23562088,1033,64,0,0
23537406,853,27,0,1,23550415,1179,66,0,0
23576940,1705,51,0,3,23549993,931,71,0,0
23535479,683,50,0,3,23608226,1194,29,0,0
23562483,843,28,0,1,23571705,1682,48,0,0
23578448,166,41,0,1,23536500,652,53,0,0
23607981,891,35,0,1,23635539,2599,36,0,0
23557223,901,83,0,1,23601900,1618,60,0,0
23632951,1279,24,0,0,23611643,1078,30,0,0
23593706,1610,31,0,3,23649816,983,42,0,0
23566570,799,64,0,2,23593696,719,46,0,0
23514389,1417,48,0,2,23639528,1024,88,0,0
23553328,1093,58,0,4,23586703,891,50,0,0
23525397,732,89,0,3,23510712,1974,19,0,0
23555861,1340,45,0,1,23556635,1474,21,0,0
23569239,2378,41,0,1,23565697,164,89,0,0
23592550,2123,34,0,6,23621085,632,41,0,0
23512926,871,62,0,7,23524453,697,56,0,0
23528413,1112,60,0,3,23642985,1029,41,0,0
23649742,1393,43,0,2,23545186,537,25,0,0
23561408,116,112,0,2,23640369,1645,46,0,0
23561051,1095,61,0,1,23583779,930,62,0,0
23634149,1177,69,0,5,23603978,1613,36,0,0
23564644,1974,70,0,4,23540219,1996,46,0,0
23522201,1171,35,0,2,23606809,1197,38,0,0
23614677,752,56,0,0,23531420,1779,37,0,0
23559487,1617,33,0,1,23521417,1165,44,0,0
23515249,819,26,0,3,23649546,268,56,0,0
23555771,210,108,0,3,23627916,194,25,0,0
23625356,2215,57,0,2,23521568,946,41,0,0
23631848,2191,31,0,4,23548984,900,47,0,0
23537611,430,48,0,2,23647433,764,28,0,0
23635161,1139,42,0,1,23531765,863,114,0,0
23569784,1069,30,0,0,23537878,1069,36,0,0
23582267,790,35,0,0,23610129,578,28,0,0
23643255,926,88,0,4,23584847,499,82,0,0
23580029,1181,30,0,1,23548172,688,71,0,0
23583265,517,36,0,8,23532043,391,32,0,0
23556554,1042,66,0,1,23606833,505,46,0,0
23515065,1732,55,0,6,23549588,1274,37,0,0
23577782,2350,27,0,1,23631698,1437,49,0,0
23566442,815,33,0,0,23568070,1943,54,0,0
23556028,621,58,0,0,23596721,2024,44,0,0
23642807,457,50,0,0,23516405,907,37,0,0
23556145,1462,39,0,2,23513702,1174,37,0,0
23632797,1601,32,0,0,23612417,330,21,0,0
23540181,1305,32,0,1,23557332,874,54,0,0
23638686,2263,52,0,0,23615193,2498,57,0,0
23543740,1696,44,0,3,23639629,1231,58,0,0
23645079,1166,40,0,0,23596890,1391,30,0,0
23552342,2186,66,0,1,23633616,871,20,0,0
23547271,708,35,0,0,23542007,1616,39,0,0
23634405,1428,25,0,2,23550099,1617,35,0,0
23552691,1598,47,0,3,23522168,1198,48,0,0
23535148,936,38,0,2,23570404,1436,49,0,0
23633767,336,78,0,2,23578352,1180,49,0,1
23555539,262,94,0,4,23600652,252,74,0,0
23575399,2283,48,0,1,23591198,851,28,0,1
23637019,477,28,0,8,23614458,1808,32,0,5
23558285,1253,33,0,2,23535992,920,45,0,0
23599453,1017,55,0,0,23620820,1730,59,0,0
23596566,1042,43,0,5,23572811,1284,51,0,0
23532976,2104,31,0,2,23599517,1158,85,0,0
23614943,701,59,0,2,23557909,1493,36,0,0
23546938,1659,59,0,2,23573774,1602,31,0,0
23524424,1904,55,0,0,23580005,429,110,0,0
23575211,326,69,0,0,23532074,1184,51,0,0
23589721,2596,43,0,4,23621031,1108,25,0,0
23603728,1235,54,0,1,23584243,1242,68,0,0
23647222,957,50,0,4,23617956,1391,26,0,0
23636340,1129,49,0,1,23596990,1109,37,0,0
23516503,1656,33,0,3,23646542,1048,116,0,0
23657182,1881,71,0,5,23516871,832,41,0,0
23622254,364,70,0,2,23585202,1381,34,0,0
23542758,1809,68,0,0,23642834,1275,38,0,0
23528457,1995,54,0,2,23526048,1205,26,0,0
23594080,280,33,0,5,23659248,774,36,0,0
23561059,1650,39,0,1,23538476,869,59,0,0
23552820,974,24,0,9,23612444,1545,53,0,0
23523501,644,55,0,0,23547261,1639,60,0,0
23521263,2282,93,0,1,23649660,1391,48,0,0
23554666,624,37,0,0,23520170,1433,50,0,0
23517600,430,62,0,3,23647347,285,80,0,0
23621613,654,35,0,3,23644857,2068,23,0,0
23653895,769,66,0,2,23532735,1059,40,0,0
23620859,1824,54,0,1,23554129,490,48,0,0
23545900,1153,50,0,2,23559290,1007,25,0,0
23563212,530,49,0,7,23550069,182,37,0,0
23634331,664,35,0,1,23603520,1695,39,0,0
23533803,1697,44,0,2,23572102,2175,59,0,0
23525094,2011,47,0,4,23522913,306,25,0,0
23594201,863,47,0,2,23635971,707,72,0,0
23542477,713,15,0,1,23564022,912,54,0,0
23550855,1430,71,0,4,23525363,1156,20,0,0
23522374,691,46,0,0,23534426,1169,37,0,0
23624988,837,26,0,2,23600853,1055,85,0,0
23601952,1164,39,0,2,23610742,846,24,0,0
23646036,217,40,0,1,23566140,1248,45,0,0
23653962,1610,70,0,2,23615278,393,28,0,0
23592943,1619,62,0,6,23580179,1678,73,0,0
23611355,586,31,0,1,23601330,722,26,0,0
23542770,754,54,0,1,23614873,556,65,0,0
23590435,512,63,0,4,23647197,1252,26,0,0
23613289,820,52,0,1,23654540,1684,34,0,0
23570471,1107,37,0,1,23534741,1167,93,0,0
23533066,879,63,0,3,23631600,852,58,0,0
23632087,1005,51,0,3,23596512,1321,95,0,0
23631442,1609,56,0,2,23561783,1788,21,0,0
23633266,1486,67,0,0,23544134,331,32,0,0
23617315,1426,32,0,2,23533306,1023,36,0,0
23659778,959,36,0,3,23568183,698,66,0,0
23647132,1079,25,0,2,23659725,1212,35,0,0
23522997,1162,50,0,3,23640080,1132,51,0,0
23544878,1796,53,0,1,23566941,1641,50,0,0
23516789,977,68,0,0,23563431,1097,57,0,0
23561655,1145,38,0,2,23638047,1888,86,0,0
23545282,1273,34,0,0,23566837,1439,42,0,0
23653766,2131,50,0,4,23587111,1560,18,0,0
23654237,607,54,0,5,23626404,706,39,0,0
23572258,961,42,0,3,23616834,600,28,0,0
23617952,1601,49,0,0,23607985,877,73,0,0
23519397,1150,37,0,0,23600272,543,49,0,0
23656305,1046,55,0,0,23529381,1781,53,0,0
23547829,1306,96,0,3,23611808,616,74,0,0
23634850,1308,29,0,1,23574454,334,36,0,0
23522610,1051,17,0,4,23641281,455,36,0,0
23561352,2376,34,0,6,23566450,1956,88,0,0
23518379,1764,41,0,1,23559786,1090,38,0,0
23538512,892,31,0,5,23537096,1748,50,0,0
23646669,2094,48,0,2,23556209,377,77,0,0
23583501,1216,44,0,4,23558043,1152,38,0,0
23548047,2095,43,0,0,23604055,998,33,0,0
23595313,1129,14,0,4,23584145,168,20,0,0
23533397,877,153,0,0,23564387,342,33,0,0
23540593,1035,28,0,0,23597145,746,45,0,0
23651106,875,29,0,9,23546684,411,113,0,0
23530296,352,58,0,1,23556810,1688,53,0,0
23537273,1724,55,0,1,23592506,2144,57,0,0
23616386,1137,36,0,3,23578786,941,27,0,0
23597139,793,26,0,0,23659033,1960,38,0,0
23603090,1181,52,0,0,23528346,326,55,0,0
23544506,192,64,0,1,23558502,856,104,0,0
23545051,244,77,0,3,23544416,748,27,0,0
23564452,972,34,0,1,23618182,1762,34,0,0
23615512,958,41,0,0,23662471,1299,31,0,0
23616134,615,94,0,1,23594993,1317,19,0,0
23614734,693,24,0,1,23660275,734,88,0,0
23554594,1014,55,0,4,23636029,2299,18,0,0
23545564,964,28,0,3,23609767,1362,25,0,0
23619618,1023,73,0,3,23556167,789,34,0,0
23545011,1103,73,0,0,23559778,884,28,0,0
23594393,608,46,0,2,23635419,1321,70,0,0
23524396,2224,62,0,8,23643019,2110,45,0,0
23554037,911,38,0,8,23621101,989,17,0,0
23644372,759,33,0,2,23541978,2043,36,0,0
23590516,1274,45,0,2,23592567,929,44,0,0
23627269,1968,16,0,1,23648201,886,41,0,0
23534005,1296,75,0,0,23660708,726,89,0,0
23618609,1792,59,0,6,23644678,1036,62,0,0
23569898,604,41,0,4,23520552,669,66,0,0
23606046,2421,66,0,3,23539124,1218,89,0,0
23618865,996,24,0,1,23550655,1055,59,0,0
23591901,293,49,0,2,23653937,1095,63,0,0
23552341,1652,24,0,3,23592397,2199,47,0,0
23628583,1144,31,0,2,23583923,718,41,0,0
23579761,435,35,0,3,23624079,984,85,0,0
23581184,1005,27,0,1,23526387,656,47,0,0
23627225,132,109,0,3,23635496,1379,80,0,0
23624284,1854,76,0,6,23552754,2171,53,0,0
23595129,1152,62,0,3,23572044,2109,86,0,0
23611343,1280,78,0,1,23604485,921,58,0,0
23584719,1740,46,0,0,23534422,2356,34,0,0
23585183,518,25,0,3,23641505,650,54,0,0
23657187,784,34,0,0,23571505,1129,18,0,0
23658160,387,63,0,0,23653165,810,67,0,0
23629897,1650,42,0,0,23650814,1453,54,0,0
23633795,847,18,0,1,23531860,1077,29,0,0
23525773,839,55,0,1,23522688,1169,24,0,0
23561057,543,80,0,2,23632515,1193,51,0,0
23592019,975,33,0,6,23601505,1029,43,0,0
23660504,806,95,0,6,23660864,1109,22,0,0
23598142,1419,51,0,2,23571446,113,40,0,0
23637765,1456,47,0,2,23662689,2062,55,0,0
23533398,132,38,0,1,23603686,1773,43,0,0
23525573,1548,74,0,0,23664659,960,22,0,0
23652019,2138,21,0,3,23645542,1608,31,0,0
23539007,555,28,0,4,23571904,1467,55,0,0
23653018,876,38,0,1,23531066,793,53,0,0
23521848,1058,30,0,2,23548242,778,81,0,0
23583794,859,74,0,1,23583548,1906,53,0,0
23657996,1281,65,0,2,23589085,917,33,0,0
23647972,627,62,0,2,23524048,1143,44,0,0
23624061,868,50,0,1,23618296,918,24,0,0
23576553,1326,37,0,8,23552582,1389,43,0,0
23559008,1668,37,0,1,23588274,1016,54,0,0
23610302,350,63,0,1,23564917,527,33,0,0
23622453,1138,60,0,0,23608640,748,34,0,0
23557975,1378,21,0,5,23598104,1922,41,0,0
23562672,1647,47,0,1,23541606,1290,44,0,0
23592362,1161,50,0,2,23587545,751,45,0,0
23569544,957,42,0,0,23541608,1743,68,0,0
23551462,1422,49,0,0,23587240,1406,37,0,0
23660339,1120,65,0,0,23610664,1762,76,0,0
23625147,1043,51,0,0,23603170,1600,25,0,0
23615698,1860,126,0,5,23569682,1763,23,0,0
23578354,552,32,0,4,23649311,216,60,0,0
23643885,258,53,0,1,23598456,398,48,0,0
23616727,1266,13,0,1,23587164,1386,40,0,0
23634908,1497,46,0,1,23603070,694,38,0,0
23662193,1375,33,0,1,23574694,953,49,0,0
23624981,1113,64,0,1,23601113,813,43,0,0
23532268,746,46,0,3,23662199,1159,23,0,0
23644749,957,37,0,7,23635322,1758,36,0,0
23629375,588,92,0,1,23645687,1511,15,0,0
23548884,625,36,0,9,23604111,1846,60,0,0
23542513,868,49,0,2,23590246,693,40,0,0
23624748,2263,43,0,0,23534176,1875,19,0,0
23604443,1753,50,0,0,23594469,1486,42,0,0
23621620,1541,45,0,4,23660377,2272,36,0,0
23587902,696,30,0,3,23633549,1044,21,0,0
23561239,1253,24,0,1,23597795,1737,47,0,0
23580705,515,33,0,6,23524707,1110,39,0,0
23539807,919,30,0,0,23606389,133,48,0,0
23576405,757,25,0,0,23560810,776,91,0,0
23531818,1705,41,0,2,23556883,261,72,0,0
23588693,1833,62,0,0,23623611,730,26,0,0
23623365,1923,18,0,1,23549132,711,63,0,0
23539614,788,28,0,5,23577215,1031,37,0,0
23558339,1169,28,0,4,23602794,898,58,0,0
23547555,1151,55,0,1,23539816,1553,23,0,0
23559370,816,26,0,2,23589947,670,43,0,0
23628507,1444,32,0,3,23630616,1355,40,0,0
23526338,1173,41,0,0,23546872,1254,61,0,0
23628318,1416,19,0,6,23614884,289,41,0,0
23632310,1777,21,0,1,23535966,528,87,0,0
23663625,2040,31,0,3,23594096,1159,22,0,0
23601066,571,57,0,2,23572448,832,45,0,0
23619278,1417,60,0,1,23524717,930,36,0,0
23619009,1297,57,0,1,23567071,1497,71,0,0
23643744,538,54,0,3,23652212,1486,28,0,0
23584825,740,37,0,4,23556021,750,32,0,0
23594642,480,36,0,0,23642919,1211,25,0,0
23555800,1163,83,0,6,23590566,1037,51,0,0
23553872,2089,32,0,0,23637260,1316,37,0,0
23578001,2247,39,0,4,23568356,875,35,0,0
23649666,707,61,0,1,23534951,1242,50,0,0
23659348,763,45,0,0,23615692,1124,20,0,0
23567054,1849,41,0,4,23638640,650,102,0,0
23534966,2212,27,0,1,23658086,1250,19,0,0
23590903,1201,48,0,0,23600994,1415,32,0,0
23638770,1479,52,0,0,23592153,1886,43,0,0
23540310,718,59,0,0,23547818,650,19,0,0
23623109,459,55,0,1,23560601,1523,66,0,0
23554855,1310,38,0,2,23670203,1478,55,0,0
23611836,2194,45,0,2,23564996,660,28,0,0
23546891,858,27,0,1,23526006,214,52,0,0
23615355,2547,42,0,2,23642770,244,58,0,0
23595386,904,51,0,5,23579799,928,47,0,0
23616498,1757,54,0,0,23589264,658,56,0,0
23563717,1809,57,0,1,23590853,1037,45,0,0
23544062,747,85,0,2,23649496,1129,29,0,0
23620928,581,56,0,0,23619171,1092,49,0,0
23664549,941,48,0,4,23631014,790,55,0,0
23539608,2022,22,0,4,23639071,1419,31,0,0
23659101,1788,30,0,2,23613118,1897,29,0,0
23641203,513,29,0,1,23633223,830,66,0,0
23533696,1843,61,0,1,23584674,1009,35,0,0
23534670,923,55,0,6,23647506,1192,69,0,0
23620832,1179,109,0,1,23559756,1689,30,0,0
23526459,1104,104,0,3,23545953,1150,40,0,0
23583156,643,63,0,1,23561289,343,42,0,0
23565719,1425,52,0,0,23664285,650,82,0,0
23544017,1167,51,0,0,23549045,743,50,0,0
23629801,2281,66,0,1,23620324,1121,58,0,0
23638211,1045,29,0,2,23557200,2214,41,0,0
23603023,1912,32,0,1,23604757,864,21,0,0
23624285,1370,59,0,1,23546355,880,20,0,0
23624139,739,53,0,4,23624302,1187,38,0,0
23657257,325,46,0,3,23635661,1243,56,0,0
23635691,1417,69,0,4,23597090,1179,48,0,0
23667725,1269,26,0,9,23660066,1347,25,0,0
23531748,1495,23,0,0,23586629,2487,46,0,0
23583306,1664,40,0,2,23641569,2029,51,0,0
23592770,891,37,0,1,23555953,1273,57,0,0
23577482,1250,23,0,1,23622782,219,43,0,0
23561512,360,82,0,3,23568912,2018,51,0,0
23587582,914,21,0,2,23577469,1102,21,0,0
23580551,861,61,0,1,23653081,1006,99,0,0
23559393,438,65,0,1,23653266,2037,22,0,0
23629596,772,19,0,1,23644952,1969,23,0,0
23652246,1327,40,0,0,23669282,1219,26,0,0
23576734,1874,29,0,2,23620703,2263,47,0,0
23626468,847,63,0,0,23530305,1685,39,0,0
23579861,536,31,0,1,23594916,1879,41,0,0
23585841,641,42,0,2,23591974,993,138,0,0
23560234,1187,26,0,3,23601551,1986,56,0,0
23673951,1161,30,0,1,23551328,942,44,0,0
23601717,2296,58,0,0,23583631,1656,40,0,0
23596377,925,61,0,1,23567608,1055,68,0,0
23565702,1034,34,0,4,23612820,1868,48,0,0
23596427,1146,38,0,1,23649791,2577,63,0,0
23551303,1806,35,0,0,23660594,1425,75,0,0
23606589,970,65,0,0,23641915,492,60,0,0
23639638,225,20,0,1,23622213,2141,68,0,0
23583128,2183,78,0,0,23601047,1351,33,0,0
23663816,804,145,0,6,23620589,905,24,0,0
23545513,844,31,0,3,23610199,730,40,0,0
23632031,1741,31,0,1,23583719,1769,38,0,0
23645194,1034,41,0,3,23630705,1302,76,0,0
23593542,1903,70,0,2,23651381,2595,27,0,0
23633120,703,33,0,0,23642222,1131,41,0,0
23538245,1343,37,0,2,23630643,634,38,0,0
23611083,1157,45,0,1,23624797,1671,75,0,0
23640488,1240,25,0,0,23569419,1342,37,0,0
23552340,880,62,0,1,23542322,1419,85,0,0
23652904,162,63,0,5,23535476,651,64,0,0
23566496,598,43,0,1,23618678,1292,16,0,0
23639894,2415,52,0,3,23537389,746,85,0,0
23667760,1655,35,0,2,23630928,618,18,0,0
23647688,1099,61,0,8,23542508,659,49,0,0
23548632,523,64,0,3,23529459,541,105,0,0
23636321,101,117,0,2,23619379,1186,37,0,0
23584369,1442,49,0,1,23567507,363,25,0,0
23541822,510,34,0,0,23548680,1103,83,0,0
23673856,882,51,0,3,23548602,875,33,0,0
23532793,1207,105,0,0,23612756,1409,73,0,0
23574391,1167,90,0,2,23586909,2198,34,0,0
23562254,1610,31,0,1,23576285,2476,47,0,0
23597424,781,47,0,1,23610582,826,31,0,0
23600871,306,52,0,1,23661829,2583,64,0,0
23535052,1124,56,0,1,23638802,971,68,0,0
23569503,845,40,0,0,23618902,2251,26,0,0
23617719,204,60,0,0,23659713,1210,27,0,0
23537222,889,46,0,2,23579238,710,52,0,0
23646585,876,52,0,2,23612241,668,49,0,0
23582254,689,145,0,3,23675648,1467,45,0,0
23570527,1788,64,0,2,23586488,338,59,0,0
23537744,1455,49,0,2,23602296,2095,17,0,0
23638698,1169,24,0,7,23649462,1072,23,0,0
23616790,717,84,0,1,23580014,2177,36,0,0
23564758,952,69,0,16,23599801,981,64,0,0
23557575,1779,66,0,1,23581909,1287,70,0,0
23644840,1346,43,0,0,23560273,705,53,0,0
23572761,1159,44,0,3,23554079,1218,47,0,0
23552036,667,92,0,1,23562724,1252,19,0,0
23651122,926,43,0,6,23602816,1390,28,0,0
23637511,2347,47,0,0,23558079,1856,37,0,0
23564221,304,60,0,2,23562069,1960,36,0,0
23674019,1047,64,0,2,23657254,2189,25,0,0
23568893,1257,49,0,3,23614219,119,46,0,0
23539397,1099,37,0,5,23606042,1777,19,0,0
23560303,1146,40,0,0,23636792,556,65,0,0
23638670,2308,40,0,2,23664010,769,86,0,0
23667993,1201,82,0,7,23537229,671,20,0,0
23640631,1833,39,0,1,23640763,1011,21,0,0
23625205,620,31,0,0,23670167,1166,36,0,0
23538989,1188,34,0,2,23629007,845,86,0,0
23668407,1473,26,0,6,23550174,1718,27,0,0
23547229,1620,59,0,0,23603617,524,57,0,0
23636216,364,91,0,3,23541088,1678,31,0,0
23569791,1081,55,0,4,23652851,1221,46,0,0
23538855,843,83,0,4,23549038,1815,28,0,0
23587725,239,75,0,4,23668364,854,31,0,0
23598880,1103,29,0,3,23650048,623,64,0,0
23645884,1609,24,0,0,23609216,626,44,0,0
23618580,1341,82,0,1,23536117,1856,42,0,0
23539201,638,59,0,1,23540615,637,143,0,0
23620022,1006,60,0,0,23540397,386,61,0,0
23659278,131,96,0,3,23600645,818,46,0,0
23620303,1156,45,0,0,23573799,1257,31,0,0
23671496,1461,31,0,1,23558911,1554,38,0,0
23656619,633,37,0,0,23632329,891,60,0,0
23662607,1393,47,0,5,23612316,981,34,0,0
23599243,1229,105,0,1,23595216,932,37,0,0
23615325,1077,39,0,3,23672788,1337,42,0,0
23544233,888,77,0,2,23551430,501,27,0,0
23679464,870,35,0,5,23626493,1172,40,0,0
23557450,1605,52,0,10,23628459,433,36,0,0
23580442,951,25,0,4,23565443,1325,32,0,0
23622669,965,56,0,3,23559113,482,35,0,0
23549594,739,22,0,0,23533363,1368,36,0,0
23641881,1176,33,0,0,23632770,898,33,0,0
23638878,1307,38,0,2,23575796,1132,42,0,0
23566416,874,21,0,3,23632128,941,27,0,0
23634093,992,38,0,3,23609888,458,47,0,0
23561615,1601,67,0,1,23603219,1220,35,0,0
23677145,740,58,0,4,23616190,1358,62,0,0
23592530,1888,27,0,1,23616930,247,19,0,0
23615732,1576,32,0,0,23561661,2114,65,0,0
23549851,594,80,0,2,23657082,355,29,0,0
23674708,1047,55,0,8,23629414,780,24,0,0
23618490,534,82,0,1,23648297,1546,45,0,0
23649049,729,40,0,3,23570776,1966,40,0,0
23635734,339,50,0,3,23626630,522,71,0,0
23579327,1879,63,0,2,23661704,1983,17,0,0
23555082,1891,32,0,1,23666568,2095,36,0,0
23569194,115,90,0,3,23619398,1504,43,0,0
23624903,2196,55,0,0,23569593,1824,50,0,0
23634408,1606,63,0,1,23601214,2319,38,0,0
23681578,1369,36,0,6,23598156,1071,65,0,0
23554185,1112,51,0,2,23557211,2048,18,0,0
23647074,1997,53,0,3,23648737,1130,61,0,0
23610779,1862,28,0,3,23581637,1611,28,0,0
23621254,1309,61,0,0,23603530,1553,95,0,0
23614089,1627,126,0,2,23648281,508,52,0,0
23601566,1137,44,0,1,23615939,2381,21,0,0
23544399,1415,31,0,1,23652661,1798,94,0,0
23536763,1264,52,0,4,23639702,2466,50,0,0
23660128,1515,80,0,0,23579533,1305,60,0,0
23593027,115,39,0,6,23643861,1919,37,0,0
23563958,380,61,0,6,23679681,1884,79,0,0
23680145,1217,32,0,2,23620139,1450,19,0,0
23568385,1163,43,0,8,23579293,941,109,0,0
23674284,1492,35,0,4,23634208,1380,17,0,0
23619919,791,30,0,1,23628411,662,105,0,0
23678399,1068,59,0,1,23608799,1618,18,0,0
23651808,1246,29,0,2,23579903,937,28,0,1
23577406,567,46,0,1,23669747,1332,24,0,0
23640758,318,14,0,2,23540784,1394,83,0,0
23656878,1580,45,0,3,23665418,1380,26,0,0
23662824,1662,57,0,1,23639657,402,81,0,0
23654446,418,54,0,4,23679150,883,66,0,0
23618405,357,53,0,2,23540102,1426,12,0,0
23546393,570,52,0,0,23614573,1254,31,0,0
23657094,489,47,0,2,23549670,2155,49,0,0
23556296,1149,72,0,1,23635550,1176,18,0,0
23617285,956,112,0,1,23544753,1749,54,0,0
23672839,1129,44,0,0,23567627,872,48,0,0
23639535,332,49,0,15,23638325,901,26,0,0
23669150,617,28,0,0,23661069,1746,26,0,0
23683828,834,58,0,0,23608817,1047,24,0,0
23573754,2172,55,0,8,23678100,1571,49,0,0
23594112,1628,91,0,3,23615233,348,42,0,0
23646808,1108,68,0,0,23665377,719,43,0,0
23567346,1657,32,0,3,23593629,863,66,0,0
23545514,1281,43,0,0,23582443,448,37,0,0
23579856,1686,63,0,1,23579180,1372,52,0,0
23684460,1653,22,0,8,23596024,885,53,0,0
23543423,726,26,0,3,23582478,2547,30,0,0
23656924,1665,72,0,5,23596832,943,51,0,0
23624271,1770,37,0,0,23599081,1542,54,0,0
23652736,1616,66,0,1,23565457,1802,34,0,0
23544290,525,53,0,1,23648117,1443,36,0,0
23634265,627,26,0,1,23617230,2222,29,0,0
23623628,2294,34,0,0,23643594,2455,43,0,0
23626868,1683,37,0,1,23585756,1154,41,0,0
23569154,512,30,0,6,23551389,1753,42,0,0
23553971,884,41,0,1,23542929,618,64,0,0
23576898,1289,57,0,2,23545206,993,58,0,0
23571450,1705,101,0,1,23613335,2160,16,0,0
23579292,952,69,0,0,23559608,1248,18,0,0
23611251,819,89,0,1,23628307,721,65,0,0
23682438,303,60,0,1,23595474,585,39,0,0
23597925,2456,27,0,7,23661442,1985,37,0,0
23647340,636,31,0,2,23586579,2142,33,0,0
23620706,1454,30,0,2,23551881,1994,51,0,0
23546111,608,20,0,1,23545239,1082,50,0,0
23599825,228,43,0,0,23602229,184,19,0,0
23624040,833,52,0,4,23641334,557,52,0,0
23640686,1168,34,0,2,23650599,525,20,0,0
23644275,2117,35,0,6,23559562,1232,56,0,0
23541272,1478,56,0,2,23612565,1235,67,0,0
23666448,1125,39,0,6,23559252,1480,31,0,0
23647845,758,71,0,1,23573368,2513,27,0,0
23575544,637,37,0,2,23568624,1492,59,0,0
23563517,1007,54,0,0,23685067,327,28,0,0
23598365,232,74,0,4,23540926,665,58,0,0
23624472,854,36,0,0,23658072,856,42,0,0
23615015,954,58,0,2,23659848,1223,46,0,0
23620195,1129,26,0,2,23672892,1663,63,0,0
23581810,1145,63,0,3,23629169,463,25,0,0
23605624,1149,28,0,1,23652964,712,38,0,0
23558329,600,26,0,1,23573850,685,40,0,0
23649068,262,54,0,9,23684900,1156,40,0,0
23675786,1297,76,0,4,23606177,1088,29,0,0
23680570,2300,76,0,0,23583035,1764,29,0,0
23594016,637,26,0,1,23554713,1162,23,0,1
23554143,1273,47,0,0,23639331,305,23,0,0
23565760,611,29,0,1,23600523,1660,31,0,0
23582722,1682,26,0,5,23651992,610,23,0,0
23609673,1216,131,0,1,23576172,1370,38,0,0
23661111,631,78,0,1,23674415,785,47,0,0
23543177,1968,42,0,3,23542174,993,78,0,0
23566299,680,44,0,3,23602854,577,71,0,0
23577897,998,24,0,2,23660032,1110,66,0,0
23554211,563,37,0,1,23547763,2326,30,0,0
23592070,861,32,0,1,23662909,1826,44,0,0
23581306,1246,33,0,2,23640406,732,31,0,0
23648715,1206,60,0,1,23595122,1667,58,0,0
23622000,1847,18,0,8,23662617,153,25,0,0
23654441,1376,36,0,7,23654392,361,26,0,0
23596464,1684,43,0,2,23571239,1866,74,0,0
23635407,1414,99,0,2,23555902,2548,43,0,0
23596158,628,31,0,6,23665488,1630,60,0,0
23675620,971,28,0,17,23547024,2220,51,0,0
23674687,2212,43,0,2,23548318,600,65,0,0
23686621,1196,87,0,2,23645284,1720,127,0,0
23609174,699,47,0,2,23648528,970,54,0,0
23609406,900,34,0,4,23616121,1650,54,0,0
23609585,588,44,0,6,23624414,1272,36,0,0
23572832,996,46,0,3,23589797,1967,31,0,0
23673579,1573,34,0,1,23622359,694,49,0,0
23635729,1140,80,0,0,23607886,802,32,0,0
23580941,674,45,0,2,23606044,1456,50,0,0
23627738,738,73,0,1,23606302,477,47,0,0
23605739,1261,25,0,6,23636855,118,58,0,0
23624477,1230,39,0,0,23625244,1056,33,0,0
23612889,133,64,0,0,23544557,568,71,0,0
23549031,936,62,0,2,23593219,946,57,0,0
23599107,546,45,0,2,23610728,1983,52,0,0
23607188,1268,27,0,0,23603631,1051,86,0,0
23607612,1274,129,0,2,23616867,973,18,0,0
23643289,2041,62,0,0,23657558,671,59,0,0
23586587,651,125,0,5,23557661,1070,66,0,0
23576478,470,47,0,2,23574371,871,53,0,0
23560554,717,26,0,5,23581729,1237,42,0,0
23610247,929,36,0,3,23686975,1080,40,0,0
23602255,689,45,0,1,23669605,2038,83,0,0
23662216,1105,36,0,0,23671186,432,58,0,0
23689044,1396,38,0,1,23670980,1188,48,0,0
23591155,757,130,0,0,23583585,250,67,0,0
23678245,515,59,0,3,23549606,701,38,0,0
23597921,2036,77,0,7,23654313,891,57,0,0
23563864,1050,69,0,0,23673065,1299,14,0,0
23620677,408,65,0,5,23630367,2125,60,0,0
23570419,677,33,0,1,23647899,202,48,0,0
23633768,617,56,0,2,23616169,865,119,0,0
23594299,1137,62,0,3,23570262,791,53,0,0
23632846,1334,43,0,3,23572296,1061,74,0,0
23689375,1784,67,0,5,23562537,1196,24,0,0
23557961,609,87,0,5,23670285,1508,61,0,0
23686966,1443,39,0,1,23676053,1408,90,0,0
23663946,1108,73,0,2,23622408,676,148,0,0
23568855,375,31,0,10,23665217,1898,28,0,0
23589240,411,121,0,12,23557042,518,25,0,0
23676555,362,67,0,0,23558173,1473,21,0,0
23614583,1102,26,0,2,23614872,824,36,0,0
23627960,1640,87,0,1,23678278,1199,72,0,0
23570707,1560,57,0,1,23596419,233,56,0,0
23594458,587,56,0,1,23653879,2186,37,0,0
23621573,883,46,0,0,23551871,1523,29,0,0
23590054,379,45,0,2,23576784,1692,51,0,0
23607401,1022,28,0,3,23545827,1426,59,0,0
23601276,1034,60,0,1,23610765,129,50,0,0
23587211,1302,18,0,5,23648243,992,47,0,0
23674366,1124,70,0,0,23649958,1226,24,0,0
23609876,614,51,0,0,23663083,1199,25,0,0
23595556,1673,40,0,0,23681638,1783,63,0,0
23571806,908,41,0,1,23579107,1366,95,0,0
23590307,714,24,0,1,23674744,790,17,0,0
23661018,1064,28,0,1,23548550,765,62,0,0
23632734,1018,42,0,2,23693047,1270,42,0,0
23575354,1413,14,0,0,23551318,1893,46,0,0
23669130,1277,26,0,0,23607263,604,47,0,0
23607367,1523,58,0,1,23619069,921,72,0,0
23643628,1520,46,0,3,23578811,560,91,0,0
23561982,1384,36,0,10,23554235,1170,17,0,0
23619507,1278,33,0,0,23670531,1563,86,0,0
23655629,891,58,0,0,23587448,776,48,0,0
23553355,814,54,0,0,23641050,1408,74,0,0
23636963,1081,58,0,3,23675747,1172,47,0,0
23628877,1093,26,0,2,23556864,656,112,0,0
23654157,923,26,0,1,23607246,143,77,0,0
23659662,751,36,0,1,23662399,749,54,0,0
23581447,899,117,0,1,23629421,264,94,0,0
23612439,943,94,0,1,23678554,1294,24,0,0
23568713,1921,38,0,1,23617460,929,45,0,0
23596987,1458,48,0,0,23659312,1921,26,0,0
23662804,1002,78,0,4,23548513,1600,43,0,0
23591546,1192,36,0,3,23668926,195,65,0,0
23591838,1936,24,0,1,23603134,832,85,0,0
23661706,1901,55,0,4,23630478,1569,27,0,0
23689642,1045,46,0,2,23587674,906,74,0,0
23680815,613,52,0,0,23602646,774,30,0,0
23575987,942,88,0,0,23559454,1946,62,0,0
23558053,861,76,0,1,23646805,877,73,0,0
23578380,1124,41,0,9,23577776,677,50,0,0
23652260,857,59,0,3,23581464,482,57,0,0
23607780,762,19,0,2,23690953,659,47,0,0
23636486,1646,21,0,0,23692883,2066,23,0,0
23571384,1461,56,0,3,23683612,1205,55,0,0
23681292,348,47,0,1,23571983,1277,63,0,0
23668727,565,59,0,2,23659659,672,24,0,0
23555315,855,75,0,0,23555969,806,37,0,0
23602027,635,104,0,0,23643143,340,26,0,0
23614032,1216,24,0,6,23551492,812,22,0,0
23582003,1143,24,0,4,23584488,2400,31,0,0
23557581,1978,23,0,2,23611261,1953,21,0,0
23664299,1377,36,0,2,23653121,2131,37,0,0
23582421,1594,46,0,1,23614248,1084,64,0,0
23683251,1611,89,0,9,23626879,1440,37,0,0
23595272,778,325,0,1,23650632,289,50,0,0
23657537,620,46,0,2,23661519,1503,27,0,0
23650676,2286,93,0,5,23671595,816,26,0,0
23664391,1768,71,0,3,23684926,2183,51,0,0
23622619,967,61,0,2,23652930,1195,24,0,0
23638697,308,74,0,1,23676493,770,114,0,0
23552598,1956,31,0,1,23592048,924,26,0,0
23653724,2348,51,0,1,23616709,2006,38,0,0
23557289,723,58,0,2,23667015,1269,46,0,0
23587947,1146,43,0,8,23581730,996,42,0,0
23669343,2064,95,0,2,23554809,1535,43,0,0
23566375,369,54,0,1,23620707,959,88,0,0
23654046,1633,38,0,3,23677978,1619,27,0,0
23595925,1752,108,0,4,23690931,555,71,0,0
23557670,1127,44,0,2,23621960,422,49,0,0
23563832,2007,40,0,0,23696441,569,91,0,0
23566848,1534,58,0,3,23661695,572,36,0,0
23693771,2176,39,0,0,23622822,1241,26,0,0
23577054,1039,35,0,3,23687419,1093,46,0,0
23677019,1870,30,0,5,23550634,1491,65,0,0
23684754,1815,28,0,1,23658843,1146,42,0,0
23572068,519,45,0,2,23568351,412,34,0,0
23635611,1454,68,0,7,23594760,1041,16,0,0
23574921,1980,42,0,1,23573943,1055,53,0,0
23620163,1135,36,0,5,23588869,1239,63,0,0
23597882,844,39,0,6,23622624,1042,50,0,0
23579194,1695,95,0,0,23651094,998,19,0,0
23570587,857,20,0,0,23605510,665,45,0,0
23631893,1105,49,0,3,23646158,1672,32,0,0
23637654,746,56,0,3,23566853,635,54,0,0
23641793,1759,33,0,0,23653725,2447,40,0,0
23665532,1422,24,0,4,23624655,707,29,0,0
23666788,1840,47,0,7,23663825,667,58,0,0
23611007,877,27,0,0,23627320,1184,61,0,0
23632511,896,108,0,1,23610795,1453,49,0,0
23693575,1242,42,0,3,23582476,1198,39,0,0
23645674,982,35,0,2,23658415,1165,28,0,0
23597646,948,72,0,1,23663819,2133,44,0,0
23622502,892,46,0,2,23557587,914,16,0,0
23660632,771,39,0,3,23663398,1722,56,0,0
23696665,899,33,0,3,23661081,809,42,0,0
23675761,1983,40,0,1,23630600,986,41,0,0
23617923,1626,42,0,2,23632249,1144,26,0,0
23578959,1562,37,0,2,23624573,960,66,0,0
23687944,1711,68,0,1,23665489,935,38,0,0
23583639,1187,23,0,1,23579446,568,51,0,0
23580232,1749,19,0,1,23644113,1567,38,0,0
23561234,1151,17,0,4,23561762,843,85,0,0
23648296,1010,66,0,1,23618216,1185,73,0,0
23641795,2117,26,0,1,23648207,1515,22,0,0
23617854,294,42,0,0,23660058,363,44,0,0
23637287,1296,65,0,2,23638122,1376,38,0,0
23557555,625,65,0,1,23555172,915,54,0,0
23567499,903,53,0,1,23654395,1062,95,0,0
23647653,1180,27,0,1,23557110,731,26,0,0
23643538,859,30,0,0,23568635,1373,38,0,0
23610282,593,18,0,5,23589639,1984,40,0,0
23626021,983,55,0,4,23631186,636,14,0,0
23589451,454,53,0,4,23593065,2053,61,0,0
23700521,887,88,0,1,23588429,1489,55,0,0
23695415,2019,19,0,3,23626111,1150,17,0,0
23589392,960,85,0,1,23677769,1577,93,0,0
23689523,1036,55,0,4,23624869,919,27,0,0
23560207,1762,46,0,0,23583643,534,61,0,0
23657241,1765,18,0,1,23651051,673,56,0,0
23570517,1429,36,0,0,23693156,1807,47,0,0
23611296,680,47,0,4,23555046,1257,76,0,0
23662076,2030,34,0,1,23632787,1233,29,0,0
23602795,2246,32,0,1,23676881,1331,53,0,0
23586483,1183,115,0,4,23610346,1551,31,0,0
23566447,495,33,0,1,23576935,829,55,0,0
23668034,897,42,0,1,23553359,914,61,0,0
23592859,652,55,0,7,23593081,2161,30,0,0
23632084,1120,103,0,1,23698852,621,35,0,0
23679795,1670,24,0,5,23556555,1880,29,0,0
23602673,1163,83,0,0,23654139,873,74,0,0
23601723,1448,43,0,0,23670094,295,33,0,0
23693214,1439,45,0,5,23615023,542,38,0,0
23682542,454,59,0,3,23623483,730,47,0,0
23644494,668,62,0,0,23599824,545,41,0,0
23645960,2217,97,0,3,23615381,669,66,0,0
23619086,1412,42,0,0,23585352,1059,47,0,0
23623978,1221,18,0,1,23674050,1182,55,0,0
23602766,836,39,0,2,23592296,1708,45,0,0
23628529,822,14,0,1,23659964,858,102,0,0
23555304,1146,34,0,2,23679559,1648,58,0,0
23609441,1971,26,0,4,23584745,303,70,0,0
23562334,403,46,0,2,23624478,800,45,0,0
23561377,1517,20,0,2,23666688,2092,80,0,0
23627668,2584,29,0,1,23621651,323,35,0,0
23700526,1602,71,0,2,23581998,700,66,0,0
23689200,501,26,0,1,23559502,843,41,0,0
23674833,1416,25,0,2,23577134,1662,29,0,0
23676386,746,64,0,1,23681847,168,107,0,0
23665781,2294,30,0,0,23597652,862,35,0,0
23608982,1008,25,0,1,23591063,1393,58,0,0
23645446,1222,58,0,5,23672074,2264,28,0,0
23642103,1315,68,0,1,23594121,604,56,0,0
23561888,1436,60,0,9,23586743,1611,52,0,0
23660750,823,32,0,3,23693911,1431,54,0,0
23638259,2551,27,0,0,23586920,130,35,0,0
23585995,1230,45,0,0,23633194,622,18,0,0
23614317,1441,39,0,7,23576567,1051,45,0,0
23656682,1139,64,0,1,23690348,629,34,0,0
23660292,625,71,0,0,23700621,1211,26,0,0
23558108,857,23,0,0,23627686,1279,90,0,0
23560449,407,57,0,1,23568573,1829,13,0,0
23630724,1159,40,0,0,23574795,724,45,0,0
23697511,1850,70,0,0,23637453,633,34,0,0
23671060,847,59,0,2,23626201,688,49,0,0
23687242,382,75,0,0,23687722,1900,54,0,0
23582457,1102,70,0,0,23645088,442,64,0,0
23608132,640,61,0,4,23668452,1768,91,0,0
23631596,1409,49,0,1,23612406,662,83,0,0
23659844,1657,32,0,4,23650360,1293,47,0,0
23632081,1447,71,0,0,23650068,2121,26,0,0
23602381,1078,31,0,1,23621855,1264,58,0,0
23563533,676,47,0,0,23583490,1428,34,0,0
23692931,963,104,0,2,23658326,1610,35,0,0
23564600,860,20,0,0,23674689,1485,42,0,0
23611337,1632,44,0,2,23673471,505,31,0,0
23643317,682,25,0,0,23634766,965,70,0,0
23677032,1164,72,0,0,23640480,1109,76,0,0
23702222,1079,34,0,1,23585491,667,62,0,0
23673192,690,101,0,0,23629706,1350,123,0,0
23595585,650,24,0,0,23627628,631,152,0,0
23650508,1294,23,0,0,23625302,1170,43,0,0
23616083,1172,36,0,1,23571895,2113,55,0,0
23569184,1262,17,0,4,23693853,288,44,0,0
23606552,1649,32,0,0,23574972,1331,28,0,0
23618244,2172,43,0,0,23696822,825,110,0,0
23683139,459,67,0,1,23661844,1126,60,0,0
23700696,2209,57,0,1,23663861,964,22,0,0
23690389,272,66,0,2,23630610,1279,22,0,0
23602101,266,66,0,3,23683038,877,46,0,0
23703241,810,59,0,2,23705302,2213,45,0,0
23688210,1986,29,0,2,23674261,293,49,0,0
23573495,802,67,0,2,23705854,415,30,0,0
23606187,779,50,0,2,23643646,1303,97,0,0
23570195,895,29,0,3,23672081,881,33,0,0
23595199,1257,74,0,7,23675448,1403,39,0,0
23675259,411,31,0,5,23565255,2024,53,0,0
23694927,1149,61,0,0,23602714,412,53,0,0
23650994,697,59,0,1,23696135,1173,15,0,0
23568693,1146,33,0,1,23611323,816,49,0,0
23570986,625,35,0,1,23582465,1301,17,0,0
23602731,1304,35,0,2,23586009,1549,25,0,0
23597042,873,34,0,7,23649948,632,57,0,0
23695736,1623,24,0,2,23659606,2233,23,0,0
23706878,515,73,0,1,23623844,1099,53,0,0
23605716,780,65,0,1,23646969,1416,30,0,0
23663093,597,36,0,2,23620120,1611,80,0,0
23654860,1850,40,0,0,23637590,1336,107,0,0
23578184,1052,44,0,6,23687605,1699,31,0,0
23626308,1603,63,0,0,23582945,915,75,0,0
23648248,716,40,0,8,23668635,2196,70,0,0
23640007,1103,45,0,6,23696566,1350,66,0,0
23672353,780,55,0,1,23592813,1645,20,0,0
23599118,1427,61,0,0,23596085,885,42,0,0
23641471,1000,44,0,1,23566085,1295,67,0,0
23611029,1632,30,0,1,23570974,2038,37,0,0
23604347,1169,44,0,1,23589465,1415,73,0,0
23675038,1129,43,0,2,23610539,1646,23,0,0
23704881,783,37,0,1,23652033,1693,48,0,0
23643426,1781,35,0,0,23690789,1333,41,0,0
23653498,931,32,0,1,23639299,1344,40,0,0
23575716,726,53,0,1,23576795,1280,42,0,0
23701582,971,22,0,2,23659215,1502,53,0,0
23707329,1797,35,0,2,23561493,2061,45,0,0
23672853,723,48,0,4,23607882,570,49,0,0
23684686,671,34,0,1,23666966,430,40,0,0
23583329,1209,78,0,0,23575150,879,29,0,0
23674121,1451,41,0,0,23570680,1329,35,0,0
23655743,1179,52,0,3,23612665,952,34,0,0
23610390,1106,44,0,7,23703827,911,33,0,0
23686611,768,43,0,2,23579073,965,68,0,0
23697069,1733,72,0,3,23632561,1799,53,0,0
23688254,515,22,0,0,23603891,2503,70,0,0
23593033,1662,46,0,5,23679711,447,49,0,0
23679769,1273,73,0,1,23633455,831,43,0,0
23652166,638,80,0,2,23568602,931,41,0,0
23627946,1745,27,0,1,23672988,944,50,0,0
23604593,572,115,0,0,23575635,1816,46,0,0
23599268,568,47,0,2,23571958,194,65,0,0
23594463,752,86,0,1,23685977,940,51,0,0
23624231,2114,50,0,4,23682838,1357,30,0,0
23660390,1381,31,0,0,23707494,1589,205,0,0
23630791,1106,64,0,1,23648030,712,16,0,0
23700307,881,63,0,1,23559660,516,116,0,0
23665706,1042,58,0,2,23682588,775,82,0,0
23612288,1140,56,0,2,23689768,1175,106,0,0
23661016,1461,37,0,1,23562076,1218,38,0,0
23594853,605,68,0,0,23689610,328,15,0,0
23690949,1296,40,0,1,23601672,692,35,0,0
23690543,1680,89,0,0,23639904,679,19,0,0
23621239,1378,43,0,5,23621646,1050,51,0,0
23649602,747,39,0,5,23666503,1758,38,0,0
23679461,619,63,0,0,23659822,1856,39,0,0
23589157,2463,36,0,0,23660940,1150,53,0,0
23571995,264,39,0,2,23636552,759,80,0,0
23677115,959,29,0,2,23562885,1940,22,0,0
23689352,483,27,0,2,23653571,2298,44,0,0
23637104,732,54,0,4,23588839,978,63,0,0
23694401,822,24,0,10,23674505,734,58,0,0
23591561,338,80,0,0,23678745,500,74,0,0
23692425,1609,24,0,5,23652276,637,24,0,0
23648662,1061,44,0,0,23584652,730,36,0,0
23603121,1869,85,0,0,23564571,656,50,0,0
23616027,1599,31,0,0,23635341,1048,43,0,0
23704613,883,57,0,10,23596214,1187,37,0,0
23605185,1314,50,0,1,23637197,1213,59,0,0
23685030,547,88,0,6,23617409,562,100,0,0
23575186,1603,33,0,3,23561546,894,72,0,0
23627209,1289,66,0,2,23602343,1293,37,0,0
23602388,1611,20,0,2,23634183,1066,48,0,0
23642994,1696,47,0,0,23627257,1822,70,0,0
23700299,1675,33,0,0,23638245,774,71,0,0
23712932,2246,45,0,7,23649837,1003,26,0,0
23604092,375,35,0,0,23700908,1280,61,0,0
23661470,742,49,0,5,23687414,2214,53,0,0
23627755,637,82,0,1,23678683,1587,49,0,0
23598344,225,20,0,1,23705987,1006,46,0,0
23563307,360,38,0,1,23693454,2119,41,0,0
23616578,808,32,0,1,23656511,776,45,0,0
23620225,533,67,0,1,23697354,1791,49,0,0
23675880,405,97,0,2,23712655,1376,42,0,0
23700782,1188,34,0,2,23626517,1301,39,0,0
23573359,646,31,0,3,23670251,1273,96,0,0
23630096,1669,40,0,2,23563336,990,78,0,0
23585882,1847,48,0,1,23658202,1436,35,0,0
23609038,1677,31,0,0,23582791,2145,61,0,0
23579338,989,125,0,1,23617129,2080,33,0,0
23621321,875,42,0,3,23695405,1070,61,0,0
23589248,840,47,0,1,23639539,1995,21,0,0
23614021,1536,44,0,2,23618149,964,39,0,0
23702822,797,54,0,1,23672368,1238,56,0,0
23703574,848,51,0,6,23710718,173,22,0,0
23697171,1060,40,0,1,23601890,631,84,0,0
23568828,2579,29,0,1,23581299,2185,17,0,0
23639187,1616,48,0,0,23592329,785,50,0,0
23621639,1381,27,0,5,23615021,1190,76,0,0
23564780,833,57,0,1,23691398,1188,27,0,0
23631642,700,21,0,5,23583378,824,57,0,0
23611059,1501,160,0,4,23657819,395,26,0,0
23604382,1186,22,0,0,23637808,186,65,0,0
23699068,977,54,0,0,23699077,701,40,0,0
23691199,907,69,0,0,23578210,1994,37,0,0
23711376,672,17,0,0,23569805,452,53,0,0
23709732,1204,56,0,4,23602809,856,20,0,0
23665452,420,21,0,3,23625916,1596,30,0,0
23628458,960,33,0,1,23634965,1638,41,0,0
23621993,1043,59,0,0,23661788,533,30,0,0
23593682,895,30,0,11,23643530,863,50,0,0
23658395,367,77,0,0,23632505,1134,46,0,0
23683724,2090,31,0,1,23621935,517,33,0,0
23583399,833,46,0,1,23649276,715,35,0,0
23647918,2160,62,0,7,23693281,2099,42,0,0
23624811,613,31,0,1,23703817,1049,46,0,0
23569138,1495,41,0,1,23569415,1198,91,0,0
23578087,1650,32,0,0,23584397,628,56,0,0
23619176,850,52,0,1,23674561,1457,20,0,0
23689836,1028,45,0,1,23649335,1367,46,0,0
23669211,1549,28,0,2,23605578,1156,156,0,0
23690291,688,58,0,2,23679747,184,36,0,0
23588905,1609,34,0,4,23587192,783,51,0,0
23664754,422,62,0,3,23661126,732,43,0,0
23591170,1276,35,0,3,23643488,539,14,0,0
23660793,1307,76,0,4,23568777,1191,37,0,0
23615765,2124,24,0,2,23657423,664,50,0,0
23676304,1887,49,0,1,23614479,737,55,0,0
23698201,1174,76,0,4,23659773,1427,96,0,0
23651185,756,34,0,3,23710222,1020,58,0,0
23677780,2132,28,0,1,23644701,177,57,0,0
23590716,450,30,0,0,23580332,1167,29,0,0
23639543,1393,57,0,0,23635784,1381,17,0,0
23573498,1425,44,0,2,23703230,169,86,0,0
23595512,2337,32,0,6,23637300,1311,45,0,0
23605524,684,45,0,1,23680518,1597,56,0,0
23678214,159,80,0,1,23656236,1276,31,0,0
23709176,327,58,0,0,23674076,785,57,0,0
23599841,1363,104,0,0,23686113,1162,29,0,0
23672888,2479,36,0,3,23697501,2102,48,0,0
23687706,1171,57,0,9,23580041,539,29,0,0
23592809,1971,70,0,1,23683085,630,56,0,0
23571828,1000,67,0,1,23641224,1767,18,0,0
23657239,844,40,0,0,23672271,2527,27,0,0
23696630,1014,70,0,2,23619575,237,45,0,0
23600366,1469,91,0,4,23584262,1157,30,0,0
23707088,1911,28,0,0,23673808,157,103,0,0
23661153,478,59,0,1,23618322,742,34,0,0
23613255,1072,57,0,1,23575847,641,33,0,0
23639906,600,66,0,1,23569218,1173,63,0,0
23612602,1674,32,0,3,23645970,757,64,0,0
23631888,972,39,0,3,23647159,1171,64,0,0
23619988,944,35,0,0,23681540,667,51,0,0
23571726,1061,18,0,3,23713089,877,50,0,0
23686228,442,39,0,2,23675184,964,169,0,0
23705687,705,55,0,2,23572029,2259,39,0,0
23709477,1886,37,0,5,23696616,1241,34,0,0
23701826,1874,24,0,0,23567442,870,60,0,0
23629916,1210,58,0,1,23601865,2234,43,0,0
23677464,1359,45,0,3,23643436,2117,101,0,0
23602451,636,38,0,3,23582123,1256,24,0,0
23578547,886,40,0,5,23573354,1179,40,0,0
23696254,1333,41,0,0,23677525,1101,52,0,0
23701427,778,157,0,3,23567225,445,32,0,0
23667800,568,70,0,2,23712703,868,44,0,0
23580417,214,58,0,0,23588799,778,41,0,0
23603207,1036,40,0,1,23596964,604,65,0,1
23651888,802,41,0,1,23601471,273,47,0,0
23615088,1512,41,0,4,23633212,938,65,0,0
23672071,292,50,0,4,23607528,962,44,0,0
23629119,712,37,0,1,23631962,1115,74,0,0
23675332,878,36,0,0,23641085,837,19,0,0
23568835,1870,29,0,3,23674279,699,47,0,0
23673181,1224,45,0,0,23622195,636,61,0,0
23575638,1100,24,0,3,23646972,1106,51,0,0
23687448,848,72,0,0,23583248,751,34,0,0
23651572,650,63,0,0,23707661,636,54,0,0
23611030,1715,59,0,3,23710949,472,29,0,0
23599820,412,25,0,1,23601830,882,23,0,0
23661144,798,51,0,1,23595377,2369,47,0,0
23683332,738,52,0,5,23618458,405,56,0,0
23690240,381,77,0,3,23643245,559,61,0,0
23673923,1140,42,0,2,23634110,2162,58,0,0
23676771,981,52,0,0,23603435,1355,43,0,0
23635140,1089,16,0,8,23631492,1111,39,0,0
23583515,2497,50,0,2,23577177,2413,27,0,0
23642876,1673,36,0,4,23644531,1395,38,0,0
23615582,1188,44,0,1,23603971,1368,43,0,0
23639230,1298,75,0,1,23722984,1408,57,0,0
23610905,1993,22,0,4,23684470,1452,25,0,0
23597679,1317,29,0,1,23641341,2324,40,0,0
23679053,1926,41,0,1,23648278,590,40,0,0
23631630,1714,34,0,3,23705880,911,24,0,0
23665899,577,18,0,3,23650290,668,41,0,0
23638277,873,57,0,5,23619410,721,63,0,0
23617972,535,61,0,2,23580979,1083,51,0,0
23611191,944,47,0,1,23645432,1567,43,0,0
23640884,1264,27,0,2,23573795,553,66,0,0
23603586,815,62,0,3,23689526,746,56,0,0
23670909,638,32,0,6,23669600,645,62,0,0
23662987,1392,28,0,0,23643263,839,45,0,0
23640862,956,27,0,1,23646705,741,36,0,0
23589890,1176,51,0,1,23588575,914,77,0,0
23672764,1806,64,0,1,23663071,1923,43,0,0
23629300,811,28,0,3,23578717,1187,49,0,0
23641227,953,36,0,2,23626564,2225,56,0,0
23619538,215,52,0,6,23609801,334,16,0,0
23726643,1729,63,0,7,23640734,837,60,0,0
23606567,520,84,0,3,23643098,1269,37,0,0
23711385,2010,42,0,2,23680945,720,57,0,0
23599054,2432,48,0,3,23613448,1288,53,0,0
23592010,1182,48,0,2,23576104,568,17,0,0
23600473,830,43,0,0,23656358,450,33,0,0
23645380,994,70,0,0,23692460,666,50,0,0
23683886,1733,46,0,0,23607108,1047,61,0,0
23596280,868,38,0,8,23584140,1916,35,0,0
23641315,922,49,0,1,23643126,387,33,0,0
23630013,1474,38,0,3,23684231,792,51,0,0
23648352,1178,41,0,7,23643673,1441,27,0,0
23611241,1781,34,0,0,23705863,1700,73,0,0
23599326,1568,21,0,0,23647082,411,47,0,0
23601525,1992,121,0,0,23682707,609,29,0,0
23718086,1770,47,0,4,23575952,953,67,0,0
23704612,1121,89,0,2,23696117,1175,23,0,0
23683086,859,77,0,4,23666740,1508,53,0,0
23585954,1821,76,0,0,23628578,910,29,0,0
23572908,783,101,0,2,23618617,622,17,0,0
23659801,396,80,0,6,23592793,1134,19,0,0
23724325,1205,31,0,0,23725552,982,60,0,0
23641026,1711,49,0,0,23683005,1171,41,0,0
23695336,2030,31,0,0,23615470,539,36,0,0
23689244,1251,67,0,0,23627491,610,60,0,0
23583466,1609,43,0,1,23644617,986,42,0,0
23590763,1685,16,0,6,23589909,1172,34,0,0
23665902,1264,37,0,4,23629648,1480,35,0,0
23724051,1247,27,0,4,23581669,642,30,0,0
23606052,1545,30,0,1,23682042,1185,60,0,0
23679850,1600,73,0,1,23711711,1821,91,0,0
23617035,472,60,0,3,23602429,395,62,0,0
23659531,1068,45,0,1,23716408,860,60,0,0
23693100,618,59,0,3,23599892,1798,40,0,0
23691927,2110,41,0,2,23729965,1843,39,0,0
23605922,238,43,0,1,23592877,674,21,0,0
23613972,724,47,0,0,23638994,750,33,0,0
23579555,726,26,0,1,23694894,337,46,0,0
23572427,1587,45,0,2,23685395,1018,23,0,0
23714886,1060,63,0,3,23706955,1290,82,0,0
23713482,999,69,0,2,23661843,1179,46,0,0
23617081,1661,30,0,1,23609690,1509,48,0,0
23631668,978,21,0,1,23678488,888,84,0,0
23647188,1296,44,0,2,23586566,2092,51,0,0
23608343,2140,45,0,0,23646394,1633,19,0,0
23664840,912,24,0,3,23708119,2353,44,0,0
23653963,667,60,0,0,23652331,1209,39,0,0
23725498,702,44,0,3,23681990,1917,45,0,0
23591581,1633,46,0,1,23686515,1255,38,0,0
23584336,454,17,0,2,23726827,105,49,0,0
23651460,1186,32,0,0,23664233,699,111,0,0
23644999,652,55,0,1,23650059,1597,20,0,0
23674207,927,41,0,2,23642862,450,60,0,0
23679187,1587,40,0,2,23666059,539,24,0,0
23619282,1138,34,0,3,23665213,1178,67,0,0
23668582,1950,80,0,0,23579176,424,34,0,0
23720377,1239,31,0,0,23652440,635,17,0,0
23613773,1467,68,0,2,23587801,692,29,0,0
23674166,795,58,0,1,23673704,1221,61,0,0
23687970,1042,24,0,4,23578259,1104,52,0,0
23639771,727,96,0,8,23646726,1936,62,0,0
23612578,1893,33,0,4,23586383,1638,20,0,0
23643381,1237,39,0,1,23579055,1581,35,0,0
23628299,779,15,0,1,23639849,1056,49,0,0
23665779,1834,31,0,3,23626895,1568,38,0,0
23637015,1049,52,0,0,23726020,1569,82,0,0
23594163,432,50,0,0,23651725,804,106,0,0
23673635,1624,72,0,2,23595487,1034,44,0,0
23657912,1495,18,0,3,23634666,1806,50,0,0
23707175,2238,36,0,0,23644768,1291,19,0,0
23671784,825,52,0,3,23620396,352,83,0,0
23642086,1518,35,0,3,23577632,541,42,0,0
23634469,1770,41,0,0,23670294,1615,36,0,0
23661785,1019,30,0,5,23640996,1261,588,0,0
23587095,1040,64,0,1,23721460,312,78,0,0
23700491,951,43,0,3,23577046,1863,50,0,0
23671503,595,39,0,2,23667293,1943,48,0,0
23611903,770,58,0,5,23629254,1555,25,0,0
23668077,940,163,0,7,23644264,1695,84,0,0
23606784,703,92,0,1,23627482,2123,51,0,0
23682675,853,50,0,1,23627971,1280,42,0,0
23673569,672,37,0,0,23642072,1304,32,0,0
23647937,2381,39,0,1,23582906,1110,86,0,0
23649498,1134,19,0,0,23698911,2052,43,0,0
23711215,1529,31,0,1,23649261,2148,22,0,0
23711281,664,26,0,4,23588103,805,40,0,0
23731421,1897,41,0,3,23586110,674,56,0,0
23640028,1021,70,0,1,23639243,1261,23,0,0
23665185,1163,39,0,1,23676050,1320,30,0,0
23677781,1172,91,0,1,23647040,232,37,0,0
23578757,1264,36,0,2,23687318,1772,39,0,0
23694425,1813,48,0,1,23732451,540,54,0,0
23616073,1089,72,0,1,23680467,1541,94,0,0
23646672,1119,24,0,1,23622282,921,25,0,0
23576912,1301,21,0,1,23652271,559,122,0,0
23715936,1058,50,0,5,23673792,2145,53,0,0
23649935,1284,24,0,2,23620141,1159,18,0,0
23657688,240,69,0,9,23621342,425,30,0,0
23662387,1865,35,0,2,23693918,697,56,0,0
23727349,2566,47,0,0,23646553,911,76,0,0
23580334,1020,44,0,8,23596530,1882,46,0,0
23725690,1237,26,0,2,23678689,1297,36,0,0
23708234,1772,49,0,0,23616235,888,34,0,0
23705574,1236,42,0,2,23657293,1036,48,0,0
23636283,848,77,0,3,23616367,1130,77,0,0
23647817,217,43,0,10,23699260,1029,39,0,0
23622065,471,50,0,3,23669599,632,45,0,0
23711353,1612,28,0,1,23588781,289,39,0,0
23606777,1052,49,0,1,23683110,1107,65,0,0
23604569,1723,51,0,8,23706938,882,18,0,0
23661767,1044,30,0,3,23715536,170,73,0,0
23664115,1830,61,0,0,23626303,1186,48,0,0
23649228,1642,31,0,0,23649699,1659,57,0,0
23660889,1175,66,0,1,23590543,1122,55,0,0
23686667,2228,28,0,1,23608342,1366,49,0,0
23595605,1849,36,0,4,23673406,921,47,0,0
23650280,805,74,0,3,23601662,851,35,0,0
23664186,1104,69,0,1,23595477,1171,42,0,0
23676042,1125,40,0,3,23643986,2168,47,0,0
23624351,1780,32,0,2,23694258,1451,31,0,0
23604368,635,35,0,0,23617399,485,90,0,0
23636438,1056,51,0,5,23579350,526,51,0,0
23653160,1489,27,0,3,23733122,921,176,0,0
23606605,1397,24,0,1,23622020,1705,43,0,0
23583880,1657,51,0,0,23710331,959,47,0,0
23688689,1030,18,0,0,23638399,1996,29,0,0
23637792,1689,28,0,2,23640867,934,130,0,0
23650827,1482,63,0,4,23685784,1708,130,0,0
23593597,638,56,0,0,23590782,1341,20,0,0
23646738,219,38,0,0,23654072,634,21,0,0
23606084,584,27,0,0,23705050,2011,55,0,0
23614546,1309,221,0,0,23580949,619,31,0,0
23632579,1522,39,0,1,23699496,177,27,0,0
23733223,2130,50,0,1,23610290,947,24,0,0
23698719,1003,32,0,0,23592072,977,53,0,0
23629010,1217,46,0,1,23694056,604,84,0,0
23649217,1956,48,0,0,23634703,507,31,0,0
23707681,847,29,0,3,23621198,1434,64,0,0
23667873,1171,58,0,3,23701594,2257,73,0,0
23637069,1014,671,0,1,23600530,1674,29,0,0
23692270,486,34,0,1,23591636,819,78,0,0
23638235,893,50,0,1,23664656,1257,72,0,1
23635414,216,86,0,1,23583532,2084,56,0,0
23620277,434,34,0,2,23691774,438,45,0,0
23608764,865,49,0,6,23587882,1360,37,0,0
23682320,1031,63,0,0,23703933,2002,37,0,0
23661921,1839,62,0,6,23618248,2561,50,0,0
23638306,351,39,0,1,23622477,949,23,0,0
23728830,1008,20,0,2,23724607,2405,30,0,0
23693597,698,27,0,6,23736671,236,64,0,0
23709776,1197,48,0,2,23648821,1867,23,0,0
23661572,2291,66,0,1,23658186,1334,64,0,0
23662721,500,19,0,2,23713210,1045,41,0,0
23635524,1419,30,0,0,23590951,212,53,0,0
23706643,1523,54,0,0,23637093,1546,38,0,0
23642400,2389,38,0,1,23735956,1068,62,0,0
23628468,483,57,0,0,23583133,2078,55,0,0
23647330,1517,29,0,1,23645870,1821,22,0,0
23699680,1344,73,0,2,23586762,429,91,0,0
23592078,2370,57,0,2,23692363,688,25,0,0
23689881,1225,44,0,1,23696418,1034,74,0,0
23736707,911,41,0,4,23581643,261,37,0,0
23650929,1025,23,0,5,23706749,703,50,0,0
23627458,736,22,0,2,23727428,437,57,0,0
23610722,360,59,0,4,23678600,1020,29,0,0
23662835,1359,17,0,0,23606846,1225,37,0,0
23725658,1557,58,0,2,23738242,1089,28,0,0
23647170,902,52,0,5,23609162,1320,65,0,0
23605444,1566,41,0,5,23649557,1564,42,0,0
23709476,621,27,0,5,23719365,2017,45,0,0
23589898,2261,61,0,0,23630337,898,40,0,0
23607708,1020,41,0,5,23612722,912,32,0,0
23607759,859,13,0,1,23587294,679,29,0,0
23608247,1051,53,0,4,23657074,663,51,0,0
23638144,825,18,0,0,23632383,248,41,0,0
23716702,681,46,0,0,23696010,744,69,0,0
23595019,606,32,0,1,23622314,736,59,0,0
23712141,686,119,0,0,23581841,1793,47,0,0
23734701,1198,50,0,0,23739018,799,60,0,0
23645700,2157,34,0,1,23702707,2334,34,0,0
23709096,1000,42,0,2,23659730,2077,51,0,0
23711959,713,81,0,1,23683322,895,58,0,0
23680045,1335,39,0,1,23636923,1052,32,0,0
23593049,906,29,0,2,23695241,2261,22,0,0
23717867,1959,42,0,2,23642687,1048,33,0,0
23739147,1004,51,0,0,23587096,509,73,0,0
23613567,429,97,0,4,23711144,595,34,0,0
23718553,1364,83,0,1,23582200,1059,58,0,0
23690144,460,103,0,0,23726790,618,21,0,0
23682857,1368,32,0,8,23700024,1290,72,0,0
23607980,1453,72,0,0,23609941,2062,36,0,0
23643043,1114,39,0,3,23653417,859,45,0,0
23630559,1625,25,0,1,23639646,931,76,0,0
23586607,852,45,0,1,23730807,1049,47,0,0
23621828,827,67,0,4,23682043,1516,67,0,0
23712087,470,62,0,1,23623012,982,37,0,0
23693712,1631,29,0,6,23650948,2179,41,0,0
23683300,2076,29,0,1,23671675,712,26,0,0
23710345,646,37,0,1,23609656,2476,45,0,0
23643247,2281,30,0,1,23614927,1167,40,0,0
23734096,1039,24,0,1,23594592,880,18,0,0
23589424,281,48,0,1,23669039,669,253,0,0
23664626,2499,33,0,5,23598820,1074,40,0,0
23651541,428,24,0,0,23685652,702,74,0,0
23586078,660,64,0,2,23590502,1680,38,0,0
23619946,1573,35,0,4,23719941,696,68,0,0
23621833,1344,31,0,12,23587639,561,64,0,0
23593040,604,35,0,1,23689436,622,37,0,0
23644184,1581,35,0,4,23669892,2042,23,0,0
23652335,1314,45,0,1,23685158,1444,74,0,0
23589415,803,34,0,1,23673701,538,30,0,0
23648496,1413,31,0,1,23709937,979,77,0,0
23608518,1085,22,0,3,23623247,1552,60,0,0
23633970,1269,40,0,1,23698160,830,56,0,0
23724427,1807,26,0,1,23660657,1697,58,0,0
23614756,1659,24,0,0,23638351,2107,34,0,0
23592143,1039,51,0,1,23659938,2208,55,0,0
23697396,646,59,0,1,23671963,1022,21,0,0
23622210,301,83,0,0,23730026,773,34,0,0
23740214,1374,41,0,5,23706923,960,22,0,0
23738227,1979,27,0,0,23639442,1049,42,0,0
23661238,627,31,0,3,23680844,750,48,0,0
23646877,978,25,0,0,23691048,1093,34,0,0
23662226,2206,26,0,1,23608967,1864,46,0,0
23724869,875,56,0,8,23705375,1446,92,0,0
23654323,976,46,0,6,23622247,1623,18,0,0
23709990,689,34,0,0,23656326,765,24,0,0
23681283,763,89,0,1,23660579,889,16,0,0
23657595,458,21,0,0,23670234,985,69,0,0
23606924,701,34,0,5,23645984,878,37,0,0
23625269,982,54,0,1,23680827,605,61,0,0
23637529,1627,37,0,1,23720595,575,23,0,0
23615653,1447,37,0,3,23653449,2464,36,0,0
23740203,840,39,0,5,23610636,1154,45,0,0
23704956,1230,39,0,1,23616982,810,42,0,0
23678867,780,63,0,2,23671118,1156,32,0,0
23690967,1414,42,0,1,23663128,1814,49,0,0
23651155,864,20,0,1,23666639,889,16,0,0
23596907,1263,59,0,3,23614880,874,103,0,0
23590196,252,113,0,2,23699775,1274,47,0,0
23698423,2163,38,0,2,23711174,617,28,0,0
23616801,539,73,0,3,23613303,1773,54,0,0
23706883,1009,28,0,2,23626080,1764,37,0,0
23636471,155,65,0,15,23609607,1052,33,0,0
23718960,1474,51,0,1,23637125,671,62,0,0
23703005,1267,52,0,0,23739930,617,111,0,0
23691405,550,35,0,2,23627654,316,44,0,0
23674042,790,29,0,0,23727902,176,29,0,0
23649461,1229,87,0,5,23620392,526,37,0,0
23638027,747,29,0,2,23738439,1148,61,0,0
23738359,1779,29,0,3,23681870,621,48,0,0
23647409,1364,59,0,4,23631034,610,100,0,0
23702835,1165,42,0,5,23724113,1114,90,0,0
23675432,2579,60,0,0,23711628,1858,47,0,0
23728483,699,35,0,2,23611319,1963,42,0,0
23720829,1890,25,0,4,23644752,929,17,0,0
23742905,2227,19,0,1,23615638,943,41,0,0
23651128,2242,40,0,4,23653439,810,66,0,0
23667867,909,75,0,2,23632334,820,39,0,0
23705035,870,44,0,3,23676548,306,42,0,0
23671104,1305,30,0,4,23590016,2311,28,0,0
23664875,967,24,0,1,23696030,1884,61,0,0
23651623,1257,17,0,2,23690469,213,71,0,0
23629486,1144,28,0,8,23627887,1082,50,0,0
23613521,1117,54,0,4,23658442,1556,20,0,0
23613826,1674,39,0,2,23588450,959,24,0,0
23592953,1032,35,0,2,23688631,1476,41,0,0
23650712,1804,26,0,1,23731212,1660,28,0,0
23676731,2045,50,0,0,23618957,672,90,0,0
23620387,621,18,0,1,23705083,1750,26,0,0
23707600,1685,53,0,2,23629160,1128,28,0,0
23713403,561,58,0,4,23633912,2402,64,0,0
23692042,804,52,0,1,23700626,1887,34,0,0
23601421,434,53,0,1,23694974,1363,17,0,0
23740320,1737,39,0,1,23597744,1352,16,0,0
23656822,1794,33,0,0,23666805,1155,46,0,0
23675556,1370,58,0,2,23622383,1634,27,0,0
23605679,1762,67,0,1,23637588,1499,31,0,0
23598141,1328,99,0,2,23639060,2346,47,0,0
23666689,1003,35,0,2,23702037,2357,47,0,0
23688651,273,60,0,0,23696126,1456,43,0,0
23621423,437,39,0,2,23638394,992,48,0,0
23658609,1183,48,0,11,23676767,921,35,0,0
23659315,1326,60,0,1,23594804,1480,29,0,0
23726623,2024,34,0,6,23684015,2261,34,0,0
23645502,1657,24,0,3,23637364,1243,69,0,0
23711976,1659,83,0,1,23694002,1669,30,0,0
23656227,125,92,0,5,23592784,1920,55,0,0
23626397,2406,59,0,3,23724767,2529,55,0,0
23741879,624,70,0,2,23638300,514,76,0,0
23660862,854,55,0,3,23649431,497,44,0,0
23590967,938,33,0,1,23711781,344,403,0,0
23742673,1712,50,0,11,23642323,303,21,0,0
23623474,1127,41,0,6,23661175,1773,19,0,0
23655568,1648,78,0,5,23699884,825,37,0,0
23610931,855,56,0,3,23645192,1329,69,0,0
23595111,1754,26,0,10,23699820,129,93,0,0
23670564,1005,69,0,3,23741429,2365,48,0,0
23652675,782,45,0,0,23676175,961,64,0,0
23649190,975,83,0,0,23644012,1614,18,0,0
23692085,287,73,0,6,23646697,651,56,0,0
23591846,611,51,0,2,23695734,1625,61,0,0
23659085,1659,59,0,0,23704817,978,15,0,0
23690785,122,41,0,1,23637977,1107,68,0,0
23676025,628,51,0,3,23675663,353,49,0,0
23723159,867,63,0,3,23738717,2346,57,0,0
23678903,148,82,0,3,23675506,1899,50,0,0
23675755,1588,46,0,4,23653911,820,26,0,0
23684224,1155,41,0,3,23701330,1566,64,0,0
23623461,1278,32,0,2,23641271,1281,57,0,0
23632091,267,33,0,1,23590053,2165,20,0,0
23638666,1155,53,0,2,23617906,2090,73,0,0
23624609,557,87,0,0,23608157,420,52,0,0
23675924,256,95,0,0,23652986,643,26,0,0
23599755,750,50,0,6,23682657,891,28,0,0
23717906,729,79,0,2,23644441,1155,27,0,0
23734385,1927,30,0,5,23745203,1865,50,0,0
23717694,393,88,0,0,23643872,1778,47,0,0
23598491,189,45,0,1,23665008,1162,25,0,0
23726885,1896,51,0,0,23711708,366,140,0,0
23624706,1059,42,0,7,23629982,941,34,0,0
23742310,1158,29,0,4,23738210,1537,53,0,0
23738265,805,36,0,2,23659173,552,61,0,0
23704772,2216,23,0,1,23654373,1055,41,0,0
23634618,261,42,0,1,23623146,199,26,0,0
23674175,502,25,0,0,23685242,1066,26,0,0
23734787,1377,56,0,0,23652211,1461,33,0,0
23647458,2542,48,0,1,23695983,1626,54,0,0
23745461,2101,57,0,1,23592093,926,23,0,0
23658066,1113,13,0,2,23611012,1150,58,0,0
23728719,1792,73,0,4,23605439,1197,18,0,0
23629249,817,961,0,3,23728127,1147,52,0,0
23712745,1222,44,0,5,23739054,620,58,0,0
23685211,399,42,0,3,23709036,1540,61,0,0
23675076,1298,32,0,3,23642495,152,37,0,0
23700266,1666,95,0,6,23675858,1183,20,0,0
23741068,2349,34,0,1,23694091,2507,22,0,0
23636494,622,33,0,1,23749134,1105,56,0,0
23749688,918,51,0,0,23710043,734,65,0,0
23621074,1217,30,0,3,23648756,1123,56,0,0
23634137,917,38,0,9,23666491,514,33,0,0
23646733,1045,30,0,1,23711251,1354,70,0,0
23700416,600,21,0,0,23674975,1124,21,0,0
23616333,302,49,0,0,23624327,891,33,0,0
23681314,1928,25,0,0,23595138,174,50,0,0
23649391,1248,49,0,3,23680824,1485,41,0,0
23705735,266,28,0,1,23705786,1519,63,0,0
23685747,1808,34,0,1,23704456,699,18,0,0
23654033,2078,20,0,1,23612320,1039,38,0,0
23618915,617,41,0,2,23688264,831,33,0,0
23751259,1196,19,0,0,23696563,473,27,0,0
23739442,1600,19,0,2,23611178,418,54,0,0
23646156,750,63,0,6,23637730,2076,69,0,0
23713438,907,79,0,4,23608262,828,54,0,0
23734604,2217,49,0,1,23702354,725,39,0,0
23700035,1178,61,0,4,23604820,1381,28,0,0
23635874,170,57,0,3,23615812,769,42,0,0
23689054,1261,45,0,2,23652585,982,218,0,0
23618435,656,48,0,1,23747614,1993,26,0,0
23634759,2016,43,0,1,23695059,766,22,0,0
23698498,624,39,0,4,23726432,936,33,0,0
23670718,1881,46,0,1,23601853,1416,34,0,0
23703775,1237,56,0,5,23626701,793,30,0,0
23712602,888,21,0,2,23728912,2512,20,0,0
23645880,978,27,0,2,23610111,406,24,0,0
23695661,596,238,0,0,23631237,1668,50,0,0
23681430,1552,58,0,2,23661631,2041,48,0,0
23637369,1004,30,0,1,23623191,1577,54,0,0
23635810,970,67,0,2,23654126,1692,74,0,0
23634483,860,57,0,6,23707672,1921,26,0,0
23666764,268,30,0,13,23668006,1747,39,0,0
23727513,1668,82,0,2,23654377,1653,46,0,0
23599813,1535,50,0,3,23600687,1033,41,0,0
23740114,1143,48,0,1,23695521,1487,35,0,0
23743958,1769,53,0,1,23643012,615,75,0,0
23619819,724,54,0,0,23618274,1140,24,0,0
23697168,665,57,0,2,23745161,2234,62,0,0
23695432,607,79,0,3,23602111,1575,77,0,0
23682680,1901,31,0,0,23649553,614,62,0,0
23675665,1971,48,0,2,23623666,640,43,0,0
23635960,822,88,0,0,23731046,203,15,0,0
23665889,774,20,0,1,23647032,2468,29,0,0
23609060,657,60,0,2,23726704,1205,53,0,0
23617118,1105,38,0,0,23652892,1707,38,0,0
23611635,870,105,0,2,23729903,1017,41,0,0
23701775,2138,40,0,8,23637728,1671,64,0,0
23628099,868,48,0,5,23730504,1201,66,0,0
23619203,928,39,0,1,23709940,1606,66,0,0
23739103,1455,19,0,2,23652750,225,121,0,0
23610105,1494,71,0,1,23602470,1998,39,0,0
23705022,740,35,0,1,23729673,343,32,0,0
23602433,678,28,0,2,23662482,663,67,0,0
23698956,954,29,0,1,23661806,1297,45,0,0
23659276,1247,46,0,3,23614920,1177,23,0,0
23601914,1217,38,0,5,23608175,768,32,0,0
23703582,1265,32,0,0,23748927,1452,19,0,0
23614017,410,66,0,4,23751072,1041,26,0,0
23663783,796,57,0,2,23665938,1153,20,0,0
23617732,2561,35,0,2,23597838,964,34,0,0
23612796,1856,55,0,5,23658634,1076,51,0,0
23736272,1425,22,0,1,23653890,402,42,0,0
23734328,1991,19,0,1,23693883,1109,53,0,0
23751799,969,52,0,7,23602660,647,89,0,0
23728696,534,66,0,12,23608108,1068,46,0,0
23629294,713,56,0,2,23669478,802,30,0,0
23658739,2342,97,0,1,23693718,1065,60,0,0
23723022,949,36,0,0,23643511,967,71,0,0
23672630,741,62,0,2,23647919,921,39,0,0
23708086,1188,137,0,0,23701781,1939,24,0,0
23659006,650,51,0,0,23651376,811,20,0,0
23678940,904,92,0,0,23750775,1297,52,0,0
23656266,1664,30,0,0,23677934,810,39,0,0
23668268,1747,112,0,1,23653846,2147,78,0,0
23617859,118,27,0,0,23643541,779,91,0,0
23737813,509,23,0,2,23740885,956,43,0,0
23686013,1026,35,0,7,23641320,408,125,0,0
23603080,1126,27,0,0,23636153,2210,48,0,0
23743848,850,57,0,3,23618130,623,47,0,0
23679545,540,80,0,0,23724492,103,47,0,0
23629306,1288,68,0,2,23658985,1686,21,0,0
23676573,124,45,0,1,23666038,1490,69,0,0
23705254,2071,57,0,2,23673812,281,62,0,0
23654264,1526,43,0,5,23710191,2180,25,0,0
23707031,1304,43,0,2,23650009,970,137,0,0
23753581,213,30,0,4,23736909,1247,71,0,0
23670596,871,77,0,3,23742424,1360,51,0,0
23663584,1707,32,0,0,23736881,1460,44,0,0
23682735,245,64,0,5,23632324,2132,26,0,0
23600491,1376,48,0,1,23663655,1250,53,0,0
23720868,704,160,0,1,23647661,1357,89,0,0
23649086,1465,21,0,0,23727463,955,42,0,0
23682359,1131,60,0,4,23630908,963,59,0,0
23662179,1422,71,0,0,23707858,529,64,0,0
23613881,1010,60,0,2,23680910,876,52,0,0
23677094,2309,35,0,1,23743279,895,49,0,0
23701181,2090,80,0,1,23707280,700,42,0,0
23740671,1045,36,0,1,23673383,290,24,0,0
23749382,601,65,0,0,23700967,710,77,0,0
23648634,1144,55,0,0,23734375,1018,85,0,0
23754430,861,43,0,5,23696454,564,37,0,0
23632417,1027,32,0,2,23700085,829,55,0,0
23661694,1761,17,0,2,23655097,422,34,0,0
23657090,1029,45,0,3,23670730,632,22,0,0
23621903,784,63,0,2,23622404,806,44,0,0
23696764,950,33,0,1,23689500,1758,62,0,0
23673449,886,53,0,0,23646800,834,90,0,0
23678562,1580,46,0,2,23654919,988,84,0,0
23717073,139,23,0,0,23636659,1648,32,0,0
23605479,719,41,0,2,23696067,1603,78,0,0
23648103,1840,55,0,1,23682441,1436,38,0,0
23609248,896,40,0,2,23607808,283,71,0,0
23661656,575,53,0,1,23727489,1573,28,0,0
23751601,1843,36,0,2,23604547,1668,39,0,0
23716008,917,22,0,4,23621955,1681,35,0,0
23708421,635,37,0,1,23646370,210,43,0,0
23706337,705,61,0,1,23665223,1186,87,0,0
23729670,806,56,0,0,23745588,137,39,0,0
23628790,1697,41,0,4,23640267,1359,33,0,0
23741784,1424,27,0,1,23607657,810,19,0,0
23663651,1240,30,0,3,23692714,928,43,0,0
23748421,1708,37,0,2,23627674,772,49,0,0
23732986,1031,48,0,2,23715461,1580,19,0,0
23668241,725,34,0,1,23741245,1692,34,0,0
23644227,102,21,0,0,23733094,723,41,0,0
23635696,1547,33,0,0,23686656,888,20,0,0
23731329,839,57,0,3,23623409,1319,57,0,0
23654179,1146,80,0,5,23602832,1388,32,0,0
23638521,1191,31,0,4,23645929,1598,29,0,0
23661603,2013,30,0,3,23758942,1133,24,0,0
23682777,1050,33,0,3,23647849,643,112,0,0
23611900,812,96,0,1,23619327,1212,57,0,0
23745274,440,33,0,2,23729216,1156,37,0,0
23606895,1165,42,0,1,23746206,1187,28,0,0
23670543,1131,45,0,2,23717941,2139,27,0,0
23672224,684,79,0,3,23751025,1131,35,0,0
23742600,1501,54,0,3,23613579,1058,71,0,0
23709452,1272,59,0,1,23674884,1025,19,0,0
23602132,2194,45,0,8,23613813,1011,39,0,0
23614213,666,61,0,6,23723308,887,43,0,0
23735001,1091,29,0,3,23632319,1789,38,0,0
23607453,767,46,0,0,23735514,690,56,0,0
23698377,368,55,0,4,23731954,866,64,0,0
23732771,261,134,0,3,23746616,802,86,0,0
23638411,1624,54,0,1,23687404,510,132,0,0
23730128,936,70,0,1,23717280,1489,77,0,0
23636680,862,23,0,3,23729350,501,57,0,0
23680455,1330,46,0,2,23645296,2186,82,0,0
23641487,1896,45,0,5,23661612,689,68,0,0
23673382,1785,80,0,1,23673989,1016,33,0,0
23732703,1519,17,0,3,23677722,741,37,0,0
23694670,858,52,0,0,23605916,604,83,0,0
23685672,1654,33,0,1,23694840,1499,31,0,0
23654786,1675,70,0,1,23604324,2140,29,0,0
23760168,1894,25,0,4,23743208,762,19,0,0
23756029,808,57,0,0,23646138,1101,28,0,0
23758320,1471,26,0,4,23759009,1126,14,0,0
23676397,1478,42,0,0,23736589,356,79,0,0
23610100,423,31,0,9,23737916,102,32,0,0
23643036,1364,44,0,0,23636418,671,62,0,0
23756080,1069,68,0,0,23643267,1642,65,0,0
23748083,1443,55,0,0,23699906,752,69,0,0
23646524,1698,26,0,1,23642929,2184,71,0,0
23663377,904,21,0,1,23740369,909,42,0,0
23648418,729,48,0,3,23609393,1841,32,0,0
23731268,929,29,0,2,23710095,1435,40,0,0
23747233,2352,33,0,4,23691667,1656,61,0,0
23654383,623,58,0,2,23607461,1406,29,0,0
23672795,1220,48,0,0,23713338,495,54,0,0
23666969,1164,22,0,0,23740025,1181,33,0,0
23703959,375,39,0,4,23685252,578,28,0,0
23656608,820,34,0,0,23733510,575,25,0,0
23629367,942,22,0,0,23669101,526,28,0,0
23701302,1910,48,0,1,23684957,544,31,0,0
23633239,1127,43,0,3,23612875,1241,60,0,0
23753702,1674,44,0,6,23686563,206,40,0,0
23703741,282,69,0,0,23623853,1208,52,0,0
23731288,841,94,0,4,23629235,639,248,0,0
23620245,927,49,0,5,23699904,1225,21,0,0
23744599,2011,51,0,2,23619256,617,81,0,0
23675587,1195,48,0,0,23624749,734,29,0,0
23625739,838,19,0,2,23659783,633,54,0,0
23660054,717,62,0,1,23660869,1043,35,0,0
23606646,460,25,0,1,23637269,1046,39,0,0
23670171,1483,39,0,1,23749794,1006,31,0,0
23717517,1759,84,0,2,23727045,1074,63,0,0
23731068,181,22,0,3,23611929,838,57,0,0
23643112,672,61,0,1,23760069,769,53,0,0
23743774,2581,39,0,2,23664021,869,94,0,0
23677708,746,58,0,1,23681951,1812,27,0,0
23658481,2118,68,0,0,23655959,773,61,0,0
23658282,2527,21,0,4,23705111,831,42,0,0
23652366,1492,32,0,0,23760492,1143,20,0,0
23735569,2058,59,0,3,23626364,738,73,0,0
23679566,1040,51,0,1,23647236,1038,38,0,0
23644689,719,48,0,8,23703394,1357,33,0,0
23750795,1669,44,0,1,23606102,527,134,0,0
23665001,1890,79,0,0,23710469,1609,49,0,0
23734894,1021,24,0,1,23625117,1668,175,0,0
23628306,2194,43,0,0,23640877,744,53,0,0
23650846,665,58,0,1,23706945,275,40,0,0
23678706,1789,34,0,1,23761117,1102,135,0,0
23732276,2032,46,0,5,23625858,1370,22,0,0
23744333,461,99,0,3,23646142,402,26,0,0
23657933,989,30,0,1,23676421,811,62,0,0
23681824,1484,33,0,1,23651020,1378,54,0,0
23667686,1444,26,0,2,23628691,1386,40,0,0
23641928,1235,54,0,3,23620822,1198,28,0,0
23747431,652,32,0,2,23633882,632,106,0,0
23644692,925,46,0,2,23717380,1157,40,0,0
23681835,919,43,0,3,23760290,291,88,0,0
23628231,2122,22,0,6,23635662,1166,44,0,0
23697875,793,46,0,1,23664654,1280,48,0,0
23685634,1490,28,0,0,23659502,969,33,0,0
23722547,1625,50,0,1,23653251,665,62,0,0
23753274,983,68,0,3,23638822,1263,73,0,0
23634160,1417,34,0,3,23707957,2104,49,0,0
23654128,133,60,0,4,23729127,1034,65,0,0
23612570,1310,38,0,1,23622231,1326,23,0,0
23677813,997,48,0,7,23710959,1050,63,0,0
23720995,869,40,0,3,23646939,1332,61,0,0
23696832,325,42,0,0,23722851,2404,77,0,0
23614404,151,125,0,1,23623627,1038,33,0,0
23646023,767,33,0,4,23682534,1005,29,0,0
23618998,1116,32,0,2,23703105,1623,60,0,0
23657711,427,95,0,6,23701051,1661,25,0,0
23753136,1353,56,0,5,23749561,699,54,0,0
23745895,1192,24,0,5,23618801,118,27,0,0
23753658,1738,41,0,0,23665402,791,43,0,0
23689317,1108,23,0,0,23763352,1139,106,0,0
23719759,1016,12,0,1,23755817,1065,53,0,0
23746993,1167,40,0,6,23718450,661,13,0,0
23640638,272,66,0,3,23736342,1681,30,0,0
23641475,505,73,0,0,23641684,947,92,0,0
23638156,1300,64,0,1,23623107,1221,55,0,0
23736075,2128,52,0,1,23680781,394,38,0,0
23765080,1369,24,0,2,23612070,1119,33,0,0
23693742,1868,56,0,3,23726008,1826,61,0,0
23614635,1340,33,0,4,23676192,1326,43,0,0
23749878,1465,88,0,2,23674247,974,38,0,0
23734513,986,32,0,2,23762775,996,112,0,0
23721971,748,24,0,0,23677387,1251,43,0,0
23738531,1966,57,0,0,23710226,787,63,0,0
23634769,1588,41,0,1,23746729,471,50,0,0
23634816,909,58,0,2,23703372,383,36,0,0
23708015,1055,50,0,1,23637103,885,130,0,0
23641438,860,83,0,1,23688155,1108,62,0,0
23722723,934,63,0,0,23757330,983,51,0,0
23655761,605,29,0,3,23732594,2151,28,0,0
23739539,1526,30,0,1,23671920,747,23,0,0
23614192,1747,52,0,1,23644087,1486,48,0,0
23642472,1220,101,0,2,23705982,1949,34,0,0
23635399,1393,32,0,0,23753038,1497,94,0,0
23611280,1736,46,0,0,23766815,1367,36,0,0
23753559,1670,47,0,1,23743909,1873,37,0,0
23750095,1539,45,0,1,23723370,1027,43,0,0
23681174,193,130,0,0,23689093,1384,68,0,0
23648099,971,33,0,7,23619240,660,33,0,0
23759931,1559,33,0,4,23757243,967,46,0,0
23742700,1258,109,0,6,23642583,1232,46,0,0
23665569,1337,55,0,2,23748232,1619,42,0,0
23645474,1150,20,0,1,23614701,1383,42,0,0
23680949,652,62,0,3,23720590,699,42,0,0
23756516,137,63,0,7,23660006,972,33,0,0
23687704,1497,50,0,1,23755744,1942,62,0,0
23632986,415,83,0,3,23616725,2196,50,0,0
23686687,869,20,0,4,23631774,1300,44,0,0
23733783,1315,37,0,0,23688690,2373,32,0,0
23630799,767,30,0,3,23761593,791,87,0,0
23712978,1229,37,0,0,23651845,686,70,0,0
23657497,155,42,0,4,23678032,576,39,0,0
23758745,1784,29,0,1,23759351,916,35,0,0
23665116,1194,92,0,1,23613047,1608,52,0,0
23759721,1185,35,0,2,23623946,1450,39,0,0
23732361,306,64,0,0,23660393,102,49,0,0
23645931,1958,99,0,4,23699027,907,40,0,0
23703156,1400,45,0,0,23720439,1055,72,0,0
23743810,954,18,0,0,23616008,2141,58,0,0
23719041,548,80,0,5,23735595,460,27,0,0
23697806,1275,35,0,1,23691072,862,53,0,0
23611862,613,43,0,1,23726571,1796,21,0,0
23735048,1993,36,0,1,23651905,620,21,0,0
23747718,1750,51,0,3,23704609,1538,103,0,0
23614153,2097,21,0,2,23741497,434,44,0,0
23632354,1047,39,0,2,23729916,812,23,0,0
23655376,1392,67,0,3,23669626,1573,37,0,0
23724150,607,40,0,0,23747248,936,25,0,0
23701857,2114,48,0,1,23743020,1750,34,0,0
23726817,1205,90,0,2,23740076,2091,42,0,0
23682378,1132,13,0,3,23675091,902,54,0,0
23730368,848,92,0,1,23762327,1002,53,0,0
23761512,1123,23,0,0,23639062,1290,31,0,0
23686981,1294,61,0,9,23764119,1049,30,0,0
23648449,2110,50,0,1,23670856,950,23,0,0
23675864,1503,27,0,1,23618583,573,31,0,0
23663867,1474,34,0,0,23731511,1950,27,0,0
23690044,762,29,0,3,23647777,2516,61,0,0
23674303,1244,22,0,1,23646496,283,42,0,0
23674582,631,36,0,5,23767274,1356,50,0,0
23688750,418,130,0,2,23634236,1300,62,0,0
23751429,1102,77,0,4,23663105,2013,26,0,0
23677576,1369,62,0,1,23680038,1982,75,0,0
23747372,2519,45,0,0,23737835,355,38,0,0
23767480,1140,36,0,2,23629289,1037,38,0,0
23758617,1597,57,0,1,23649953,1430,25,0,0
23640719,1945,25,0,3,23729655,1067,44,0,0
23631885,1759,46,0,1,23614758,655,45,0,0
23636004,2110,25,0,0,23694725,1667,75,0,0
23629029,1557,37,0,1,23615674,1664,64,0,0
23727905,284,37,0,3,23690411,1940,39,0,0
23644390,742,24,0,6,23664204,1222,49,0,1
23664263,868,22,0,2,23739331,1304,19,0,0
23625332,1733,74,0,3,23771314,235,51,0,0
23687285,1976,55,0,2,23759557,919,66,0,0
23619464,987,67,0,2,23633131,883,48,0,0
23629831,887,33,0,0,23709625,208,50,0,0
23655018,1310,65,0,0,23679140,1629,29,0,0
23650840,537,78,0,2,23642841,1764,32,0,0
23684323,893,61,0,3,23656660,535,35,0,0
23768881,491,51,0,2,23649488,1195,80,0,0
23724240,1258,104,0,1,23770910,404,121,0,0
23640289,798,50,0,3,23758595,889,63,0,0
23618462,2044,37,0,0,23754818,453,44,0,0
23621424,1621,70,0,1,23741892,644,30,0,0
23743039,699,34,0,1,23753445,543,44,0,0
23705198,1533,51,0,1,23686774,2212,33,0,0
23667059,1748,61,0,4,23696860,1908,43,0,0
23700272,1393,49,0,2,23713112,1152,60,0,0
23690105,1864,122,0,3,23704842,828,26,0,0
23634851,1281,63,0,2,23622729,1014,40,0,0
23621365,399,40,0,9,23750218,693,85,0,0
23719979,738,49,0,1,23734772,276,62,0,0
23741150,1055,95,0,4,23737074,2087,25,0,0
23624268,703,57,0,0,23713610,458,73,0,0
23762722,1449,41,0,5,23728396,1289,26,0,1
23667934,945,49,0,2,23643111,1279,69,0,0
23660455,1050,24,0,3,23726731,1165,26,0,0
23701345,973,22,0,0,23714577,870,26,0,0
23754120,1415,47,0,1,23627268,927,79,0,0
23640294,1491,33,0,5,23705746,1209,41,0,0
23748806,2239,55,0,0,23716911,1615,59,0,0
23763500,1495,88,0,2,23694467,122,42,0,0
23664889,1142,72,0,0,23663722,1031,80,0,0
23622518,1890,31,0,1,23759254,557,44,0,0
23625150,1101,61,0,0,23695827,456,55,0,0
23664047,403,42,0,1,23707461,1311,49,0,0
23616001,879,56,0,3,23737387,1386,28,0,0
23749381,581,122,0,0,23773647,1827,36,0,0
23619434,400,69,0,3,23655570,942,43,0,0
23768019,944,59,0,0,23675423,804,39,0,0
23736807,807,55,0,2,23742546,172,38,0,0
23774561,807,57,0,3,23707431,1898,72,0,0
23652840,620,39,0,2,23698375,971,26,0,0
23684951,750,46,0,4,23649375,877,29,0,0
23651637,970,38,0,3,23708584,1146,46,0,0
23635043,1617,34,0,1,23735465,630,33,0,0
23738876,917,64,0,1,23672861,2530,42,0,0
23657886,1020,55,0,8,23637889,865,22,0,0
23700251,585,45,0,7,23647152,933,60,0,0
23655411,1119,38,0,0,23632654,1931,42,0,0
23673049,1247,38,0,7,23761475,1799,39,0,0
23726633,754,39,0,4,23700040,844,36,0,0
23682296,764,31,0,1,23763108,1485,28,0,0
23737690,1416,58,0,0,23706197,844,51,0,0
23626913,1979,38,0,1,23632754,1037,83,0,0
23693365,744,62,0,6,23734796,1455,59,0,0
23622915,1128,44,0,1,23703752,1870,17,0,0
23765009,875,42,0,1,23663472,1377,27,0,0
23723193,771,30,0,7,23642530,1397,52,0,0
23677315,511,79,0,3,23773780,197,40,0,0
23756019,1000,38,0,1,23673401,1497,77,0,0
23753520,1448,46,0,1,23726710,1312,27,0,0
23753659,2024,64,0,2,23717077,750,29,0,0
23742642,874,87,0,1,23623384,316,24,0,0
23666128,709,31,0,5,23653909,2271,48,0,0
23703438,258,98,0,3,23695293,211,38,0,0
23727814,1757,61,0,2,23732556,1796,48,0,0
23618294,861,42,0,2,23755966,598,17,0,0
23708070,1156,38,0,6,23775551,440,70,0,0
23756559,386,27,0,1,23729475,1879,37,0,0
23676663,1614,38,0,1,23648111,482,411,0,0
23625540,2025,55,0,0,23706944,1434,18,0,0
23640659,1228,38,0,3,23675496,669,15,0,0
23629460,1475,26,0,1,23688507,1331,59,0,0
23697905,1230,70,0,5,23770241,1453,55,0,0
23755983,1337,37,0,5,23743743,1409,71,0,0
23668132,703,45,0,0,23671508,1234,31,0,0
23708799,1736,30,0,0,23657736,605,46,0,0
23716828,1172,75,0,3,23733258,1015,177,0,0
23717866,1333,69,0,0,23776845,901,50,0,0
23761706,468,28,0,9,23652404,1976,41,0,0
23643601,1504,68,0,5,23696967,842,78,0,0
23682936,1550,18,0,2,23743657,1342,37,0,0
23698374,2142,48,0,1,23748886,1536,38,0,0
23727895,1337,27,0,0,23747346,1211,47,0,0
23664647,1358,31,0,1,23765123,1687,24,0,0
23765005,841,36,0,1,23656667,440,40,0,0
23757323,1121,36,0,3,23723828,2175,34,0,0
23714356,654,38,0,13,23772983,953,176,0,0
23692843,646,33,0,1,23748864,1297,31,0,0
23752751,1440,34,0,5,23662728,954,40,0,0
23727319,2146,63,0,4,23638219,2036,31,0,0
23760928,1752,31,0,5,23753537,979,99,0,0
23727466,2333,39,0,4,23731921,826,29,0,0
23754214,919,57,0,6,23660212,1132,51,0,0
23736546,1632,83,0,5,23628649,574,25,0,0
23677601,954,30,0,0,23671197,200,28,0,0
23629571,200,48,0,1,23668613,1022,50,0,1
23648835,1601,32,0,4,23660518,708,47,0,0
23683981,519,63,0,13,23679024,816,108,0,0
23725925,2141,38,0,0,23665021,1092,35,0,0
23646474,1103,36,0,2,23624105,1025,24,0,0
23731233,1732,45,0,0,23678778,974,64,0,0
23732606,357,36,0,2,23739945,1235,43,0,0
23635069,1370,72,0,4,23697855,1531,47,0,0
23739353,464,63,0,1,23732364,620,41,0,0
23726583,1219,61,0,7,23701953,413,14,0,0
23729121,1587,33,0,1,23771836,727,30,0,0
23730232,342,42,0,4,23698568,1041,29,0,0
23743908,1125,41,0,5,23699961,2586,50,0,0
23623142,713,77,0,5,23685418,438,23,0,0
23661485,684,91,0,5,23708175,1098,37,0,0
23623795,798,51,0,1,23737829,642,32,0,0
23665922,786,26,0,1,23730375,1017,39,0,0
23745758,1323,59,0,2,23652723,818,77,0,0
23690444,509,55,0,6,23642665,1679,27,0,0
23697912,500,45,0,3,23651398,146,75,0,0
23703804,562,19,0,3,23752634,1407,37,0,0
23730716,1162,35,0,0,23646804,693,31,0,0
23652471,766,79,0,1,23657390,395,38,0,0
23657262,650,36,0,0,23661919,164,98,0,0
23633157,1314,70,0,1,23686889,1657,67,0,0
23629574,1414,42,0,0,23735407,1485,27,0,0
23717148,1361,52,0,2,23753190,1193,30,0,0
23688749,1167,90,0,2,23667179,1060,105,0,0
23734534,130,67,0,0,23662191,1388,55,0,0
23754534,914,37,0,1,23624826,1145,52,0,0
23684911,633,36,0,4,23744783,2482,42,0,0
23716161,410,88,0,3,23724126,1531,32,0,0
23745352,1276,34,0,1,23724542,1293,41,0,0
23762385,726,57,0,0,23680014,1507,44,0,0
23759141,2143,110,0,3,23774592,1025,65,0,0
23661765,1443,73,0,0,23636379,1669,35,0,0
23732322,716,54,0,1,23759079,761,45,0,0
23632377,660,47,0,2,23725333,1782,22,0,0
23769132,1398,51,0,0,23632217,535,40,0,0
23681576,1608,70,0,1,23681465,1310,64,0,0
23651059,483,209,0,6,23639435,1097,25,0,0
23738608,1240,63,0,4,23646128,1471,17,0,0
23630575,418,44,0,8,23646180,501,33,0,0
23667194,1692,29,0,8,23694851,866,39,0,0
23724830,718,93,0,3,23708890,1644,25,0,0
23660700,926,50,0,0,23678454,258,86,0,0
23654367,1194,36,0,2,23705622,1616,41,0,0
23769603,526,82,0,5,23770000,1078,34,0,0
23695215,780,36,0,2,23734392,386,69,0,0
23745986,1774,91,0,2,23772356,1832,23,0,0
23677472,1699,44,0,2,23708610,1751,75,0,0
23767652,1612,28,0,5,23689656,975,29,0,0
23643960,1262,46,0,5,23696069,905,60,0,0
23725924,348,51,0,1,23675006,467,19,0,0
23683829,2462,54,0,1,23674966,1288,22,0,0
23771606,2191,12,0,1,23637117,629,44,0,0
23751552,464,115,0,1,23661394,1117,24,0,0
23766774,1257,65,0,4,23666309,1999,24,0,0
23775110,1406,30,0,0,23680803,1830,38,0,0
23764394,1516,27,0,8,23650885,1380,46,0,0
23711630,618,76,0,7,23738827,1614,30,0,0
23747020,1330,26,0,2,23727847,763,42,0,0
23675633,807,41,0,1,23729176,1731,23,0,0
23742262,476,52,0,4,23732891,2580,58,0,0
23670916,1816,26,0,7,23708989,1108,85,0,0
23639129,969,110,0,2,23670868,2370,53,0,0
23678473,1532,56,0,3,23645508,625,32,0,0
23749297,1752,36,0,2,23706961,353,113,0,0
23671160,942,21,0,1,23750626,845,101,0,0
23730149,1832,85,0,2,23779259,1654,46,0,0
23681391,1197,68,0,10,23697672,1467,54,0,0
23755466,2173,53,0,1,23732434,1054,57,0,0
23676602,797,41,0,1,23715145,2361,87,0,0
23761940,1321,45,0,2,23660254,647,43,0,0
23731252,1284,20,0,0,23721846,1312,50,0,0
23701048,1320,36,0,3,23640515,1206,56,0,0
23731846,1164,37,0,7,23735083,2151,80,0,0
23650755,747,39,0,1,23630937,1338,60,0,0
23726659,1002,54,0,0,23763756,268,37,0,0
23763867,1931,25,0,0,23754492,1598,46,0,0
23720613,1028,55,0,1,23721759,1831,31,0,0
23772143,837,90,0,5,23669786,454,53,0,0
23780423,953,104,0,7,23730297,1579,74,0,0
23771750,953,44,0,2,23740209,1274,55,0,0
23638701,1271,55,0,0,23768751,713,57,0,0
23631257,241,25,0,5,23641185,1089,46,0,0
23673292,1148,47,0,5,23657684,667,33,0,0
23778357,689,46,0,5,23640140,1324,26,0,0
23628022,1243,33,0,3,23663868,1100,60,0,0
23679785,703,47,0,5,23649366,422,29,0,0
23727465,569,82,0,2,23685438,872,50,0,0
23643715,957,29,0,2,23734992,442,22,0,0
23782957,1434,47,0,1,23736601,792,40,0,0
23760985,521,55,0,3,23752348,1239,32,0,0
23745348,880,28,0,0,23635842,581,40,0,0
23728426,1656,61,0,1,23650713,1099,29,0,0
23752058,1121,22,0,1,23751857,1270,63,0,0
23664497,375,74,0,1,23777677,1188,34,0,0
23779947,1267,88,0,2,23748745,1664,42,0,0
23722146,631,43,0,1,23763869,602,62,0,0
23734272,2086,27,0,3,23652299,220,89,0,0
23705054,1982,37,0,1,23738689,994,21,0,0
23760383,1109,26,0,9,23663124,1148,53,0,0
23737336,684,78,0,3,23732337,660,65,0,0
23649534,1498,25,0,1,23696193,1149,31,0,0
23724554,1462,52,0,0,23739424,1212,43,0,0
23718757,426,62,0,2,23674162,1767,37,0,0
23717009,1900,24,0,0,23661576,1248,25,0,0
23748653,1179,64,0,6,23734299,1473,65,0,0
23632818,715,37,0,6,23667991,643,269,0,0
23728864,404,47,0,3,23633728,1178,70,0,0
23740719,1815,27,0,0,23696843,1450,32,0,0
23640236,1475,29,0,1,23694139,1660,42,0,0
23635533,1632,58,0,6,23779564,959,68,0,0
23638479,1121,32,0,7,23650444,774,32,0,0
23748394,2025,34,0,1,23664222,1979,43,0,0
23718282,779,81,0,12,23689892,1628,52,0,0
23647588,1935,23,0,4,23672880,222,59,0,0
23634683,272,72,0,1,23730755,960,77,0,0
23708449,1059,47,0,1,23656663,1563,38,0,0
23740760,1470,39,0,1,23708155,1680,153,0,0
23709010,393,70,0,0,23700313,910,35,0,0
23655155,1992,150,0,0,23690612,1104,126,0,0
23766537,616,50,0,0,23671255,2385,58,0,0
23690278,480,43,0,4,23648747,372,59,0,0
23750411,2578,26,0,3,23767238,1785,24,0,0
23750048,2471,56,0,0,23762047,687,72,0,0
23762001,1634,33,0,1,23705143,1258,59,0,0
23714387,1059,50,0,2,23762793,1313,57,0,0
23665813,978,65,0,0,23684874,1472,41,0,0
23661972,1081,50,0,2,23697497,624,59,0,0
23676651,1696,30,0,0,23751775,1129,35,0,0
23740150,677,112,0,2,23697564,891,31,0,0
23766340,506,58,0,0,23725581,1058,32,0,0
23785909,2531,29,0,0,23668482,1610,46,0,0
23734176,1123,22,0,2,23770422,1010,32,0,0
23719311,1353,63,0,3,23662887,1107,50,0,0
23736322,2100,50,0,0,23758001,1306,73,0,0
23746416,1689,24,0,8,23685108,758,46,0,0
23754715,1602,33,0,2,23700187,1628,34,0,0
23667411,1478,71,0,0,23695399,1370,40,0,0
23698965,914,33,0,10,23754695,1108,28,0,0
23712025,1807,36,0,5,23687969,1051,35,0,0
23646552,817,54,0,2,23783332,1436,38,0,0
23685146,1164,219,0,6,23733496,994,45,0,0
23785249,527,61,0,7,23707761,1105,40,0,0
23696741,210,85,0,2,23638729,1832,19,0,0
23658633,732,34,0,3,23661112,211,41,0,0
23693238,1952,61,0,1,23665788,396,51,0,0
23663046,691,15,0,0,23687388,1877,59,0,0
23652340,438,76,0,1,23717207,947,69,0,0
23774804,957,39,0,1,23714273,2028,52,0,0
23658695,718,54,0,1,23763915,1820,69,0,0
23772214,639,60,0,3,23784215,617,53,0,0
23747864,1092,48,0,1,23743474,742,53,0,0
23658770,764,55,0,2,23736110,123,80,0,0
23660098,1465,70,0,1,23728801,933,55,0,0
23726572,1055,94,0,1,23784159,1523,61,0,0
23657436,723,34,0,4,23732653,1591,78,0,0
23671213,1379,33,0,4,23639173,1772,40,0,1
23679370,679,48,0,5,23750812,265,58,0,0
23738737,1130,31,0,1,23719702,1475,29,0,0
23664769,784,63,0,2,23725120,1655,47,0,0
23732761,1018,35,0,6,23668780,675,77,0,0
23667998,1108,74,0,0,23640853,1003,37,0,0
23649381,742,23,0,1,23770433,228,66,0,0
23754712,571,57,0,2,23697443,952,47,0,0
23758050,340,51,0,4,23651261,1120,81,0,0
23688615,184,24,0,4,23773599,1533,48,0,0
23754287,1028,54,0,2,23786456,261,77,0,0
23738438,2318,50,0,0,23687127,1187,51,0,0
23686887,802,80,0,2,23784963,963,135,0,0
23663276,2571,38,0,1,23765204,717,31,0,0
23683926,1999,51,0,9,23689174,660,30,0,0
23749913,784,22,0,0,23688837,825,43,0,0
23696405,783,46,0,1,23644001,1206,56,0,0
23775993,1073,22,0,1,23760230,1207,32,0,0
23766319,1340,37,0,5,23759163,2059,28,0,0
23637061,2024,45,0,1,23669066,1192,24,0,0
23701670,1565,48,0,3,23676280,1679,43,0,0
23784356,1958,32,0,6,23660577,2130,69,0,0
23646356,2192,14,0,1,23635657,692,32,0,0
23699709,2474,29,0,3,23673544,663,42,0,0
23775600,900,51,0,2,23704507,2241,29,0,0
23722513,727,40,0,1,23786021,817,43,0,0
23684596,353,68,0,4,23754891,770,49,0,0
23635052,2568,54,0,0,23675419,1034,48,0,0
23763923,960,58,0,4,23755876,262,18,0,0
23759116,1441,46,0,1,23703596,766,39,0,0
23700325,1365,32,0,2,23760626,1314,43,0,0
23708902,485,87,0,2,23710491,2019,38,0,0
23762703,251,29,0,0,23686017,1415,52,0,0
23788339,562,50,0,1,23690817,1607,26,0,0
23741145,1652,37,0,3,23738701,807,19,0,0
23729777,2299,47,0,1,23776703,2471,55,0,0
23662303,2085,49,0,2,23756655,534,70,0,0
23712222,1968,63,0,1,23662252,602,25,0,0
23701349,994,29,0,0,23786896,1035,70,0,0
23735753,2106,41,0,2,23751449,1182,29,0,0
23652106,1139,62,0,0,23645565,1193,43,0,0
23764651,1196,62,0,0,23690825,614,42,0,0
23762424,584,25,0,2,23784697,937,45,0,0
23664203,1622,51,0,1,23657414,530,78,0,0
23749065,853,17,0,1,23656219,270,66,0,0
23658127,1312,26,0,0,23777661,978,121,0,0
23746180,1399,30,0,6,23658491,1399,47,0,0
23748002,1203,54,0,2,23783486,2129,23,0,0
23694103,1191,37,0,0,23741780,731,33,0,0
23746405,1156,53,0,3,23706283,841,111,0,0
23663936,2079,26,0,0,23775385,764,31,0,0
23635845,828,22,0,4,23772287,1143,28,0,0
23783573,447,29,0,1,23693157,1386,59,0,0
23670003,1213,62,0,2,23744638,671,35,0,0
23696825,871,32,0,1,23676362,870,49,0,0
23636613,1290,57,0,1,23701906,547,64,0,0
23774866,1325,83,0,4,23639468,1250,39,0,0
23693917,853,57,0,13,23638833,1318,40,0,0
23659053,1156,20,0,3,23751510,1022,56,0,0
23770409,737,42,0,0,23764047,274,66,0,0
23649881,853,35,0,1,23679180,230,44,0,0
23717655,771,60,0,2,23684472,1386,68,0,0
23774836,785,76,0,3,23748552,2380,42,0,0
23715953,836,33,0,8,23744721,413,20,0,0
23644274,130,34,0,6,23676382,593,35,0,0
23728524,401,53,0,2,23777866,987,69,0,0
23703301,1904,122,0,1,23660015,729,35,0,0
23670789,1437,71,0,1,23675280,1539,15,0,0
23658190,984,59,0,1,23680821,614,45,0,0
23735812,1555,40,0,2,23759984,620,24,0,0
23787705,2523,43,0,3,23708270,1330,62,0,1
23638150,1080,52,0,2,23734707,969,83,0,0
23683535,2098,39,0,11,23679276,637,22,0,0
23739095,1239,38,0,9,23792559,1803,36,0,0
23765398,1223,63,0,4,23788793,906,46,0,0
23722155,2499,42,0,0,23702028,1905,57,0,0
23766382,739,47,0,14,23673895,1747,39,0,0
23705392,707,63,0,6,23750066,1322,30,0,0
23658765,1217,23,0,2,23652253,1322,65,0,0
23755085,911,33,0,8,23650282,868,23,0,0
23682028,814,27,0,2,23685590,1177,60,0,0
23722273,1830,27,0,4,23664843,1148,65,0,0
23666322,1142,32,0,3,23652997,1106,24,0,0
23726838,107,53,0,0,23788420,991,72,0,0
23655730,2046,54,0,2,23667369,1928,44,0,0
23785974,1253,43,0,0,23688067,1182,41,0,0
23784593,847,70,0,0,23657059,979,98,0,0
23651251,2195,22,0,0,23679210,672,41,0,0
23657647,1136,37,0,1,23686354,2156,59,0,0
23726961,676,44,0,3,23691259,556,56,0,0
23686256,1996,32,0,6,23768297,1423,112,0,0
23780414,1140,17,0,0,23682412,1331,27,0,0
23717823,894,48,0,2,23726475,1872,59,0,0
23660792,1102,38,0,1,23763708,680,46,0,0
23736067,530,46,0,1,23651133,1048,45,0,0
23710433,1893,45,0,5,23773072,772,23,0,0
23695975,830,32,0,1,23687600,795,42,0,0
23737395,1668,21,0,0,23660422,2130,35,0,0
23639664,155,29,0,1,23765923,818,23,0,0
23648042,1675,85,0,2,23746067,1286,59,0,0
23677831,682,41,0,8,23693332,408,26,0,0
23691703,2384,29,0,1,23708534,1822,26,0,0
23666043,1390,42,0,2,23759778,1984,27,0,0
23679058,2167,92,0,1,23681402,1155,54,0,0
23691519,125,59,0,0,23666848,1148,51,0,0
23709428,1689,75,0,1,23753692,1632,63,0,0
23740953,700,24,0,0,23687455,1139,25,0,0
23642430,1158,87,0,0,23676430,1443,30,0,0
23675955,487,69,0,1,23655838,942,52,0,0
23766737,854,44,0,1,23687909,1352,51,0,0
23677976,632,62,0,1,23714251,653,47,0,0
23707610,855,44,0,3,23794541,621,18,0,0
23706161,1664,48,0,0,23715573,2589,27,0,0
23729543,1861,111,0,3,23692233,2146,57,0,0
23654632,612,82,0,3,23658492,1134,32,0,0
23739393,1181,48,0,0,23646299,2073,81,0,0
23663491,1349,48,0,5,23699534,1265,9,0,0
23749263,1395,56,0,1,23755187,1676,36,0,0
23669459,1002,25,0,3,23669404,647,36,0,0
23660158,669,45,0,2,23646720,1048,29,0,0
23719430,1461,35,0,1,23680176,870,37,0,0
23748293,1101,48,0,2,23644734,645,33,0,0
23640831,1892,61,0,0,23697366,1689,45,0,0
23764439,443,18,0,0,23696470,2276,30,0,0
23697869,836,43,0,2,23725819,1118,63,0,0
23648028,702,40,0,0,23731468,1526,30,0,0
23740675,662,43,0,1,23788806,1707,25,0,0
23750469,1096,22,0,1,23666041,981,25,0,0
23641828,513,103,0,1,23754912,483,42,0,0
23657986,1474,43,0,2,23721186,507,107,0,0
23671061,846,53,0,0,23782357,711,18,0,0
23761268,1131,53,0,5,23744183,1043,71,0,0
23760648,888,54,0,0,23659906,2014,61,0,0
23723032,1300,25,0,0,23700135,606,47,0,0
23686360,521,17,0,2,23646646,886,20,0,0
23682586,1709,29,0,2,23781351,1776,22,0,0
23735221,994,32,0,0,23782524,836,54,0,0
23689616,1343,59,0,6,23702710,725,43,0,0
23771008,2186,22,0,1,23715288,690,36,0,0
23690896,1159,33,0,4,23717241,1357,64,0,0
23695292,1125,20,0,2,23711500,1435,49,0,0
23648446,1764,37,0,7,23745317,1518,27,0,0
23760708,963,56,0,3,23648800,874,54,0,0
23749659,850,50,0,4,23706343,1345,66,0,0
23676828,1856,45,0,5,23748056,1963,68,0,0
23651447,1885,51,0,8,23731697,612,56,0,0
23765714,990,29,0,8,23789608,1148,39,0,0
23642890,1092,31,0,5,23727485,940,34,0,0
23786863,1495,53,0,1,23645001,1784,29,0,0
23676984,547,59,0,0,23723411,2138,34,0,0
23771698,1576,58,0,0,23746540,1343,24,0,0
23725570,2300,49,0,0,23751402,737,47,0,0
23728969,1318,47,0,4,23691508,689,27,0,0
23731372,152,43,0,3,23647693,781,40,0,0
23777250,1260,49,0,0,23761640,2146,30,0,0
23785362,1114,66,0,0,23702599,1123,89,0,0
23673622,2090,57,0,3,23789772,477,50,0,0
23734103,1126,41,0,2,23741428,1122,36,0,0
23684362,505,64,0,0,23735393,959,30,0,0
23780889,1832,39,0,2,23734911,1284,32,0,0
23755645,1307,47,0,3,23771939,550,43,0,0
23665512,2241,22,0,1,23705846,2257,63,0,0
23706674,1664,61,0,2,23694785,688,72,0,0
23648249,1173,40,0,4,23692252,1643,46,0,0
23784709,784,71,0,2,23753899,2186,32,0,0
23647720,1751,58,0,0,23722159,900,30,0,0
23659539,1321,37,0,1,23665917,1258,65,0,0
23770004,848,34,0,0,23795870,298,64,0,0
23698936,1003,68,0,1,23731257,1241,61,0,0
23760308,1169,75,0,0,23755263,752,51,0,0
23760695,1197,27,0,1,23648677,624,37,0,0
23677985,1182,33,0,1,23658183,1833,75,0,0
23703786,1143,51,0,1,23670308,232,44,0,0
23671556,184,32,0,0,23758384,1951,76,0,0
23772678,1225,70,0,0,23682590,647,45,0,0
23748015,1179,52,0,4,23781491,729,34,0,0
23685415,1407,49,0,0,23754516,1589,50,0,0
23789954,1720,118,0,3,23754920,586,38,0,0
23647828,665,78,0,0,23666648,1015,22,0,0
23684547,2156,47,0,2,23692355,2038,35,0,0
23706566,971,59,0,0,23688541,967,23,0,0
23799913,341,54,0,6,23719368,594,28,0,0
23729584,519,24,0,1,23727422,1507,41,0,0
23666086,1065,44,0,1,23712798,1258,31,0,0
23743101,1544,20,0,0,23744057,2194,43,0,0
23725271,1184,84,0,5,23795042,684,39,0,0
23784765,1167,41,0,5,23735643,701,32,0,0
23649043,1118,97,0,0,23657541,877,31,0,0
23646859,684,45,0,0,23648226,2541,29,0,0
23795743,584,49,0,3,23645940,1206,50,0,0
23655690,1098,166,0,9,23663119,2520,41,0,0
23676176,1371,51,0,0,23770699,1307,43,0,0
23668799,842,18,0,8,23713651,839,75,0,0
23773036,1697,19,0,3,23670289,1048,68,0,0
23774114,1097,115,0,0,23789953,1711,126,0,0
23696138,1141,52,0,6,23755824,1989,89,0,0
23688373,454,46,0,2,23743543,1799,46,0,0
23713220,1317,27,0,0,23674342,480,83,0,0
23723066,395,34,0,5,23664878,1739,36,0,0
23698705,845,51,0,1,23676599,2048,61,0,0
23648125,624,72,0,4,23713789,1187,73,0,0
23787352,2690,31,0,1,23787322,1720,38,0,0
23773254,1140,54,0,1,23750927,1740,34,0,0
23731193,463,33,0,0,23719753,1161,28,0,0
23776369,1345,26,0,2,23672244,1265,58,0,0
23766761,1326,39,0,2,23697659,1068,52,0,0
23677635,705,30,0,0,23673858,1249,56,0,0
23772660,2283,41,0,10,23768552,463,50,0,0
23755829,1361,61,0,1,23772426,1123,26,0,0
23781966,1163,58,0,0,23722367,1480,57,0,0
23739443,1446,31,0,4,23712373,1187,34,0,0
23732796,678,53,0,1,23777631,976,18,0,0
23679051,727,191,0,8,23733889,1444,39,0,0
23677001,1381,71,0,1,23742535,608,119,0,0
23705827,1713,56,0,2,23656202,953,164,0,0
23660848,689,79,0,0,23695442,1146,114,0,0
23727318,185,29,0,2,23783458,1110,72,0,0
23743246,393,66,0,2,23754970,1681,35,0,0
23664695,1651,24,0,1,23739310,1535,69,0,0
23775678,1154,58,0,3,23784340,913,29,0,0
23790770,1500,59,0,1,23728857,873,59,0,0
23789039,690,31,0,2,23687319,1838,81,0,0
23702225,235,50,0,0,23698869,935,56,0,0
23678521,1112,90,0,2,23732784,1638,43,0,0
23788145,451,21,0,1,23654201,621,47,0,0
23768731,1176,50,0,0,23799786,169,178,0,0
23765049,936,46,0,0,23674295,2102,80,0,0
23692166,1816,29,0,1,23685152,1783,52,0,0
23774325,1602,67,0,1,23668818,670,51,0,0
23750645,939,35,0,2,23732725,1171,44,0,0
23770194,1142,28,0,2,23654189,1067,43,0,0
23768698,427,38,0,1,23759681,249,37,0,0
23744882,1445,54,0,0,23670469,855,68,0,0
23718835,869,40,0,1,23798186,1082,26,0,0
23765557,2409,50,0,1,23678377,2054,16,0,0
23760906,1071,47,0,2,23771598,1043,71,0,0
23771494,1812,179,0,3,23732913,1662,42,0,0
23735140,1700,61,0,0,23660753,358,80,0,0
23801633,350,63,0,1,23739552,117,70,0,0
23673126,1055,27,0,0,23786278,1093,55,0,0
23677240,1160,93,0,8,23777972,1736,34,0,0
23709987,1302,35,0,9,23730131,325,27,0,0
23682756,727,34,0,0,23762544,1891,97,0,0
23781493,624,160,0,4,23664405,570,47,0,0
23761245,1103,20,0,1,23656482,1269,30,0,0
23803052,666,94,0,3,23776577,1455,46,0,0
23772448,1121,62,0,0,23692497,429,50,0,0
23684101,1325,52,0,1,23785354,1637,32,0,0
23656538,770,100,0,2,23759030,1364,44,0,0
23695359,1161,38,0,1,23671702,1197,60,0,0
23720691,768,94,0,0,23718674,775,26,0,0
23768720,2252,65,0,2,23704201,525,65,0,0
23782234,1450,73,0,2,23775561,1286,43,0,0
23703566,1572,42,0,8,23730814,850,64,0,0
23720846,698,75,0,7,23779236,547,85,0,0
23758795,1114,36,0,1,23757848,670,52,0,0
23761951,894,31,0,13,23709742,1733,79,0,0
23734576,1246,58,0,3,23694109,1541,28,0,0
23791151,1284,21,0,1,23733593,1297,63,0,0
23765110,206,26,0,1,23650279,1322,58,0,0
23797103,971,98,0,1,23780439,621,80,0,0
23751506,530,40,0,0,23797780,259,78,0,0
23763535,1191,72,0,3,23749180,1400,22,0,0
23788902,2157,66,0,0,23787977,1551,42,0,0
23776435,323,92,0,0,23754632,1133,50,0,0
23743922,996,60,0,2,23787159,899,64,0,0
23659326,286,35,0,3,23707516,711,58,0,0
23745735,1131,161,0,0,23772551,1644,78,0,0
23763095,818,53,0,8,23720117,884,56,0,0
23747840,242,60,0,1,23669813,675,18,0,0
23697144,816,41,0,4,23695136,1396,42,0,0
23755553,398,49,0,10,23742161,1320,41,0,0
23688005,705,74,0,0,23709118,652,44,0,0
23759023,363,57,0,1,23712914,1762,32,0,0
23724527,1305,50,0,4,23730769,1866,55,0,0
23748065,1981,22,0,3,23676134,1240,31,0,0
23656561,1215,92,0,1,23653710,1027,69,0,0
23711078,1921,74,0,3,23794525,1061,66,0,0
23798406,617,71,0,1,23756691,741,49,0,0
23756731,1023,35,0,7,23714745,989,30,0,0
23763688,1082,47,0,1,23667887,690,26,0,0
23663478,1742,43,0,2,23792279,696,62,0,0
23732223,1640,42,0,0,23676010,1086,44,0,0
23711112,917,31,0,3,23681587,1948,45,0,0
23716739,499,67,0,5,23676013,1283,21,0,0
23671202,1345,16,0,4,23679227,933,52,0,0
23802891,1360,63,0,0,23687940,926,28,0,0
23676055,678,68,0,2,23685679,1414,29,0,0
23673537,796,61,0,1,23774696,1371,43,0,0
23782500,1350,42,0,4,23733379,1994,53,0,0
23679430,724,56,0,5,23672417,285,71,0,0
23799882,1635,28,0,2,23783482,844,39,0,0
23663136,209,49,0,1,23787183,1123,140,0,0
23735704,796,44,0,5,23770477,971,46,0,0
23783711,1693,37,0,2,23735774,959,91,0,0
23705125,422,37,0,2,23750180,1674,47,0,0
23730116,2075,43,0,2,23657246,1266,59,0,0
23673690,1764,49,0,1,23679855,1508,45,0,0
23692369,1578,51,0,5,23729078,1797,24,0,0
23680065,1185,46,0,3,23779205,1679,126,0,0
23708076,1224,56,0,3,23713521,606,59,0,0
23786838,1291,49,0,1,23733499,1365,82,0,0
23698651,1948,30,0,0,23796726,1145,56,0,0
23704292,614,39,0,1,23656797,1314,37,0,0
23748177,806,28,0,1,23740755,667,49,0,0
23732009,2291,30,0,2,23671451,1025,37,0,0
23697970,749,30,0,1,23711729,860,62,0,0
23789873,473,92,0,0,23748678,1277,23,0,0
23789064,840,37,0,0,23779047,723,39,0,0
23792876,802,52,0,1,23762263,1151,49,0,0
23706272,1683,34,0,0,23682139,1396,35,0,0
23783004,595,59,0,0,23742771,1394,23,0,0
23713863,1145,38,0,8,23655055,1655,42,0,0
23705374,1123,36,0,2,23761448,804,34,0,0
23795288,666,48,0,0,23783195,574,45,0,0
23698412,1162,114,0,1,23701620,378,83,0,0
23752833,789,60,0,5,23750347,1376,25,0,0
23708220,1009,81,0,1,23769521,2029,51,0,0
23802551,748,51,0,6,23702943,974,41,0,0
23762940,446,122,0,1,23696012,291,135,0,0
23722415,620,31,0,3,23791423,1031,48,0,0
23787746,985,33,0,6,23785331,845,37,0,0
23779857,1020,69,0,1,23681103,1110,31,0,0
23776858,1675,19,0,1,23682235,1406,37,0,0
23662499,1871,45,0,0,23715479,2189,36,0,0
23681118,1188,38,0,2,23687858,1422,29,0,0
23662777,2409,48,0,1,23706934,2474,54,0,0
23711868,1316,32,0,0,23696236,1300,20,0,0
23787498,625,89,0,2,23759989,2074,46,0,0
23784213,1061,172,0,2,23701319,1698,37,0,0
23658751,1144,26,0,1,23774321,1317,25,0,0
23799631,802,43,0,6,23779756,1267,44,0,0
23752713,830,34,0,0,23702883,678,32,0,0
23763779,700,47,0,2,23807962,2485,27,0,0
23766379,140,68,0,0,23803387,971,64,0,0
23689418,366,85,0,2,23786081,522,53,0,0
23803516,379,34,0,2,23761721,638,28,0,0
23686215,1219,27,0,4,23753023,2326,32,0,0
23766790,947,41,0,1,23802014,1278,39,0,0
23671693,1418,59,0,1,23718925,913,46,0,0
23804969,1251,46,0,6,23798802,1344,81,0,0
23782901,1746,43,0,1,23728428,400,37,0,0
23661210,1225,34,0,1,23803293,1434,101,0,0
23795365,1146,40,0,0,23692007,1116,28,0,0
23744210,890,71,0,1,23776796,1276,21,0,0
23656725,1668,60,0,0,23701920,1565,59,0,0
23795498,1991,54,0,4,23707077,1540,64,0,0
23809469,1632,60,0,0,23688979,2300,28,0,0
23686355,1324,81,0,0,23669627,703,59,0,0
23770546,2151,60,0,1,23809901,2336,44,0,0
23661229,1524,28,0,2,23750382,563,63,0,0
23658911,1673,51,0,5,23681249,695,34,0,0
23778378,818,74,0,3,23714767,1678,43,0,0
23741133,1693,13,0,3,23777132,1216,75,0,0
23688419,1748,50,0,1,23683530,958,57,0,0
23773943,1358,48,0,1,23676344,899,93,0,0
23784129,1151,22,0,2,23699140,499,52,0,0
23677513,996,13,0,0,23677127,1064,55,0,0
23788732,1966,33,0,4,23707814,1176,36,0,0
23662793,1857,22,0,4,23693685,416,31,0,0
23714839,730,34,0,2,23774873,2515,28,0,0
23757387,1135,65,0,1,23798145,2106,27,0,0
23795823,1997,51,0,3,23780623,1183,54,0,0
23749951,1799,60,0,4,23689997,923,27,0,0
23717540,2208,39,0,2,23718649,1506,33,0,0
23689669,1250,54,0,1,23803236,783,26,0,0
23754669,1394,29,0,1,23675517,934,43,0,0
23809670,1131,28,0,0,23786548,1652,27,0,0
23736819,526,47,0,8,23788521,1513,34,0,0
23781444,1015,63,0,2,23740110,1742,52,0,0
23722512,1826,60,0,4,23687346,1049,35,0,0
23776662,1315,46,0,0,23740575,2399,68,0,0
23800008,622,35,0,2,23780348,1191,56,0,0
23762300,1340,69,0,3,23789161,1488,82,0,0
23753888,618,72,0,1,23719331,633,33,0,0
23748432,910,18,0,1,23765600,247,51,0,0
23789335,677,61,0,0,23738930,1206,50,0,0
23659055,1619,57,0,1,23671513,1570,56,0,0
23664586,201,72,0,0,23801005,595,51,0,0
23664292,613,50,0,1,23723596,1104,47,0,0
23701445,1498,17,0,1,23686920,2084,20,0,0
23726399,682,51,0,2,23779730,451,44,0,0
23701200,566,59,0,0,23664052,1885,44,0,0
23726858,1257,53,0,0,23777533,110,90,0,0
23681108,1035,71,0,1,23697320,940,49,0,0
23693893,955,29,0,0,23689400,1644,24,0,0
23794786,1175,64,0,0,23686952,1304,62,0,0
23789941,1001,77,0,1,23689154,1469,54,0,0
23726285,1092,28,0,1,23795025,133,64,0,0
23775998,1647,30,0,1,23682751,857,45,0,0
23700364,970,51,0,0,23677337,1485,38,0,0
23688162,570,56,0,1,23737460,358,57,0,0
23684285,1013,47,0,2,23671780,1462,39,0,0
23665329,1846,21,0,0,23794449,1756,42,0,0
23721189,794,41,0,7,23740366,1146,23,0,0
23766841,1264,40,0,1,23731980,523,49,0,0
23752000,1185,28,0,1,23703735,1082,38,0,0
23807111,1107,28,0,1,23783787,501,36,0,0
23777374,1553,60,0,1,23685838,2353,44,0,0
23757436,1605,39,0,6,23693795,822,47,0,0
23743090,852,40,0,1,23781234,1639,34,0,0
23767999,1001,50,0,3,23707234,1367,66,0,0
23725968,775,34,0,0,23688669,1041,39,0,0
23774323,1703,40,0,6,23754234,899,22,0,0
23686221,764,33,0,4,23776600,1651,26,0,0
23764389,1629,26,0,2,23809298,1801,67,0,0
23686745,2407,40,0,3,23754512,1049,48,0,0
23690659,1197,56,0,2,23718659,1608,25,0,0
23759136,1563,50,0,0,23764134,1355,15,0,0
23724624,481,43,0,4,23668497,1215,28,0,0
23676593,1337,117,0,0,23659932,999,55,0,0
23756169,1380,30,0,2,23705818,1282,18,0,0
23786814,136,96,0,1,23774270,993,80,0,0
23808711,1184,43,0,0,23797619,1664,54,0,0
23764289,1962,47,0,2,23747162,1019,45,0,0
23731624,292,85,0,2,23707748,1504,45,0,0
23732169,475,45,0,1,23687122,1886,24,0,0
23664228,565,31,0,0,23697353,935,21,0,0
23748260,1497,57,0,2,23786178,1090,58,0,0
23660272,1646,134,0,0,23670794,1086,33,0,0
23680091,1258,45,0,1,23771875,1398,44,0,0
23770535,683,58,0,2,23797514,1980,25,0,0
23722392,721,37,0,2,23709075,1449,60,0,0
23805264,921,53,0,1,23730984,1008,28,0,0
23748287,1847,77,0,0,23769931,1169,46,0,0
23791242,1147,60,0,0,23703620,890,47,0,0
23752541,1413,64,0,0,23691339,635,62,0,0
23784781,1160,38,0,9,23664766,793,52,0,0
23747902,1091,53,0,8,23783247,999,60,0,0
23667868,1667,44,0,0,23699541,1709,39,0,0
23779377,763,47,0,4,23674511,530,87,0,0
23728659,493,55,0,3,23800503,1067,60,0,0
23794308,847,46,0,4,23794996,1130,38,0,0
23809159,956,103,0,0,23737126,1877,29,0,0
23689580,179,101,0,0,23732270,1971,34,0,0
23710833,740,42,0,2,23676405,1134,55,0,0
23750160,881,53,0,0,23667128,1978,58,0,0
23714397,1748,40,0,1,23810167,1130,34,0,0
23695746,812,37,0,3,23768504,1462,70,0,0
23740333,957,39,0,1,23753565,1927,70,0,0
23669212,1415,38,0,3,23756422,1477,58,0,0
23714918,805,73,0,1,23765623,1051,48,0,0
23733287,862,58,0,2,23672290,461,65,0,0
23662454,1210,33,0,1,23780554,802,29,0,0
23756042,128,66,0,4,23701548,680,53,0,0
23747158,529,54,0,1,23705654,1101,45,0,0
23778692,781,37,0,2,23671713,766,73,0,0
23777865,813,57,0,0,23709955,1334,64,0,0
23763968,1147,16,0,4,23682646,989,46,0,0
23747681,950,22,0,4,23713348,470,40,0,0
23748129,1195,26,0,1,23678948,1218,37,0,0
23785302,617,106,0,0,23813098,949,58,0,0
23667318,630,72,0,3,23664313,1608,44,0,0
23743258,910,60,0,1,23759193,1657,11,0,0
23756208,361,59,0,0,23698481,744,98,0,0
23766496,839,53,0,2,23788560,185,62,0,0
23799265,1260,53,0,1,23802755,870,55,0,0
23808326,1568,31,0,4,23689585,1125,21,0,1
23802254,1158,72,0,6,23753223,2052,56,0,0
23762242,1196,39,0,4,23772894,2193,164,0,0
23726676,1017,29,0,0,23809789,1358,59,0,0
23804673,141,37,0,2,23793847,466,50,0,0
23662518,1306,53,0,0,23703982,1756,50,0,0
23745071,1253,43,0,3,23783156,445,63,0,0
23695701,1129,56,0,3,23760810,1191,69,0,0
23702620,882,49,0,4,23733199,571,49,0,0
23665897,937,41,0,1,23748860,1346,28,0,0
23664850,999,24,0,2,23743193,794,35,0,0
23802882,1374,57,0,1,23766574,465,66,0,0
23773728,638,63,0,0,23692163,286,54,0,0
23663415,847,46,0,10,23769985,616,65,0,0
23670830,2124,42,0,1,23725813,1654,46,0,0
23733906,806,43,0,2,23762046,1254,43,0,0
23696304,1117,103,0,1,23756215,2076,72,0,0
23667712,1762,46,0,4,23703042,1865,67,0,0
23769929,947,27,0,2,23794790,1310,57,0,0
23774133,2331,35,0,4,23678140,1557,52,0,0
23712395,671,56,0,6,23673031,2501,42,0,0
23761814,209,192,0,1,23702609,1732,41,0,0
23796433,1822,30,0,2,23671101,374,64,0,0
23667611,1421,36,0,2,23808248,979,53,0,0
23677514,1037,49,0,1,23793213,1036,66,0,0
23809988,502,43,0,1,23814554,662,25,0,0
23812444,1700,40,0,1,23667154,452,39,0,0
23703080,1307,30,0,5,23788354,1092,100,0,0
23743608,1442,31,0,2,23792681,1068,19,0,0
23818372,1430,55,0,1,23707313,1808,56,0,1
23788753,741,58,0,5,23745513,1620,37,0,0
23798675,1726,51,0,0,23716184,2028,36,0,0
23690945,1149,75,0,1,23683784,889,21,0,0
23780928,1153,92,0,1,23792142,1455,49,0,0
23813667,178,70,0,1,23786063,1788,72,0,0
23723869,611,36,0,3,23700286,1191,38,0,0
23804662,1197,91,0,0,23753725,712,71,0,0
23664431,587,27,0,1,23706043,1396,51,0,0
23789463,1499,58,0,1,23734490,2118,42,0,0
23741387,1626,36,0,4,23736268,1714,68,0,0
23735782,1122,25,0,7,23790122,982,47,0,0
23700141,1861,65,0,8,23732853,1401,60,0,0
23786206,1351,44,0,1,23701443,1213,23,0,0
23805328,511,73,0,6,23792285,1170,42,0,0
23787138,1200,27,0,1,23701079,1331,51,0,0
23813839,1706,34,0,2,23783153,1245,52,0,0
23778455,940,70,0,1,23710181,2586,22,0,0
23666011,579,58,0,4,23757429,1015,34,0,0
23691613,1088,31,0,2,23762246,911,38,0,0
23760902,1613,31,0,0,23739468,1021,36,0,0
23703654,1722,40,0,1,23816748,2147,45,0,0
23767287,983,34,0,1,23765400,1502,52,0,0
23738657,1059,40,0,3,23689763,966,30,0,0
23819883,560,34,0,1,23734661,624,45,0,0
23807759,957,65,0,2,23750394,985,28,0,0
23727875,907,51,0,1,23754020,1182,48,0,0
23726039,1376,45,0,7,23756702,1640,18,0,0
23780811,1494,36,0,4,23752617,1139,33,0,0
23817563,444,32,0,1,23742683,463,39,0,0
23665408,703,60,0,1,23805418,1151,37,0,0
23800011,1508,32,0,3,23722350,905,69,0,0
23801858,633,45,0,7,23750833,841,19,0,0
23768022,822,90,0,2,23710787,864,50,0,0
23772968,1473,36,0,0,23701354,1187,19,0,0
23697446,324,72,0,8,23782970,455,53,0,0
23727645,325,72,0,2,23762126,1225,48,0,0
23730842,1705,29,0,3,23758331,639,86,0,0
23764397,1458,21,0,0,23818690,1658,60,0,0
23694478,1151,35,0,7,23814838,785,47,0,0
23718292,1139,35,0,2,23784069,771,59,0,0
23691395,1021,45,0,3,23753288,641,47,0,0
23750498,1239,35,0,2,23759804,954,50,0,0
23772737,1216,72,0,5,23708054,1140,56,0,0
23753306,1115,50,0,2,23668839,1281,57,0,0
23715568,1206,51,0,1,23695404,1103,88,0,0
23741083,1134,49,0,0,23750850,2138,59,0,0
23767831,899,36,0,9,23708464,339,27,0,0
23698497,865,21,0,4,23789982,1659,78,0,0
23787857,841,48,0,3,23755233,655,44,0,0
23795307,666,53,0,1,23689126,1482,32,0,0
23707818,1885,56,0,0,23682486,1173,41,0,0
23813232,1390,66,0,0,23754347,783,95,0,0
23672280,1908,48,0,0,23690553,538,97,0,0
23796823,1671,25,0,0,23746014,2021,55,0,0
23808751,1072,78,0,212,23820521,812,110,0,0
23726275,2057,34,0,0,23791255,1003,17,0,0
23762734,1751,21,0,0,23687047,800,73,0,0
23793875,898,62,0,0,23708456,880,58,0,0
23805430,511,51,0,0,23799958,2122,65,0,0
23745760,1648,49,0,0,23704231,1123,95,0,0
23732189,1157,85,0,0,23676689,677,38,0,0
23770246,600,88,0,0,23778673,483,40,0,0
23790744,2137,62,0,0,23793639,1385,40,0,0
23802519,1156,47,0,0,23778185,773,69,0,0
23743243,1681,91,0,0,23818275,361,44,0,0
23805739,676,52,0,0,23733214,717,48,0,0
23680486,1492,50,0,0,23711454,1633,25,0,0
23762044,731,40,0,0,23689486,2000,48,0,0
23704452,1009,34,0,0,23736697,500,95,0,0
23677341,1679,25,0,0,23789498,466,30,0,0
23757465,715,60,0,0,23799387,918,42,0,0
23706771,1687,42,0,0,23819453,950,54,0,0
23734253,698,99,0,0,23772774,109,92,0,0
23817800,1018,45,0,0,23723291,1013,35,0,0
23730794,1046,56,0,0,23719935,1216,29,0,0
23780119,638,41,0,0,23766695,881,79,0,0
23790673,1054,24,0,0,23752084,2391,67,0,0
23726689,1469,94,0,0,23742952,419,42,0,0
23734429,969,58,0,0,23711925,2545,51,0,0
23795977,683,24,0,0,23692800,1148,60,0,0
23820003,1144,28,0,3,23783322,2043,65,0,0
23684505,691,29,0,1,23821061,195,115,0,0
23669850,484,19,0,2,23815162,749,229,0,0
23682327,1318,47,0,1,23733795,377,63,0,0
23745500,1107,56,0,3,23748719,1176,82,0,0
23705942,1965,33,0,1,23698674,1066,66,0,0
23728794,1894,32,0,4,23801471,1127,54,0,0
23809674,613,20,0,11,23707553,879,49,0,0
23701027,2292,32,0,0,23765424,896,49,0,0
23705441,2152,61,0,0,23700591,2339,26,0,0
23745324,1622,46,0,4,23776684,1537,37,0,0
23787927,202,68,0,0,23723286,782,130,0,0
23745304,1114,28,0,10,23694779,1330,36,0,0
23724111,1954,42,0,5,23700121,1288,42,0,0
23710941,876,54,0,2,23738881,1085,41,0,0
23804829,381,23,0,2,23728698,1734,36,0,0
23779472,1149,29,0,2,23819820,2008,47,0,0
23751026,1839,35,0,3,23810093,2029,47,0,0
23774955,642,65,0,1,23784670,1655,37,0,0
23775536,810,54,0,1,23747518,1236,37,0,0
23725633,709,15,0,3,23682216,1662,33,0,0
23708589,730,71,0,1,23814361,403,38,0,0
23712824,1620,72,0,14,23693740,1397,68,0,0
23710644,2138,21,0,3,23784138,1017,29,0,0
23741652,1287,34,0,11,23821456,1154,45,0,0
23704646,1506,49,0,6,23677228,2304,50,0,0
23728763,490,57,0,1,23785821,1161,32,0,0
23770620,746,66,0,3,23776645,990,43,0,0
23773663,820,29,0,2,23787923,1733,59,0,0
23813825,634,307,0,0,23800789,315,122,0,0
23732314,131,51,0,3,23760856,442,31,0,0
23812170,866,35,0,1,23806843,1919,55,0,0
23813490,1881,27,0,0,23803752,1300,66,0,0
23813128,1375,30,0,4,23732946,168,72,0,0
23776078,998,45,0,0,23676875,1451,71,0,0
23687374,1391,44,0,1,23806265,958,19,0,0
23775301,1103,47,0,1,23749600,1097,29,0,0
23747686,1068,103,0,1,23777487,1104,45,0,0
23751809,1221,25,0,7,23807348,1458,70,0,0
23806581,1248,47,0,1,23735389,1925,68,0,0
23788154,148,483,0,2,23751948,1146,38,0,0
23713152,680,28,0,2,23763548,244,48,0,0
23688971,1337,52,0,0,23778001,1328,26,0,0
23760950,1476,55,0,0,23766040,1613,53,0,0
23780558,1266,85,0,4,23748941,692,78,0,0
23763074,388,88,0,3,23750228,150,51,0,0
23758404,1334,25,0,1,23778282,342,94,0,0
23807617,1500,27,0,7,23739387,642,57,0,0
23820372,1102,57,0,0,23729010,1061,51,0,0
23723794,1483,74,0,2,23746079,1624,39,0,0
23796534,1265,31,0,1,23826715,309,56,0,0
23769413,778,42,0,3,23726853,474,78,0,0
23694656,2179,67,0,3,23787813,987,35,0,0
23703773,1388,61,0,4,23677795,1067,57,0,0
23706066,1067,24,0,2,23723705,1144,72,0,0
23802316,2416,22,0,0,23766057,913,18,0,0
23718564,1493,62,0,2,23717336,904,111,0,0
23817746,780,74,0,3,23762522,787,23,0,0
23773608,1347,63,0,1,23747114,1837,43,0,0
23735787,1049,86,0,1,23764160,1675,45,0,0
23735024,1027,49,0,0,23688605,1171,42,0,0
23760819,1702,45,0,4,23812857,980,19,0,0
23799097,653,23,0,1,23772762,880,72,0,0
23816968,1196,18,0,4,23779510,765,56,0,0
23814855,928,17,0,4,23812037,1400,25,0,0
23748280,1761,37,0,0,23814578,516,30,0,0
23726898,1843,46,0,5,23752834,766,30,0,0
23796487,1527,39,0,0,23743286,1379,21,0,0
23800055,1030,41,0,1,23777657,810,42,0,0
23825645,1162,35,0,5,23824136,1472,39,0,0
23768332,1083,105,0,6,23765829,983,61,0,0
23704284,1921,19,0,2,23824349,968,18,0,0
23739924,1612,45,0,3,23801579,368,47,0,0
23784682,1640,22,0,2,23825762,413,16,0,0
23737890,649,49,0,0,23747262,1689,64,0,0
23682082,2268,64,0,1,23774619,653,34,0,0
23779136,691,35,0,1,23795015,693,153,0,0
23823001,630,19,0,2,23797647,1221,44,0,0
23721316,2273,59,0,1,23748553,2146,43,0,0
23684689,1440,48,0,1,23711688,1086,52,0,0
23744203,2166,16,0,1,23792485,1860,73,0,0
23774169,797,32,0,2,23753613,1198,41,0,0
23768348,525,35,0,0,23780218,1218,46,0,0
23817267,295,57,0,1,23685612,819,54,0,0
23819824,827,66,0,2,23732996,2560,45,0,0
23750668,893,72,0,4,23730162,992,33,0,0
23788551,1536,57,0,2,23693441,835,33,0,0
23753214,1636,44,0,2,23796559,882,52,0,0
23744974,612,19,0,1,23702918,1261,49,0,0
23774367,169,39,0,1,23789827,759,39,0,0
23785090,1211,34,0,2,23765989,1893,69,0,0
23682268,1665,37,0,4,23738937,1016,44,0,0
23813666,911,73,0,1,23754940,1345,64,0,0
23702485,632,18,0,2,23728729,801,71,0,0
23828202,1074,46,0,4,23737798,1405,28,0,0
23697175,1213,51,0,0,23772916,1450,35,0,0
23793024,1933,24,0,1,23730827,665,39,0,0
23734659,2513,27,0,1,23787644,654,77,0,0
23727911,1102,15,0,6,23809079,318,44,0,0
23708836,1593,46,0,8,23708889,1549,26,0,0
23819465,960,21,0,1,23813611,449,39,0,0
23711022,971,32,0,2,23730348,590,54,0,0
23710574,510,21,0,4,23697583,993,140,0,0
23743836,1147,19,0,1,23809077,2139,60,0,0
23688602,1122,49,0,3,23688722,1026,24,0,0
23763303,1746,47,0,5,23683384,871,76,0,0
23805847,1389,43,0,0,23702859,1181,87,0,0
23682715,1170,20,0,4,23812128,132,45,0,0
23784452,402,45,0,5,23717014,615,64,0,0
23763780,2040,37,0,1,23808732,261,79,0,0
23774311,1136,48,0,5,23775447,690,36,0,0
23714553,2003,43,0,2,23715576,1455,62,0,0
23812698,844,24,0,0,23787397,1261,45,0,0
23747208,383,58,0,4,23692527,1199,198,0,0
23698749,933,45,0,8,23686565,1314,18,0,0
23782458,899,49,0,0,23777349,1687,46,0,0
23699809,388,50,0,1,23787693,560,37,0,0
23826861,1110,17,0,2,23810090,1641,30,0,0
23792721,1737,29,0,0,23737660,703,39,0,0
23694365,1443,26,0,1,23811870,1191,62,0,0
23765024,1153,62,0,6,23716168,1310,50,0,0
23792329,1487,39,0,5,23759048,1103,44,0,0
23763005,1004,36,0,0,23778506,1186,45,0,0
23756398,1010,139,0,10,23766420,915,78,0,0
23803135,2452,34,0,1,23784795,1158,109,0,0
23697555,174,35,0,2,23775451,953,36,0,0
23828154,1802,51,0,2,23787735,1255,47,0,0
23814490,490,44,0,5,23746715,662,54,0,0
23712739,1890,55,0,2,23792159,1414,48,0,0
23789651,651,92,0,1,23772958,1149,43,0,0
23733944,1692,26,0,1,23704719,1239,52,0,0
23829870,273,28,0,2,23698830,1463,72,0,0
23736992,1192,45,0,6,23744412,1085,71,0,0
23814911,1421,150,0,0,23773418,442,84,0,0
23752535,2134,57,0,2,23793896,774,36,0,0
23824089,1168,35,0,1,23819256,636,93,0,0
23807656,1458,35,0,6,23731752,788,23,0,0
23788313,954,17,0,0,23706401,1642,43,0,0
23828814,450,56,0,1,23793534,814,23,0,0
23827720,1601,60,0,3,23692449,2163,17,0,0
23820523,1094,24,0,3,23716880,2283,83,0,0
23796832,928,102,0,5,23767958,981,25,0,0
23740019,870,18,0,0,23766304,1347,37,0,0
23753127,1211,38,0,0,23741155,1889,56,0,0
23793715,967,36,0,1,23741556,932,59,0,0
23761417,1795,33,0,5,23694813,1042,55,0,0
23806887,752,34,0,1,23807320,1606,108,0,0
23738941,1306,30,0,0,23792381,2160,54,0,0
23797792,1172,26,0,3,23740709,855,39,0,0
23823760,1062,45,0,0,23692044,617,73,0,0
23800664,1801,38,0,3,23783356,1180,47,0,0
23792016,428,54,0,7,23825681,186,28,0,0
23735545,808,30,0,2,23704315,147,52,0,0
23749183,850,31,0,1,23783365,1652,28,0,0
23768984,673,36,0,3,23828704,1457,37,0,0
23777808,554,30,0,3,23722543,795,32,0,0
23815649,912,19,0,1,23742690,782,30,0,0
23829661,1202,73,0,0,23686370,1000,28,0,0
23726109,1833,40,0,6,23706829,1099,76,0,0
23818227,1878,35,0,0,23731553,1447,32,0,0
23727916,1546,22,0,2,23798301,1953,35,0,0
23770446,2100,52,0,8,23758927,1013,34,0,0
23729477,1034,79,0,2,23784058,525,44,0,0
23694284,1774,51,0,3,23697797,1347,40,0,0
23818317,1267,16,0,1,23832564,1096,56,0,0
23711686,1021,50,0,1,23767361,1016,104,0,0
23746191,770,42,0,4,23696519,1265,41,0,0
23814314,1282,60,0,4,23788067,810,44,0,0
23770833,928,36,0,1,23824309,408,135,0,0
23813589,2080,55,0,1,23695536,965,106,0,0
23778222,1128,61,0,2,23773090,1371,43,0,0
23748045,983,57,0,0,23733431,874,71,0,0
23820909,1132,28,0,3,23758879,672,77,0,0
23817483,1658,30,0,3,23738929,675,32,0,0
23817210,844,42,0,2,23831223,1172,91,0,0
23736412,250,61,0,4,23813334,1478,62,0,0
23814573,2225,56,0,4,23774272,1201,73,0,0
23730032,2119,33,0,2,23731856,574,101,0,0
23798861,2503,40,0,7,23739771,2365,33,0,0
23695567,833,22,0,5,23712516,1148,49,0,0
23687729,2108,35,0,0,23781564,836,26,0,0
23688644,2177,52,0,2,23790400,610,71,0,0
23788695,2184,16,0,0,23793360,756,34,0,0
23778595,746,98,0,1,23831793,2147,39,0,0
23709161,724,70,0,2,23797999,1283,64,0,0
23708171,550,49,0,3,23799994,2017,40,0,0
23740977,998,57,0,4,23829100,1535,49,0,0
23819442,527,47,0,1,23771373,640,24,0,0
23815564,780,52,0,1,23708497,1819,32,0,0
23781898,549,35,0,2,23817345,723,19,0,0
23732263,1309,68,0,0,23672631,465,42,0,0
23775297,523,46,0,0,23733635,919,101,0,0
23795649,546,33,0,0,23735371,1174,74,0,0
23712080,2339,50,0,2,23755566,1259,118,0,0
23833755,100,59,0,6,23754689,797,46,0,0
23830852,1358,16,0,1,23809997,983,12,0,0
23812557,1564,53,0,5,23751424,1260,38,0,0
23776410,1933,59,0,0,23699624,945,42,0,0
23828555,923,50,0,3,23774177,778,36,0,0
23703313,672,40,0,1,23757332,1623,58,0,0
23759282,696,171,0,0,23768572,1451,30,0,0
23680809,1319,22,0,4,23686772,1976,39,0,0
23790821,890,31,0,0,23772827,1114,167,0,0
23813662,1448,28,0,1,23803945,1019,18,0,0
23675177,1523,30,0,4,23757109,679,117,0,0
23688799,597,42,0,0,23827766,1159,82,0,0
23776098,1473,32,0,0,23760539,1863,61,0,0
23704237,1262,63,0,1,23803374,1891,43,0,0
23787393,1900,56,0,1,23731304,578,41,0,0
23767042,1418,58,0,0,23741843,566,42,0,0
23774817,1838,34,0,3,23730354,669,44,0,0
23681017,1918,66,0,0,23676207,677,52,0,0
23705301,810,105,0,1,23742517,1796,101,0,0
23754575,1682,42,0,1,23746725,1073,48,0,0
23751953,475,25,0,3,23762460,822,83,0,0
23788724,1440,32,0,0,23765791,777,94,0,0
23695739,1308,59,0,1,23753375,856,59,0,0
23764968,238,93,0,1,23689131,621,55,0,0
23727455,1490,39,0,3,23835210,1318,50,0,0
23778546,2134,52,0,1,23713214,1008,60,0,0
23821054,1694,73,0,2,23810067,994,45,0,0
23704652,2097,16,0,2,23788465,1763,41,0,0
23773850,886,16,0,0,23750906,1378,48,0,0
23765935,2009,28,0,2,23782352,805,29,0,0
23771311,1737,61,0,4,23822121,421,60,0,0
23731625,1607,68,0,3,23762673,1045,41,0,0
23728098,1025,55,0,2,23802253,1198,28,0,0
23730632,1074,33,0,0,23835129,584,117,0,0
23731749,916,26,0,2,23790206,677,44,0,0
23788617,905,23,0,7,23730199,734,77,0,0
23798302,490,48,0,3,23750896,1270,44,0,0
23770519,402,44,0,3,23829806,1459,26,0,0
23740473,1110,42,0,0,23789665,1503,51,0,0
23805333,1471,18,0,5,23728601,748,46,0,0
23754942,1570,42,0,0,23819675,1425,37,0,0
23710458,1000,64,0,3,23754919,1191,58,0,0
23804706,1804,26,0,2,23827547,1219,41,0,0
23803201,1120,46,0,6,23706191,1474,42,0,0
23761170,1290,31,0,1,23811720,966,58,0,0
23810592,679,46,0,2,23746245,1041,82,0,0
23704153,1193,46,0,2,23836665,604,19,0,0
23699257,562,55,0,0,23838534,786,105,0,0
23697268,1987,18,0,0,23805124,1468,78,0,0
23754690,1361,73,0,3,23691548,1367,76,0,0
23727472,938,46,0,3,23740340,988,32,0,0
23708675,1312,37,0,0,23831211,1774,72,0,0
23776473,786,49,0,1,23789737,1507,26,0,0
23835998,722,21,0,7,23778017,599,108,0,0
23724362,1479,52,0,5,23806800,780,61,0,0
23700885,756,43,0,9,23799940,391,355,0,0
23783867,1201,48,0,0,23775081,742,39,0,0
23746007,2100,47,0,0,23806170,618,20,0,0
23796128,627,35,0,7,23747728,508,24,0,0
23835138,1040,28,0,2,23717861,757,94,0,0
23806853,1334,40,0,1,23799186,266,29,0,0
23706240,611,73,0,1,23763558,732,81,0,0
23797878,1226,43,0,2,23752353,809,31,0,0
23715635,766,52,0,5,23710759,1726,35,0,0
23731067,965,46,0,3,23779570,674,79,0,0
23813188,472,23,0,0,23801769,580,45,0,0
23812294,889,19,0,1,23697221,560,57,0,0
23745375,1354,32,0,1,23822386,1572,40,0,0
23821329,859,25,0,4,23817493,1564,27,0,0
23781896,1017,52,0,1,23693643,400,25,0,0
23791971,1663,31,0,3,23708138,167,34,0,0
23818335,156,46,0,3,23813041,1162,46,0,0
23724097,1084,63,0,0,23822655,1363,30,0,0
23810226,1267,34,0,8,23812881,1147,32,0,0
23808119,1859,52,0,1,23753811,1984,40,0,0
23816561,2144,44,0,0,23838117,1894,41,0,0
23753586,785,69,0,0,23819563,948,37,0,0
23740279,1056,46,0,2,23839350,622,34,0,0
23832313,1051,37,0,2,23776996,317,25,0,0
23755556,2435,55,0,1,23811903,1291,38,0,0
23834572,742,62,0,4,23718709,1148,137,0,0
23824856,1610,56,0,0,23793263,923,50,0,0
23782628,980,33,0,3,23754624,2148,50,0,0
23801900,1995,79,0,1,23812242,1824,23,0,0
23811390,1631,43,0,9,23726727,959,54,0,0
23785901,1788,38,0,1,23805819,311,54,0,0
23748604,1599,59,0,0,23751307,1311,45,0,0
23739251,657,39,0,0,23757377,858,124,0,0
23745551,628,24,0,14,23733647,2496,108,0,0
23788336,1326,46,0,10,23754399,2001,75,0,0
23747877,1524,52,0,8,23761499,1103,31,0,0
23737549,517,26,0,3,23794128,1737,29,0,0
23782004,449,86,0,0,23720438,910,25,0,0
23806880,2015,39,0,2,23803283,1170,35,0,0
23702622,842,39,0,4,23726415,812,21,0,0
23760647,1113,46,0,1,23707198,1432,48,0,0
23745038,1271,23,0,1,23708971,1616,23,0,0
23805349,2175,24,0,0,23780957,2001,46,0,0
23793865,733,58,0,3,23738581,749,29,0,0
23747149,1436,52,0,2,23829325,1360,48,0,0
23838113,1073,39,0,2,23811407,1503,86,0,0
23761608,1887,48,0,3,23782400,1395,43,0,0
23692652,974,44,0,1,23803150,327,38,0,0
23816898,917,28,0,2,23784354,2145,45,0,0
23762119,1277,70,0,7,23717931,1731,81,0,0
23789801,1143,34,0,1,23770770,1562,55,0,0
23699512,2371,25,0,1,23813218,1744,54,0,0
23831672,1043,19,0,2,23722056,1889,35,0,0
23782120,257,44,0,3,23700409,644,38,0,0
23717693,915,42,0,1,23705213,1528,40,0,0
23725544,973,83,0,0,23834015,805,40,0,0
23841779,1115,56,0,1,23749760,107,37,0,0
23754963,1220,59,0,0,23802878,1328,57,0,0
23736951,2572,42,0,1,23804332,698,40,0,0
23767935,2093,67,0,1,23803923,1740,30,0,0
23705519,1037,27,0,0,23727093,1485,41,0,0
23735785,108,75,0,2,23713781,1821,49,0,0
23773845,296,50,0,2,23707022,1844,64,0,0
23825790,1117,38,0,1,23820170,955,28,0,0
23821787,1105,62,0,7,23748272,2364,40,0,0
23719057,628,39,0,1,23836399,630,47,0,0
23764616,1031,21,0,7,23829836,546,31,0,0
23769963,1605,45,0,1,23731058,2236,54,0,0
23800486,507,38,0,4,23722585,483,51,0,0
23740757,464,52,0,0,23821663,1683,48,0,0
23748201,829,41,0,4,23810617,1674,30,0,0
23768396,1206,93,0,5,23726666,726,38,0,0
23784797,1324,68,0,2,23817068,1131,82,0,0
23811966,1299,52,0,0,23799259,1282,73,0,0
23738470,1720,46,0,1,23750149,1039,23,0,0
23845144,1383,31,0,9,23822705,1013,82,0,0
23751918,1117,62,0,1,23777990,615,27,0,0
23697433,1271,47,0,0,23830563,1282,29,0,0
23707634,1499,46,0,3,23753628,625,78,0,0
23754119,796,122,0,1,23836278,480,38,0,0
23722340,1159,24,0,1,23798658,1387,236,0,0
23795141,674,44,0,3,23756893,1298,39,0,0
23748047,374,39,0,8,23814807,1176,72,0,0
23805181,2609,32,0,1,23739397,353,32,0,0
23755671,2006,33,0,2,23845199,1210,26,0,0
23824268,318,43,0,0,23775856,899,38,0,0
23738997,1651,42,0,0,23788959,1636,83,0,0
23837112,1183,26,0,0,23804117,1962,56,0,0
23753626,1104,32,0,1,23772135,2231,24,0,0
23774207,701,43,0,1,23789856,844,36,0,0
23719733,515,76,0,2,23844476,535,67,0,0
23753279,1279,30,0,0,23813253,1395,49,0,0
23844824,2096,38,0,0,23767348,2477,57,0,0
23713475,112,38,0,1,23713022,1271,60,0,0
23793862,1709,26,0,2,23824153,1230,64,0,0
23740573,328,75,0,5,23763096,772,21,0,0
23767319,2240,30,0,1,23739377,1689,91,0,0
23725546,978,40,0,4,23794982,2344,32,0,0
23730180,1349,28,0,5,23708134,1515,25,0,0
23732730,1251,28,0,2,23723242,2426,47,0,0
23704170,885,64,0,2,23767077,665,53,0,0
23785175,1022,72,0,1,23767184,2009,20,0,0
23704564,547,63,0,3,23827658,1325,47,0,0
23843143,605,57,0,9,23782291,883,62,0,0
23700844,2037,39,0,6,23733917,1377,68,0,0
23840213,1986,26,0,1,23807094,802,15,0,0
23707111,1140,40,0,1,23718641,143,59,0,0
23751959,878,52,0,1,23819127,2155,76,0,0
23774463,1678,30,0,2,23750539,172,26,0,0
23733517,477,30,0,3,23728896,1849,32,0,0
23839133,1137,34,0,2,23782260,524,36,0,0
23737850,2429,60,0,0,23745116,793,17,0,0
23734241,1424,64,0,0,23735855,1093,76,0,0
23769118,635,74,0,3,23759919,1325,24,0,0
23711014,314,75,0,0,23815007,819,65,0,0
23828886,1242,27,0,2,23766945,1681,68,0,0
23814464,1185,28,0,4,23713130,1625,67,0,0
23810824,1430,19,0,10,23846224,1193,36,0,0
23844309,2562,45,0,3,23752430,1676,56,0,0
23779748,205,31,0,0,23789721,948,72,0,0
23798278,413,79,0,1,23820694,846,45,0,0
23756065,694,94,0,4,23701484,1037,28,0,0
23843815,1191,71,0,5,23826784,1155,44,0,0
23773395,1790,36,0,3,23721672,1640,71,0,0
23829974,2458,32,0,1,23789269,1295,55,0,0
23740918,670,22,0,2,23774242,624,57,0,0
23766593,1208,42,0,0,23775579,1133,95,0,0
23756272,1272,29,0,1,23849212,1542,17,0,0
23795675,1206,83,0,0,23787378,1304,56,0,0
23727996,1125,27,0,1,23827969,449,29,0,0
23726167,1355,57,0,0,23813591,1388,21,0,0
23740808,267,84,0,4,23731330,1027,40,0,0
23833849,218,55,0,1,23827331,1514,53,0,0
23829630,1775,26,0,0,23800271,924,33,0,0
23768411,1532,45,0,1,23734848,2271,24,0,0
23838235,1151,35,0,3,23722216,628,37,0,0
23813054,883,17,0,3,23808361,1220,30,0,0
23731949,651,52,0,1,23706172,849,30,0,0
23777112,1130,34,0,1,23807923,680,31,0,0
23742557,686,98,0,1,23806604,1355,27,0,0
23773851,686,48,0,2,23754728,880,27,0,0
23822258,1125,54,0,0,23804173,1608,36,0,0
23758307,1454,38,0,9,23810764,1215,72,0,0
23701052,1686,85,0,0,23706652,973,33,0,0
23761017,344,120,0,2,23701543,1295,23,0,0
23736536,1219,60,0,5,23755112,779,37,0,0
23820501,409,44,0,0,23736709,1326,38,0,0
23719097,1153,38,0,2,23729544,777,53,0,0
23832704,1549,32,0,1,23737307,1254,196,0,0
23791161,649,105,0,1,23721719,1128,32,0,0
23721901,1080,21,0,0,23758973,841,33,0,0
23793816,910,29,0,5,23810528,558,47,0,0
23772771,1456,34,0,2,23735828,889,107,0,0
23754478,1932,35,0,1,23784632,765,51,0,0
23820032,206,61,0,2,23844992,1389,31,0,0
23700420,2454,53,0,0,23801461,1037,52,0,0
23796853,891,119,0,1,23839785,1394,63,0,0
23796608,1546,30,0,1,23840817,1009,32,0,0
23795294,1684,49,0,3,23785540,1673,60,0,0
23731033,539,75,0,0,23743986,766,26,0,0
23726092,2323,57,0,0,23815991,774,63,0,0
23810396,840,45,0,2,23806472,707,48,0,0
23719491,516,23,0,1,23788586,1159,50,0,0
23829827,457,43,0,0,23701864,168,30,0,0
23824824,1056,63,0,1,23777712,773,27,0,0
23787285,466,30,0,1,23781268,2284,58,0,0
23704611,765,79,0,1,23836070,1350,25,0,0
23774178,715,61,0,0,23748760,603,25,0,0
23724343,1826,16,0,0,23844775,843,38,0,0
23810489,1175,63,0,0,23794687,1097,79,0,0
23730371,1557,52,0,1,23798457,848,32,0,0
23835875,1662,31,0,0,23720478,952,62,0,0
23824730,971,19,0,1,23816863,1167,29,0,0
23758116,2186,50,0,4,23829907,728,33,0,0
23851624,723,70,0,1,23808291,350,61,0,0
23757983,1155,58,0,0,23809323,1541,47,0,0
23792909,819,60,0,4,23829092,576,93,0,0
23716980,110,33,0,2,23812850,1502,32,0,0
23773975,175,44,0,0,23723148,1150,28,0,0
23806376,1078,46,0,1,23767987,394,27,0,0
23806275,1892,52,0,0,23705368,1492,33,0,0
23744774,472,22,0,1,23769802,1837,40,0,0
23751294,1741,62,0,5,23813148,800,53,0,0
23734761,1647,36,0,1,23785727,1606,48,0,0
23775323,1266,49,0,5,23829949,2037,36,0,0
23814890,787,28,0,2,23782770,2226,52,0,0
23825905,1718,88,0,2,23707828,882,31,0,0
23846385,760,32,0,3,23703056,1651,113,0,0
23839713,1696,43,0,0,23814300,1328,56,0,0
23721598,476,43,0,1,23761855,147,95,0,0
23736713,229,57,0,0,23764359,1290,94,0,0
23809103,615,59,0,0,23756344,829,45,0,0
23834745,764,25,0,1,23805903,407,72,0,0
23714384,1696,32,0,0,23759233,192,35,0,0
23753087,2538,36,0,1,23747600,852,93,0,0
23796581,343,46,0,3,23811202,650,86,0,0
23852915,1068,54,0,7,23791010,792,69,0,0
23708271,922,51,0,0,23763216,1155,63,0,0
23771942,737,18,0,4,23704074,1379,83,0,0
23743245,1168,32,0,1,23820382,925,38,0,0
23726590,723,85,0,1,23843952,744,50,0,0
23823687,1418,39,0,1,23823223,1390,58,0,0
23772376,1293,52,0,9,23781275,1467,30,0,0
23807548,2455,30,0,5,23814920,1254,62,0,0
23853928,2018,40,0,4,23846624,1350,40,0,0
23805557,622,49,0,0,23843686,906,26,0,0
23772398,1040,39,0,5,23730628,1420,55,0,0
23747559,1375,32,0,2,23762623,1192,63,0,0
23776756,1146,114,0,3,23794774,494,41,0,0
23724007,1699,24,0,3,23773131,2159,25,0,0
23820207,2282,106,0,4,23855305,462,65,0,0
23728415,877,36,0,7,23752454,1386,77,0,0
23743376,1051,33,0,0,23770199,1963,30,0,0
23707165,1659,28,0,3,23738177,1964,27,0,0
23841071,1198,32,0,2,23809490,959,37,0,0
23769278,1494,45,0,6,23775936,636,56,0,0
23731613,1757,14,0,4,23746159,1204,26,0,0
23742746,624,42,0,0,23854734,907,27,0,0
23752356,1646,67,0,5,23756753,1609,67,0,0
23799764,1085,68,0,2,23759545,1571,39,0,0
23740954,1161,42,0,0,23732960,543,42,0,0
23831566,924,47,0,0,23750214,1365,52,0,0
23845486,1145,19,0,0,23708518,2175,49,0,0
23831829,1441,42,0,2,23755458,1761,31,0,0
23713233,1684,23,0,0,23812325,629,36,0,0
23720336,294,45,0,0,23709430,172,36,0,0
23725746,608,57,0,6,23773111,225,72,0,0
23801819,1414,27,0,4,23709151,980,95,0,0
23840290,1975,40,0,0,23801834,1304,32,0,0
23834574,611,76,0,5,23824074,1326,48,0,0
23755273,1684,72,0,1,23779737,740,29,0,0
23855579,1000,29,0,4,23755099,1127,52,0,0
23830029,872,66,0,1,23822147,1164,40,0,0
23814584,2065,53,0,0,23780233,1817,34,0,0
23803183,1124,34,0,3,23738100,241,79,0,0
23758373,1163,30,0,2,23766710,1479,30,0,0
23738111,1151,39,0,4,23828071,1916,49,0,0
23805292,943,24,0,1,23761913,1054,29,0,0
23771344,582,26,0,0,23790340,1603,18,0,0
23739446,1391,52,0,5,23760410,1347,41,0,0
23803939,2045,50,0,4,23846916,434,33,0,0
23793665,1081,24,0,4,23774982,195,51,0,0
23743591,1296,36,0,1,23825344,1343,19,0,0
23779794,2173,79,0,1,23711944,803,53,0,0
23754386,876,36,0,2,23793218,1313,55,0,0
23719685,711,24,0,2,23838348,696,27,0,0
23714170,174,46,0,3,23748183,478,38,0,0
23788394,1116,43,0,1,23783266,541,27,0,0
23750056,838,63,0,8,23824735,1278,28,0,0
23834107,740,33,0,1,23825915,1117,26,0,0
23850006,1699,33,0,7,23845197,1507,54,0,0
23802944,996,32,0,0,23776035,718,41,0,0
23819118,1304,66,0,6,23726294,936,36,0,0
23794147,1159,28,0,6,23804354,1221,41,0,0
23722535,276,129,0,2,23848815,729,27,0,0
23834482,903,78,0,3,23852144,991,55,0,0
23721239,1161,74,0,4,23752804,2560,38,0,0
23836378,1001,38,0,1,23835803,1652,20,0,0
23745660,1468,46,0,1,23837890,635,51,0,0
23804621,742,39,0,4,23848175,1801,61,0,0
23765150,1368,62,0,2,23793660,1143,74,0,0
23844906,1955,33,0,2,23778604,856,57,0,0
23819430,1199,23,0,0,23835967,1703,17,0,0
23737625,1131,62,0,4,23826793,608,13,0,0
23786053,1741,32,0,0,23766735,559,44,0,0
23766259,1272,72,0,1,23859041,403,35,0,0
23823692,849,51,0,0,23757642,757,31,0,0
23811381,872,49,0,3,23812778,260,79,0,0
23858281,2150,28,0,4,23845513,645,46,0,0
23830943,648,43,0,2,23824427,1281,34,0,0
23787907,751,42,0,2,23802430,328,56,0,0
23738721,722,79,0,2,23774074,1125,28,0,0
23765140,186,61,0,2,23850969,1401,79,0,0
23764464,2489,30,0,1,23731971,704,16,0,0
23817462,1045,80,0,0,23789544,785,83,0,0
23776863,535,36,0,2,23714683,1164,58,0,0
23784200,1619,45,0,1,23820439,1416,62,0,0
23793813,1568,56,0,3,23793394,614,73,0,0
23794788,1011,33,0,7,23761907,1676,24,0,0
23760754,959,96,0,6,23829318,1884,36,0,0
23751031,690,44,0,9,23733709,1144,67,0,0
23788790,1124,60,0,1,23774939,680,124,0,0
23729843,208,93,0,1,23815972,1633,51,0,0
23736037,1318,37,0,1,23753799,893,52,0,0
23799301,278,15,0,7,23763995,1492,46,0,0
23728707,1256,74,0,3,23841241,1121,78,0,0
23722640,853,38,0,0,23811499,2344,28,0,0
23767153,1414,89,0,9,23845102,1781,34,0,0
23773517,446,55,0,4,23818989,663,25,0,0
23840503,1337,24,0,0,23724429,1502,35,0,0
23719659,695,131,0,5,23748654,984,47,0,0
23774783,1518,36,0,4,23806133,724,47,0,0
23798322,2598,57,0,1,23720993,1029,36,0,0
23733595,583,58,0,1,23733633,775,35,0,0
23839019,1534,26,0,4,23733845,923,45,0,0
23802671,1201,33,0,4,23819966,341,47,0,0
23778403,1756,37,0,14,23851854,1203,81,0,0
23819325,1874,56,0,3,23746607,1782,53,0,0
23810555,2093,34,0,0,23785016,422,24,0,0
23790004,1589,84,0,0,23811676,903,43,0,0
23784758,765,69,0,0,23832321,1804,40,0,0
23816928,1646,42,0,2,23831592,2093,40,0,0
23833245,116,28,0,1,23856100,1107,24,0,0
23774892,1330,30,0,7,23741599,228,65,0,0
23746942,681,36,0,1,23799064,951,45,0,0
23757342,730,58,0,0,23735689,1159,104,0,0
23817285,1524,24,0,0,23851515,623,86,0,0
23792784,1312,38,0,0,23809265,699,65,0,0
23815139,341,60,0,0,23771016,833,62,0,0
23730695,826,66,0,2,23741720,940,74,0,0
23804238,1303,46,0,8,23859727,2510,43,0,0
23793983,1475,58,0,2,23739531,1181,24,0,0
23822618,702,54,0,6,23842637,1160,105,0,0
23782688,1821,85,0,0,23717383,1668,18,0,0
23860603,851,40,0,0,23818807,2189,64,0,0
23809140,988,38,0,1,23733640,1861,76,0,0
23778508,1014,51,0,2,23833508,227,71,0,0
23719023,2516,67,0,0,23841118,984,55,0,0
23855257,1249,32,0,4,23729133,290,114,0,0
23806595,2153,40,0,3,23785947,130,70,0,0
23736935,1812,37,0,1,23807304,1569,46,0,0
23742047,1567,36,0,4,23819986,2228,24,0,0
23858038,1450,30,0,0,23805329,481,62,0,0
23816948,384,38,0,1,23780478,366,53,0,0
23784550,586,44,0,0,23799234,252,62,0,0
23742814,647,60,0,0,23861371,1137,46,0,0
23839541,2023,63,0,1,23745755,1535,23,0,0
23752644,1610,34,0,3,23722832,1666,25,0,0
23806150,906,32,0,6,23796957,536,39,0,0
23737907,1323,44,0,4,23795990,866,57,0,0
23828664,463,67,0,0,23760444,920,90,0,0
23786383,1959,34,0,2,23818568,692,30,0,0
23785602,1334,25,0,0,23855117,1078,73,0,0
23817605,899,21,0,1,23734535,1127,35,0,0
23754123,731,112,0,0,23772392,695,67,0,0
23769868,705,75,0,0,23846933,706,87,0,0
23861015,1209,81,0,7,23760604,767,42,0,0
23762960,867,13,0,2,23741397,456,49,0,0
23836443,2126,45,0,7,23743651,982,124,0,0
23751807,982,49,0,0,23735554,1536,35,0,0
23742875,1262,48,0,1,23764688,1613,34,0,0
23805527,1105,39,0,1,23739627,1126,31,0,0
23726053,1030,18,0,3,23816583,545,31,0,0
23800092,1669,11,0,8,23806730,973,67,0,0
23757161,1359,27,0,10,23787073,1578,18,0,0
23809016,760,21,0,1,23744855,836,89,0,0
23777094,839,37,0,0,23755240,1698,45,0,0
23764286,1254,50,0,1,23857234,1237,40,0,0
23794300,1326,30,0,2,23847249,890,60,0,0
23759376,927,52,0,2,23756044,1302,52,0,0
23756408,1366,39,0,1,23786195,1148,301,0,0
23823712,1209,54,0,0,23849779,1129,48,0,0
23784549,1578,49,0,0,23844014,1304,32,0,0
23841030,455,48,0,0,23770109,2071,56,0,0
23821598,1708,72,0,5,23746998,1265,35,0,0
23749193,582,110,0,3,23794053,992,49,0,0
23762907,2224,57,0,2,23731791,1036,29,0,0
23810024,1056,41,0,0,23865722,1863,52,0,0
23765867,1896,51,0,2,23725735,794,19,0,0
23859298,1129,34,0,3,23782159,1964,54,0,0
23780297,627,30,0,1,23825508,202,64,0,0
23862306,1553,119,0,3,23778164,985,34,0,0
23855659,2553,30,0,0,23753230,2247,52,0,0
23859853,571,49,0,10,23805347,642,90,0,0
23741731,1084,28,0,3,23844741,1140,24,0,0
23725363,1384,43,0,2,23735938,1961,36,0,0
23784201,1152,26,0,3,23795679,1321,78,0,0
23838231,962,115,0,0,23772755,1077,36,0,0
23819707,1792,16,0,8,23745900,942,55,0,0
23860574,136,100,0,0,23724635,1037,22,0,0
23857842,1414,31,0,1,23826171,1185,26,0,0
23859947,1058,49,0,1,23818042,1111,42,0,0
23725815,840,52,0,2,23733758,2566,68,0,0
23784168,1602,33,0,0,23772397,1910,22,0,0
23835261,1807,45,0,0,23733782,545,20,0,0
23807283,993,72,0,0,23864560,1124,90,0,0
23777613,1176,54,0,2,23832017,431,64,0,0
23834946,857,49,0,3,23811125,1086,45,0,0
23816443,1174,19,0,5,23754122,1768,70,0,0
23756861,169,45,0,0,23823567,983,29,0,0
23850943,844,19,0,1,23792890,1185,32,0,0
23837745,737,30,0,1,23800971,832,58,0,0
23846642,692,47,0,5,23813173,1504,29,0,0
23769156,933,53,0,3,23858484,1149,27,0,0
23795575,915,61,0,5,23771737,905,40,0,0
23783111,668,20,0,1,23799242,1210,84,0,0
23802972,1302,71,0,1,23830259,112,49,0,0
23851648,1159,74,0,4,23783198,742,62,0,0
23833997,1178,32,0,5,23735661,573,81,0,0
23846197,1360,66,0,2,23811762,1167,55,0,0
23751934,1039,37,0,10,23727730,495,53,0,0
23782732,1016,40,0,7,23820864,849,33,0,0
23809063,1201,64,0,3,23866269,1019,38,0,0
23752047,1499,14,0,3,23775986,579,201,0,0
23834164,844,26,0,1,23778856,1426,39,0,0
23811673,2181,46,0,4,23862900,565,50,0,0
23736629,1976,22,0,2,23789885,614,43,0,0
23754962,1188,70,0,3,23862421,975,41,0,0
23837801,1455,35,0,1,23837768,1554,51,0,0
23844219,1682,27,0,0,23736581,1303,47,0,0
23847099,1699,63,0,1,23834784,666,100,0,0
23837283,908,57,0,1,23827542,1278,44,0,0
23772032,620,62,0,1,23868173,796,44,0,0
23837560,1812,88,0,2,23792265,2262,19,0,0
23840553,1467,42,0,0,23844411,885,31,0,0
23800188,1363,43,0,0,23746246,857,77,0,0
23758777,451,49,0,5,23864950,905,47,0,0
23803804,1677,41,0,2,23783421,2105,40,0,0
23854365,1541,78,0,7,23745005,1174,44,0,0
23793103,2202,76,0,1,23774579,733,44,0,0
23854330,993,23,0,2,23869577,1023,50,0,0
23728145,927,23,0,1,23730993,1537,48,0,0
23821101,392,86,0,2,23830140,1004,58,0,0
23768250,434,50,0,4,23794679,1183,42,0,0
23865268,1063,30,0,0,23826165,1382,98,0,0
23765774,1325,87,0,0,23845885,1587,75,0,0
23857900,1195,33,0,4,23746016,699,72,0,0
23811270,805,41,0,6,23858432,765,96,0,0
23820868,1068,40,0,2,23845282,1088,68,0,0
23831152,726,53,0,5,23836122,1036,39,0,0
23733300,609,26,0,1,23813468,2167,68,0,0
23775989,1691,60,0,0,23863618,525,114,0,0
23753396,1325,43,0,7,23807591,1346,58,0,0
23862529,1238,53,0,1,23846910,1224,17,0,0
23813103,324,44,0,5,23848002,1266,40,0,0
23826407,631,35,0,3,23739698,938,17,0,0
23808937,2589,39,0,5,23796173,1295,60,0,0
23789297,1208,21,0,3,23822448,1549,53,0,0
23862586,1262,25,0,0,23807098,729,55,0,0
23731731,1882,56,0,0,23758200,978,24,0,0
23730036,230,43,0,2,23772320,2375,88,0,0
23760220,1156,70,0,1,23733659,1362,63,0,0
23844780,1165,48,0,1,23834056,772,53,0,0
23754644,1627,82,0,1,23754350,1954,26,0,0
23728807,789,63,0,5,23747838,748,49,0,0
23762749,993,69,0,7,23823676,587,68,0,0
23842598,842,127,0,0,23850128,1554,93,0,0
23772566,1042,29,0,1,23852263,714,115,0,0
23761871,1308,41,0,2,23813896,607,53,0,0
23800580,669,39,0,4,23740781,690,35,0,0
23756922,1050,26,0,2,23778653,521,23,0,0
23803322,848,41,0,5,23782703,743,72,0,0
23750925,163,86,0,2,23737375,220,24,0,0
23742061,1388,67,0,1,23851649,1389,83,0,0
23799599,1278,50,0,5,23832504,544,47,0,0
23771821,601,57,0,4,23814574,117,64,0,0
23787065,964,41,0,0,23820678,1265,31,0,0
23857996,2556,66,0,0,23760653,1899,27,0,0
23830881,907,45,0,0,23755481,1086,37,0,0
23869601,708,24,0,1,23732430,943,65,0,0
23752586,1273,38,0,2,23740216,803,14,0,0
23814693,1125,65,0,1,23827416,352,40,0,0
23810701,1268,80,0,1,23861946,1953,42,0,0
23849822,384,71,0,3,23808074,1709,35,0,0
23805436,617,52,0,0,23779943,287,127,0,0
23778141,675,32,0,4,23865873,557,66,0,0
23862581,1244,20,0,1,23851400,1131,66,0,0
23730609,875,60,0,0,23802815,234,41,0,0
23733840,1488,46,0,2,23838362,702,39,0,0
23862837,598,48,0,1,23761278,1211,19,0,0
23804303,1213,67,0,0,23863736,983,108,0,0
23845506,1258,32,0,1,23873635,1091,49,0,0
23755954,1755,60,0,207,23777068,737,40,0,0
23768288,319,31,0,0,23767127,909,30,0,0
23829700,1074,29,0,0,23829335,1263,101,0,0
23848166,1247,42,0,0,23830655,1098,40,0,0
23789493,1556,13,0,0,23855000,895,29,0,0
23839911,1441,35,0,0,23746135,670,37,0,0
23753156,762,32,0,0,23737871,1804,72,0,0
23813157,2204,23,0,1,23863115,1035,42,0,0
23748030,1493,31,0,0,23866197,1485,68,0,0
23823105,1193,45,0,0,23754837,1030,85,0,0
23868920,861,25,0,0,23732658,1026,68,0,0
23874139,1190,39,0,0,23817929,189,54,0,0
23788196,451,30,0,0,23859400,1658,60,0,0
23766741,981,76,0,0,23843164,1575,41,0,0
23840137,1061,34,0,0,23746789,665,68,0,0
23752381,674,43,0,0,23864147,568,50,0,0
23767013,553,57,0,0,23735933,817,86,0,0
23736087,668,54,0,0,23782401,903,66,0,0
23766181,942,43,0,0,23861322,933,86,0,0
23736003,975,75,0,0,23867919,615,46,0,0
23749676,1129,41,0,0,23778303,1106,55,0,0
23746835,1269,13,0,0,23819354,664,27,0,0
23762767,860,15,0,0,23736816,869,13,0,0
23818645,1444,46,0,0,23807661,1132,51,0,0
23736649,708,62,0,0,23820373,1227,33,0,0
23853559,1429,46,0,0,23850521,460,27,0,0
23786722,1090,28,0,6,23859016,935,41,0,0
23757796,2394,43,0,0,23743300,998,48,0,0
23760040,717,88,0,0,23778479,1315,42,0,0
23789654,1567,41,0,0,23763067,759,55,0,0
23793700,1009,13,0,0,23805024,605,15,0,0
23748082,182,24,0,2,23761401,1465,99,0,0
23865897,2377,15,0,0,23773476,732,72,0,0
23812759,1103,56,0,1,23829963,1127,21,0,0
23862023,1193,26,0,0,23793870,1321,54,0,0
23742442,763,36,0,2,23776716,980,45,0,0
23821109,820,81,0,2,23843571,1644,71,0,0
23836670,719,31,0,3,23748622,466,39,0,0
23793092,1194,32,0,0,23809418,720,67,0,0
23877399,446,40,0,3,23851403,1459,18,0,0
23789450,1130,66,0,3,23814959,717,52,0,0
23859246,2105,48,0,1,23807906,661,55,0,0
23747860,830,52,0,0,23763658,969,43,0,0
23822504,2081,17,0,3,23740636,1804,49,0,0
23756884,1332,28,0,0,23747533,1178,67,0,0
23799662,1885,26,0,0,23777033,481,23,0,0
23801772,748,44,0,4,23767633,1050,43,0,0
23759740,1694,60,0,0,23850694,593,54,0,0
23749707,1075,23,0,4,23748315,825,38,0,0
23873186,1333,29,0,1,23825644,844,59,0,0
23803510,2342,41,0,1,23777740,424,84,0,0
23876470,569,37,0,0,23799542,1166,33,0,0
23864694,799,31,0,4,23769895,668,108,0,0
23752477,1434,33,0,2,23827922,1272,26,0,0
23810738,1506,39,0,7,23871864,450,23,0,0
23847952,1209,36,0,1,23832497,786,114,0,0
23753289,1840,58,0,3,23801841,2028,22,0,0
23769206,1224,45,0,8,23846895,1892,28,0,0
23836154,1145,31,0,13,23735173,572,42,0,0
23763297,892,163,0,0,23766647,449,69,0,0
23859042,435,83,0,2,23778685,1317,75,0,0
23762301,1680,21,0,2,23759395,695,50,0,0
23780892,474,23,0,3,23860740,894,24,0,0
23852612,1301,39,0,4,23803284,1589,33,0,0
23861174,945,56,0,0,23877523,1307,35,0,0
23846021,993,38,0,0,23856545,257,45,0,0
23831332,569,54,0,1,23798231,722,29,0,0
23739380,1525,12,0,0,23858952,1463,57,0,0
23833906,399,34,0,0,23832903,409,39,0,0
23761615,1692,31,0,1,23767612,908,38,0,0
23759108,2230,42,0,0,23853349,1411,44,0,0
23816049,2174,88,0,0,23869856,768,41,0,0
23766573,805,31,0,2,23869303,762,65,0,0
23788899,925,32,0,1,23803964,2083,94,0,0
23773161,1327,31,0,0,23769926,287,63,0,0
23773660,1616,23,0,0,23812791,672,18,0,0
23766359,1052,51,0,1,23845526,880,27,0,0
23799450,1131,65,0,2,23817902,622,70,0,0
23768302,1477,42,0,0,23829565,743,51,0,0
23822291,1275,55,0,0,23736674,346,75,0,0
23800313,1036,80,0,1,23791630,1057,41,0,0
23749780,1591,48,0,4,23872399,1689,43,0,0
23841173,1170,27,0,1,23826758,1619,12,0,0
23830535,2122,40,0,1,23840759,918,68,0,0
23860638,472,48,0,2,23871254,1158,18,0,0
23813153,933,26,0,5,23743483,1429,22,0,0
23766620,711,36,0,1,23821161,1873,77,0,0
23752253,1224,33,0,0,23740663,615,52,0,0
23775716,963,76,0,1,23828365,2250,62,0,0
23795175,708,27,0,2,23813561,1893,36,0,0
23847670,1771,36,0,1,23745272,613,83,0,0
23753984,1668,78,0,1,23867971,1156,27,0,0
23834256,820,36,0,1,23834829,1247,42,0,0
23830913,943,62,0,0,23802123,969,77,0,0
23777273,556,22,0,3,23745432,531,35,0,0
23777925,2000,31,0,4,23833009,1154,17,0,0
23790671,1079,57,0,2,23742766,1001,21,0,0
23794242,1238,41,0,3,23752510,514,58,0,0
23772302,978,31,0,0,23791274,1655,43,0,0
23804976,675,47,0,4,23805242,934,61,0,0
23794929,645,50,0,2,23857217,2108,61,0,0
23779728,1757,33,0,2,23744484,867,46,0,0
23874635,1641,17,0,4,23773464,635,60,0,0
23880500,1733,46,0,0,23841458,671,44,0,0
23827843,1037,73,0,1,23877569,592,35,0,0
23749058,589,25,0,4,23814395,1650,39,0,0
23816820,914,41,0,1,23820239,218,31,0,0
23771641,1093,39,0,7,23765955,2121,48,0,0
23832054,1797,45,0,5,23826958,678,52,0,0
23740480,799,41,0,4,23801540,1614,138,0,0
23819518,1394,69,0,2,23834254,1326,49,0,0
23848675,822,225,0,2,23833705,959,70,0,0
23761738,1593,46,0,1,23774600,2535,42,0,0
23795431,1015,48,0,2,23778615,726,65,0,0
23826646,531,39,0,1,23815036,1301,35,0,0
23823909,2528,17,0,1,23793097,209,22,0,0
23791033,1124,53,0,7,23806626,1038,17,0,0
23788876,1544,59,0,4,23752926,2596,68,0,0
23755627,851,27,0,0,23879202,671,112,0,0
23778175,1109,66,0,1,23785634,1497,26,0,0
23816825,1172,61,0,1,23779126,1634,39,0,0
23751546,1510,34,0,2,23840891,774,61,0,0
23834396,1451,36,0,1,23762542,1322,43,0,0
23776434,1221,32,0,10,23868019,162,191,0,0
23855809,1615,27,0,0,23760090,1766,32,0,0
23781833,633,47,0,0,23770851,1784,35,0,0
23807844,345,67,0,2,23766036,450,39,0,0
23867678,1174,38,0,3,23769440,701,123,0,0
23807712,2122,44,0,2,23760302,1436,64,0,0
23764990,2636,27,0,2,23775782,765,18,0,0
23827762,834,67,0,3,23790984,660,41,0,0
23840804,1552,30,0,9,23875006,796,53,0,0
23776573,837,68,0,1,23853557,1956,75,0,0
23759398,809,66,0,5,23749592,1115,25,0,0
23833737,2435,77,0,1,23743728,834,58,0,0
23809129,1505,50,0,2,23873656,1191,24,0,0
23823637,810,28,0,7,23751216,1802,59,0,0
23789050,647,20,0,0,23850964,849,56,0,0
23849528,873,17,0,9,23839054,1332,39,0,0
23794652,1710,45,0,2,23754413,700,56,0,0
23821604,1317,37,0,1,23797231,443,54,0,0
23829279,1456,58,0,1,23788207,1553,63,0,0
23784279,584,50,0,5,23757010,1281,79,0,0
23741075,1543,59,0,1,23825719,1373,40,0,0
23785661,1746,34,0,2,23884657,1347,23,0,0
23770233,1076,50,0,4,23757183,767,112,0,0
23813456,336,110,0,0,23761160,1530,45,0,0
23878930,888,31,0,3,23862072,1552,68,0,0
23856467,750,38,0,0,23771192,2293,28,0,0
23864539,1614,53,0,1,23744231,1417,53,0,0
23863149,741,20,0,0,23822663,1277,63,0,0
23825689,1035,38,0,0,23809212,1351,45,0,0
23794804,306,40,0,1,23804903,1254,61,0,0
23810219,2103,38,0,2,23767804,1698,84,0,0
23836236,792,93,0,1,23863777,1153,27,0,0
23818727,731,77,0,2,23809463,872,31,0,0
23780582,792,56,0,3,23844210,1687,23,0,0
23822130,2362,30,0,0,23776394,1283,86,0,0
23885126,2127,45,0,2,23760437,353,41,0,0
23814161,1518,28,0,2,23811967,1633,56,0,0
23774950,1362,58,0,3,23826253,903,27,0,0
23766965,786,49,0,4,23800312,435,44,0,0
23767806,631,75,0,3,23815764,880,31,0,0
23840356,635,22,0,1,23784315,1451,45,0,0
23857749,1734,19,0,3,23841124,574,69,0,0
23743385,1125,34,0,1,23864574,795,77,0,0
23805726,790,80,0,1,23839220,382,35,0,0
23853188,984,70,0,5,23886381,723,131,0,0
23859538,1605,39,0,1,23855165,489,42,0,0
23762471,1577,37,0,3,23757485,886,55,0,0
23744129,1494,64,0,3,23874557,520,37,0,0
23851867,2398,60,0,1,23817791,1336,72,0,0
23760205,1361,37,0,0,23814176,556,49,0,0
23822919,400,71,0,1,23863098,1155,45,0,0
23758762,193,35,0,2,23811098,933,33,0,0
23880782,1350,61,0,0,23826721,1440,34,0,0
23765019,328,101,0,3,23772101,837,27,0,0
23769110,655,44,0,1,23749933,309,54,0,0
23829623,1078,21,0,2,23824541,1022,36,0,0
23805568,1532,30,0,2,23758126,1371,49,0,0
23799055,615,30,0,4,23882885,1392,21,0,0
23811345,1463,76,0,3,23776273,761,85,0,0
23868896,961,35,0,2,23848603,605,42,0,0
23776690,533,65,0,3,23773200,1337,49,0,0
23832383,645,68,0,6,23748857,934,41,0,0
23879792,1463,30,0,0,23844662,1299,52,0,0
23785486,1720,66,0,5,23749540,857,61,0,0
23777841,909,71,0,2,23761360,934,24,0,0
23809642,339,20,0,1,23841799,925,69,0,0
23791502,2154,44,0,0,23783878,616,30,0,0
23864109,688,24,0,3,23809744,863,84,0,0
23834737,612,31,0,2,23797510,1175,19,0,0
23790991,392,88,0,0,23855403,536,87,0,0
23824621,656,27,0,1,23880841,1139,52,0,0
23881874,1349,70,0,3,23824884,624,61,0,0
23752040,495,37,0,3,23776070,2091,24,0,0
23875649,1204,47,0,1,23794116,1253,33,0,0
23880995,1083,53,0,2,23784227,1387,35,0,0
23785394,1021,19,0,1,23755559,1389,43,0,0
23787481,461,33,0,1,23765357,654,62,0,0
23778854,1106,31,0,0,23800148,726,85,0,0
23877617,1158,24,0,0,23831711,1250,64,0,0
23799435,1052,136,0,1,23808098,1122,44,0,0
23820455,1132,50,0,0,23872418,739,49,0,0
23749392,688,83,0,2,23837780,474,55,0,0
23790375,425,78,0,0,23782955,899,32,0,0
23847509,1745,42,0,0,23865675,1302,36,0,0
23858791,1280,41,0,0,23817340,1631,30,0,0
23752480,975,61,0,0,23813548,533,45,0,0
23817927,762,53,0,5,23807193,1493,50,0,0
23786110,1357,59,0,2,23875678,1149,22,0,0
23817837,923,33,0,1,23819934,989,51,0,0
23784053,1041,50,0,4,23806974,1534,27,0,0
23874815,1403,65,0,4,23879342,418,49,0,0
23865336,947,48,0,3,23794026,279,103,0,0
23831913,1089,30,0,3,23806274,1118,67,0,0
23845660,616,69,0,1,23783661,630,79,0,0
23844916,1069,31,0,1,23883890,1107,51,0,0
23784526,2160,31,0,3,23756771,1474,44,0,0
23814504,930,58,0,3,23793453,911,84,0,0
23785408,1978,61,0,15,23788451,935,83,0,0
23846082,1852,38,0,6,23794024,421,254,0,0
23773162,2104,44,0,3,23885641,1325,33,0,0
23839798,857,52,0,1,23845706,649,62,0,0
23785655,2129,48,0,2,23755111,654,41,0,0
23815324,723,59,0,1,23834333,204,69,0,0
23860442,637,72,0,7,23823629,996,45,0,0
23824861,335,42,0,6,23772602,1138,11,0,0
23823080,638,44,0,4,23786823,930,59,0,0
23784567,414,41,0,4,23873959,559,50,0,0
23833732,786,96,0,0,23797715,1933,26,0,0
23824813,837,40,0,3,23770682,326,46,0,0
23756614,305,27,0,1,23782182,682,51,0,0
23856663,892,46,0,1,23843568,916,40,0,0
23752370,647,43,0,5,23798360,237,24,0,0
23882240,1086,44,0,0,23833454,890,33,0,0
23757405,601,73,0,3,23844575,536,74,0,0
23877242,730,33,0,0,23875234,2124,41,0,0
23804715,631,91,0,2,23808220,2321,35,0,0
23762725,1912,42,0,4,23886701,629,40,0,0
23861586,655,56,0,2,23877553,733,42,0,0
23776627,1658,43,0,1,23836024,1820,28,0,0
23846581,1653,56,0,1,23864576,856,54,0,0
23789816,1703,60,0,0,23751413,1290,30,0,0
23887261,763,122,0,1,23813072,744,76,0,0
23782681,1664,41,0,3,23887146,1337,50,0,0
23859153,1796,30,0,0,23874500,628,62,0,0
23824564,359,49,0,2,23890601,990,63,0,0
23809299,1123,24,0,1,23810209,1197,71,0,0
23787284,1006,38,0,3,23811268,1141,40,0,0
23830848,1678,20,0,2,23804442,1490,47,0,0
23806480,1069,32,0,1,23741110,989,56,0,0
23763386,1559,33,0,0,23852469,1260,41,0,0
23883844,1520,51,0,3,23771758,1532,51,0,0
23746143,1236,39,0,0,23762909,741,51,0,0
23752646,1583,31,0,1,23812370,1409,49,0,0
23812216,1132,73,0,1,23810670,1190,41,0,0
23819650,1159,38,0,2,23826227,947,130,0,0
23867282,2544,46,0,2,23742887,982,31,0,0
23814932,1114,55,0,1,23828480,701,63,0,0
23784328,713,82,0,2,23785545,972,69,0,0
23861386,1175,43,0,1,23772832,2097,44,0,0
23840110,2128,21,0,2,23866096,659,60,0,0
23857648,1847,80,0,1,23793952,790,55,0,0
23769565,1004,52,0,4,23764845,712,74,0,0
23777646,2287,36,0,2,23811517,697,34,0,0
23814154,650,83,0,3,23878153,1081,41,0,0
23786314,1283,41,0,6,23816587,1287,24,0,0
23869334,793,80,0,1,23834340,1359,39,0,0
23840268,1083,44,0,12,23796467,1233,54,0,0
23791987,787,43,0,2,23828411,1520,32,0,0
23823249,1199,56,0,9,23789502,348,67,0,0
23800804,103,33,0,0,23827108,1469,48,0,0
23875939,848,28,0,2,23778124,1433,60,0,0
23884851,380,48,0,4,23814557,1005,54,0,0
23782921,1546,63,0,5,23807977,763,46,0,0
23795795,1204,44,0,4,23831865,1398,76,0,0
23753168,1860,35,0,3,23812066,1985,39,0,0
23830213,2111,53,0,0,23772726,2265,26,0,0
23835458,868,43,0,1,23852170,1375,37,0,0
23887525,433,54,0,3,23815872,1187,62,0,0
23777769,1044,46,0,5,23754241,1218,61,0,0
23806479,864,67,0,0,23807354,190,28,0,0
23766053,1312,51,0,1,23755258,652,54,0,0
23817877,1035,225,0,3,23842912,368,45,0,0
23873737,1184,32,0,3,23887191,1358,41,0,0
23782619,1418,43,0,3,23868904,609,57,0,0
23860014,305,58,0,0,23879169,1000,48,0,0
23764150,1339,63,0,6,23769819,1069,75,0,0
23858330,1058,33,0,4,23868938,298,49,0,0
23887828,117,192,0,2,23795578,1528,76,0,0
23882307,869,51,0,0,23754574,1141,69,0,0
23877750,1589,53,0,2,23858109,983,43,0,0
23853626,1048,22,0,4,23815420,1940,58,0,0
23805072,760,43,0,3,23817508,964,43,0,0
23868055,1151,75,0,0,23874900,1469,57,0,0
23762643,2141,24,0,0,23866050,538,40,0,0
23806563,890,60,0,1,23802869,474,21,0,0
23754297,428,27,0,1,23830275,1187,57,0,0
23780793,2004,26,0,3,23805104,991,67,0,0
23806094,1409,16,0,1,23771788,2363,23,0,0
23812257,1348,23,0,6,23891322,1012,75,0,0
23816284,747,68,0,0,23760525,460,39,0,0
23892100,2152,46,0,1,23882428,843,60,0,0
23802103,976,24,0,0,23878651,847,32,0,0
23772201,2507,41,0,1,23843071,562,24,0,0
23796492,548,26,0,2,23865567,729,47,0,0
23867422,821,37,0,6,23886416,1728,29,0,0
23872345,1098,33,0,4,23828483,436,36,0,0
23754215,1862,69,0,1,23775568,1551,77,0,0
23815974,1353,17,0,0,23834676,969,27,0,0
23778958,1172,18,0,3,23802277,359,27,0,0
23855528,1121,51,0,1,23800550,1601,36,0,0
23777976,859,64,0,8,23784947,537,36,0,0
23830282,1479,45,0,2,23778579,1682,38,0,0
23810624,720,60,0,3,23763381,276,59,0,0
23839962,324,121,0,4,23884430,972,21,0,0
23849804,1172,22,0,2,23858466,918,20,0,0
23754097,2080,20,0,0,23827079,1390,38,0,0
23892393,1177,34,0,3,23777002,960,49,0,0
23754813,1312,85,0,1,23846319,1483,35,0,0
23807917,673,35,0,3,23834019,2048,56,0,0
23776834,1555,24,0,0,23817880,794,28,0,0
23859966,2361,57,0,3,23752228,804,33,0,0
23839164,1165,68,0,1,23829068,1665,41,0,0
23769312,322,60,0,1,23815951,1543,59,0,0
23756448,887,56,0,1,23820546,1666,62,0,0
23837925,925,36,0,5,23833904,1432,62,0,0
23836579,1807,53,0,2,23813840,1824,23,0,0
23822730,953,77,0,1,23776006,687,78,0,0
23793547,1861,36,0,9,23757682,2244,67,0,0
23756129,1378,39,0,5,23881878,475,123,0,0
23823853,602,43,0,9,23827967,1047,42,0,0
23880659,863,46,0,0,23758996,230,22,0,0
23839201,1954,27,0,1,23857336,1817,18,0,0
23885594,1481,41,0,1,23862471,938,22,0,0
23806946,781,124,0,3,23869111,958,42,0,0
23784903,612,31,0,5,23834275,1612,85,0,0
23882025,1349,54,0,2,23805836,1469,45,0,0
23826020,743,64,0,1,23785239,948,59,0,0
23881563,1325,27,0,2,23783690,701,48,0,0
23844572,519,55,0,0,23889369,1138,49,0,0
23793835,1311,32,0,1,23787083,601,48,0,0
23760429,173,170,0,2,23877518,728,35,0,0
23809102,2498,68,0,4,23827613,1913,57,0,0
23843228,2455,46,0,1,23758680,761,25,0,0
23873761,1138,43,0,2,23825304,959,59,0,0
23805795,619,42,0,0,23789718,950,81,0,0
23855677,1639,37,0,1,23818037,1546,26,0,0
23788922,953,47,0,1,23812288,1180,36,0,0
23881944,604,27,0,3,23895025,396,40,0,0
23886588,1418,35,0,1,23831563,1355,29,0,0
23856446,1676,29,0,5,23855132,788,34,0,0
23880980,431,40,0,1,23888460,2056,18,0,0
23791841,1234,32,0,2,23773613,620,49,0,0
23770729,1108,43,0,4,23774050,2220,46,0,0
23825311,1812,45,0,1,23823560,513,97,0,0
23883676,1349,52,0,1,23833339,1567,82,0,0
23882293,1479,28,0,0,23868848,791,122,0,0
23841207,1526,49,0,1,23850879,1285,53,0,0
23865320,1868,50,0,5,23827560,835,41,0,0
23866407,2457,28,0,3,23805155,415,80,0,0
23823187,464,25,0,1,23755545,608,76,0,0
23832326,1987,47,0,7,23789033,454,50,0,0
23800090,1096,51,0,1,23822418,2558,60,0,0
23894770,1641,31,0,1,23826972,628,34,0,0
23784830,1996,25,0,1,23792575,808,38,0,0
23878601,627,34,0,0,23873054,1749,18,0,0
23818269,428,62,0,7,23781203,2015,29,0,0
23827246,2100,24,0,2,23885841,2062,44,0,0
23877631,319,77,0,1,23852669,587,63,0,0
23771646,636,66,0,1,23785158,411,35,0,0
23812855,917,41,0,1,23810934,1500,61,0,0
23775295,1498,26,0,1,23820159,1129,99,0,0
23811060,2236,17,0,2,23884368,774,56,0,0
23885880,649,49,0,3,23808061,2171,38,0,0
23834835,2359,60,0,0,23824526,1465,42,0,0
23781668,669,53,0,2,23848512,623,52,0,0
23810907,1147,32,0,1,23834106,722,30,0,0
23882105,627,52,0,3,23858571,717,33,0,0
23786584,1521,64,0,0,23771656,474,56,0,0
23830057,947,83,0,1,23847357,1976,59,0,0
23851118,965,69,0,3,23804060,1123,41,0,0
23762128,1373,24,0,3,23858493,1150,43,0,0
23822990,1575,20,0,2,23822479,1390,32,0,0
23844740,528,98,0,0,23780725,1549,23,0,0
23894269,628,56,0,7,23840571,1006,59,0,0
23829299,2515,26,0,2,23800644,1798,18,0,0
23864163,812,57,0,0,23874612,709,89,0,0
23821910,1053,37,0,1,23817839,920,65,0,0
23799833,762,44,0,0,23859478,849,39,0,0
23777847,947,87,0,2,23812940,2686,62,0,0
23772962,1237,44,0,7,23870485,1358,33,0,0
23886603,1923,29,0,5,23857686,1289,48,0,0
23809516,1004,38,0,2,23775606,2243,19,0,0
23871645,1307,30,0,4,23817428,1329,29,0,0
23846351,178,82,0,1,23805653,949,58,0,0
23762613,1452,49,0,4,23854316,342,76,0,0
23807599,559,31,0,0,23882508,784,36,0,0
23898441,1970,75,0,0,23825594,1558,43,0,0
23835799,879,70,0,3,23821571,1267,25,0,0
23830498,1187,61,0,1,23761443,1038,34,0,0
23824412,1721,32,0,0,23840381,686,53,0,0
23820052,500,91,0,2,23757975,993,58,0,0
23775735,1425,37,0,3,23777966,1778,49,0,0
23891081,1218,33,0,0,23816170,932,34,0,0
23773592,1228,18,0,0,23835237,872,48,0,0
23880799,964,77,0,1,23765996,728,26,0,0
23799161,974,104,0,3,23787337,835,70,0,0
23814123,1610,119,0,2,23813685,1236,49,0,0
23854216,433,48,0,0,23767189,1327,55,0,0
23831770,655,31,0,1,23890553,1631,69,0,0
23801428,552,43,0,1,23795201,1428,34,0,0
23874178,1164,40,0,0,23870290,2102,38,0,0
23896576,2407,48,0,0,23858602,601,25,0,0
23763270,711,59,0,1,23860280,980,44,0,0
23901793,850,34,0,1,23790304,977,64,0,0
23840656,310,16,0,1,23858307,2399,72,0,0
23840209,1777,13,0,4,23853106,657,26,0,0
23778793,1707,71,0,0,23850862,1156,113,0,0
23892544,2064,25,0,1,23882769,938,58,0,0
23861945,760,51,0,3,23855200,1929,37,0,0
23887007,1341,44,0,1,23864816,1986,34,0,0
23779201,159,177,0,3,23867826,1186,50,0,0
23881437,354,150,0,1,23889274,1594,18,0,0
23763625,1175,56,0,2,23854325,966,67,0,0
23822073,1683,37,0,1,23776939,1119,73,0,0
23839332,634,20,0,5,23893035,1155,47,0,0
23808399,389,26,0,3,23770207,1428,32,0,0
23870795,1693,72,0,0,23758242,1100,42,0,0
23823228,2306,36,0,3,23782330,257,73,0,0
23812453,960,72,0,3,23808231,642,141,0,0
23895577,1590,30,0,2,23797008,2098,37,0,0
23761532,1025,89,0,2,23772035,250,39,0,0
23822621,1623,35,0,5,23766905,498,48,0,0
23881654,891,15,0,0,23797216,852,76,0,0
23812571,853,57,0,1,23823052,1496,69,0,0
23767182,653,52,0,6,23799167,993,61,0,0
23868724,1365,19,0,7,23883568,1056,62,0,0
23820130,271,86,0,1,23795561,151,65,0,0
23780863,450,29,0,0,23889310,613,55,0,0
23881733,719,42,0,0,23794194,2224,36,0,0
23834040,1409,53,0,0,23782576,534,48,0,0
23791134,640,78,0,4,23876337,1909,22,0,0
23761387,943,17,0,2,23898352,2121,40,0,0
23772263,1155,26,0,5,23765679,1148,54,0,0
23839890,689,33,0,6,23854093,2519,32,0,0
23836668,846,12,0,3,23813471,1021,48,0,0
23775886,2338,47,0,1,23855534,1191,26,0,0
23875066,1147,51,0,0,23887181,219,51,0,0
23831591,1626,16,0,2,23807557,819,63,0,0
23815917,1089,47,0,1,23887480,988,48,0,0
23766730,1108,60,0,2,23864211,586,123,0,0
23880504,986,38,0,6,23784163,1237,28,0,0
23811329,608,23,0,1,23767072,597,62,0,0
23831527,1924,59,0,0,23871561,1858,51,0,0
23777667,1666,56,0,0,23903314,1100,111,0,0
23795672,1629,49,0,2,23765794,870,38,0,0
23867982,1788,39,0,1,23778523,1535,28,0,0
23878740,1297,59,0,6,23873575,1738,38,0,0
23767764,465,31,0,5,23786803,937,65,0,0
23844850,871,31,0,0,23818257,1227,78,0,0
23772796,1285,31,0,4,23814068,732,28,0,0
23838813,1306,47,0,1,23792533,1339,43,0,0
23814422,825,43,0,0,23783704,846,40,0,0
23840106,1640,38,0,0,23812283,1383,47,0,0
23812380,493,41,0,3,23805400,896,146,0,0
23782908,1693,79,0,1,23856099,2209,26,0,0
23819356,266,43,0,1,23769646,1425,26,0,0
23812296,970,63,0,2,23867021,1907,63,0,0
23789411,1635,29,0,0,23807532,1835,35,0,0
23786972,585,40,0,1,23793210,1979,53,0,0
23801244,171,117,0,8,23777530,750,28,0,0
23861724,2087,44,0,9,23840040,694,55,0,0
23764866,926,64,0,1,23796681,780,46,0,0
23799136,1473,70,0,4,23787256,2058,34,0,0
23878521,820,46,0,1,23773883,1115,80,0,0
23896953,2574,32,0,1,23814318,570,179,0,0
23862344,1132,60,0,3,23803302,682,35,0,0
23814353,1661,35,0,2,23877549,1600,30,0,0
23800066,593,71,0,1,23846984,1249,64,0,0
23886008,1758,54,0,4,23807847,1360,35,0,0
23871787,855,37,0,3,23854833,326,54,0,0
23774359,1041,50,0,2,23817363,1891,43,0,0
23868357,881,47,0,1,23872899,789,25,0,0
23856592,1896,86,0,0,23803951,1940,40,0,0
23788204,1107,55,0,3,23888652,1244,16,0,0
23901109,2038,19,0,7,23846276,453,29,0,0
23798470,560,38,0,3,23780404,877,64,0,0
23870910,1050,58,0,1,23906609,963,22,0,0
23768697,2413,30,0,1,23847665,1561,43,0,0
23899330,129,26,0,3,23885406,1174,33,0,0
23835306,803,113,0,3,23854491,542,61,0,0
23858707,759,100,0,1,23790672,642,94,0,0
23899664,697,43,0,10,23858896,958,72,0,0
23792245,660,46,0,3,23809321,894,50,0,0
23835162,1754,16,0,2,23809720,824,251,0,0
23854610,1544,36,0,2,23872517,976,74,0,0
23901000,210,24,0,7,23809363,562,28,0,0
23885079,1195,56,0,2,23779080,1787,51,0,0
23809256,381,112,0,1,23888851,1120,78,0,0
23820306,1158,26,0,1,23845409,363,67,0,0
23820384,463,46,0,1,23834253,765,46,0,0
23786467,1479,79,0,1,23853851,1177,54,0,0
23814748,1211,52,0,9,23784084,1381,62,0,0
23838274,1013,37,0,0,23804951,547,72,0,0
23894853,1006,76,0,1,23811741,1342,56,0,0
23842126,1224,35,0,5,23830086,1095,20,0,0
23799339,2237,42,0,1,23803170,1383,30,0,0
23781712,1380,43,0,3,23788924,290,50,0,0
23812149,1963,40,0,6,23867094,1526,22,0,0
23774116,1102,32,0,3,23837311,1289,77,0,0
23894651,603,72,0,0,23833620,1611,53,0,0
23786139,1640,79,0,0,23881779,1617,42,0,0
23776862,1605,49,0,2,23828238,1571,64,0,0
23859000,635,68,0,1,23869649,1641,28,0,0
23795258,1185,126,0,12,23882919,1157,85,0,0
23881096,1164,57,0,7,23883090,1712,34,0,0
23871781,1949,46,0,2,23879667,2179,68,0,0
23777039,843,30,0,1,23823614,536,95,0,0
23903969,138,51,0,2,23839657,1696,67,0,0
23789514,667,67,0,4,23771462,501,29,0,0
23856856,574,34,0,0,23781235,300,58,0,0
23893050,1651,45,0,3,23805720,1183,23,0,0
23824366,1656,43,0,4,23777963,1439,37,0,0
23835269,809,55,0,3,23821799,1081,43,0,0
23825597,2105,66,0,4,23794814,939,54,0,0
23839007,1061,53,0,5,23848750,584,48,0,0
23822427,902,28,0,2,23841401,972,41,0,0
23886036,1174,84,0,0,23857102,1106,44,0,0
23778109,1219,48,0,1,23826311,720,52,0,0
23806021,1411,21,0,1,23807884,1769,51,0,0
23908230,156,45,0,6,23776539,2199,34,0,0
23809017,2368,37,0,3,23817014,2139,53,0,0
23889103,1221,46,0,1,23834744,1361,45,0,0
23870144,943,42,0,2,23842977,239,46,0,0
23801899,1454,15,0,3,23816281,1683,29,0,0
23782776,1245,70,0,3,23807732,1473,26,0,0
23882050,1076,34,0,2,23771714,1740,41,0,0
23873390,905,37,0,0,23877667,333,52,0,0
23830597,793,30,0,1,23797279,212,52,0,0
23783761,1360,69,0,6,23877365,872,62,0,0
23812666,879,83,0,2,23893653,914,34,0,0
23882445,759,55,0,3,23903399,728,90,0,0
23822063,1530,65,0,6,23864604,194,55,0,0
23817512,574,58,0,3,23773754,1347,51,0,0
23845766,2012,28,0,9,23896684,1746,42,0,0
23902832,969,30,0,2,23861651,947,18,0,0
23786981,806,34,0,2,23834529,883,41,0,0
23853196,1236,31,0,1,23876630,1626,26,0,0
23906141,345,51,0,2,23799630,799,29,0,0
23904946,305,226,0,1,23773318,110,23,0,0
23891506,930,27,0,4,23896240,1486,30,0,0
23819330,2102,47,0,9,23821851,595,79,0,0
23900565,1928,22,0,4,23772094,1659,77,0,0
23827095,2395,55,0,2,23897559,1228,27,0,0
23821380,707,37,0,0,23871788,2205,39,0,0
23855833,783,65,0,0,23891547,946,49,0,0
23859555,1117,43,0,1,23854778,851,125,0,0
23895488,902,27,0,2,23806773,1421,38,0,0
23844799,1693,75,0,1,23820833,1049,59,0,0
23910957,599,68,0,1,23858504,1250,34,0,0
23806416,2047,22,0,1,23828062,1498,60,0,0
23877901,922,82,0,0,23805581,980,53,0,0
23828191,803,50,0,5,23776754,2409,42,0,0
23854235,2597,44,0,1,23817307,1343,63,0,0
23826523,622,36,0,1,23869295,1044,24,0,0
23782022,735,45,0,1,23848303,461,66,0,0
23827725,1730,85,0,0,23905555,1198,69,0,0
23772555,1391,42,0,7,23773994,1440,22,0,0
23800451,1729,48,0,4,23849292,960,39,0,0
23825855,2027,26,0,1,23821497,1331,51,0,0
23856730,1296,52,0,6,23817185,1123,27,0,0
23816869,310,181,0,0,23856576,1550,61,0,0
23777442,617,56,0,1,23796383,1474,24,0,0
23893845,138,67,0,13,23792850,1684,17,0,0
23845103,1894,48,0,9,23874678,1547,40,0,0
23824035,1133,34,0,3,23830680,1915,84,0,0
23884799,1069,80,0,5,23903758,1300,42,0,0
23795469,986,40,0,4,23825137,967,64,0,0
23857142,2144,73,0,2,23834424,1061,37,0,0
23791450,1975,36,0,0,23850036,1765,39,0,0
23832075,1203,38,0,2,23798419,1394,63,0,0
23821317,1541,54,0,0,23899831,1455,35,0,0
23895151,640,32,0,0,23794306,1675,65,0,0
23771873,1216,24,0,3,23831387,1876,22,0,0
23877371,1045,46,0,3,23845544,1349,81,0,0
23870619,483,34,0,1,23852220,761,22,0,0
23783470,437,65,0,0,23809262,1784,28,0,0
23867998,2205,24,0,1,23836572,869,37,0,0
23848805,2176,36,0,0,23788526,1503,28,0,0
23869589,922,56,0,4,23778179,279,55,0,0
23889231,1273,46,0,4,23801959,793,87,0,0
23867740,1982,49,0,2,23857818,1285,23,0,0
23861104,636,40,0,2,23812852,1197,28,0,0
23788343,985,32,0,3,23797346,889,34,0,0
23790259,238,42,0,4,23803654,667,18,0,0
23790003,1430,110,0,0,23804941,228,44,0,0
23836499,1322,33,0,0,23870737,1366,49,0,0
23782842,2118,22,0,2,23902173,1274,157,0,0
23893061,2207,67,0,2,23784676,1294,65,0,0
23777412,1514,80,0,9,23901759,970,85,0,0
23895607,1349,53,0,1,23855728,1510,34,0,0
23827017,621,72,0,8,23822089,635,43,0,0
23855538,521,33,0,4,23834992,579,51,0,0
23820648,625,41,0,3,23806898,495,30,0,0
23848773,1295,28,0,3,23822055,414,71,0,0
23813409,1154,77,0,1,23792090,1013,31,0,0
23811277,1651,66,0,0,23776029,832,46,0,0
23878430,668,46,0,4,23859636,1033,54,0,0
23799561,425,51,0,2,23910606,631,16,0,0
23773646,547,60,0,0,23777518,342,134,0,0
23851206,247,140,0,1,23827257,1432,20,0,0
23877134,624,107,0,5,23884004,2498,39,0,0
23795806,453,47,0,0,23866812,934,78,0,0
23796309,1079,36,0,1,23801316,1042,86,0,0
23892443,1659,28,0,1,23797299,923,39,0,0
23870436,2127,32,0,0,23911785,615,101,0,0
23806584,102,45,0,2,23783163,361,47,0,0
23903931,710,73,0,0,23780670,248,58,0,0
23864824,1380,20,0,3,23866499,814,19,0,0
23804802,720,25,0,0,23851546,918,98,0,0
23903981,702,66,0,0,23786835,1607,35,0,0
23897073,1859,49,0,2,23826299,1431,44,0,0
23853758,808,77,0,0,23835502,1511,67,0,0
23831325,145,67,0,2,23871639,1285,57,0,0
23796285,1146,54,0,3,23881441,566,40,0,0
23871833,1645,24,0,2,23822220,1713,32,0,0
23898523,1098,25,0,1,23894127,564,37,0,0
23849458,610,110,0,5,23834720,1026,31,0,0
23854848,640,39,0,1,23855658,1518,45,0,0
23784806,1201,14,0,1,23908033,659,33,0,0
23872261,1635,33,0,1,23874761,1080,52,0,0
23906637,383,80,0,0,23842453,1477,63,0,0
23883654,1563,59,0,1,23818908,1227,74,0,0
23844036,923,82,0,1,23879228,1072,16,0,0
23795064,1086,59,0,0,23848070,794,80,0,0
23890937,1467,41,0,0,23832845,2053,22,0,0
23877466,1529,23,0,0,23832259,1131,54,0,0
23885860,580,42,0,1,23822402,934,34,0,0
23863830,522,62,0,0,23860644,1776,41,0,0
23806164,681,26,0,0,23853703,591,35,0,0
23788788,1058,247,0,0,23801031,301,47,0,0
23807378,2346,42,0,0,23774974,1653,36,0,0
23889093,1310,26,0,2,23868861,158,46,0,0
23793364,1571,38,0,3,23879765,408,57,0,0
23876778,1567,224,0,4,23848920,2155,57,0,0
23893508,532,55,0,2,23913242,198,53,0,0
23893796,1587,20,0,4,23892303,308,45,0,0
23796833,1164,66,0,3,23905635,216,85,0,0
23872198,1526,52,0,1,23781054,974,61,0,0
23774616,2126,31,0,1,23812763,2593,36,0,0
23899495,1639,91,0,1,23913266,406,311,0,0
23789130,1043,37,0,1,23786363,1722,31,0,0
23853264,693,52,0,2,23779018,972,44,0,0
23915280,983,44,0,1,23853474,994,44,0,0
23838545,1110,49,0,0,23812705,842,99,0,0
23878561,872,37,0,2,23835142,1055,69,0,0
23887968,1441,26,0,5,23894123,1512,45,0,0
23807486,1359,81,0,1,23822341,1234,53,0,0
23836803,1212,65,0,0,23774943,1374,57,0,0
23817897,1624,36,0,0,23912325,1019,39,0,0
23796745,1592,74,0,4,23857909,210,43,0,0
23864312,257,35,0,4,23777178,1361,48,0,0
23864143,153,67,0,0,23815560,1511,47,0,0
23844869,784,42,0,4,23802621,762,45,0,0
23822093,1294,43,0,2,23812173,1101,22,0,0
23909573,518,40,0,1,23860059,2278,43,0,0
23906364,1091,26,0,3,23820915,267,68,0,0
23836821,818,27,0,1,23817833,911,55,0,0
23793039,573,34,0,1,23859051,1298,50,0,0
23915334,1150,109,0,6,23901968,859,38,0,0
23850566,1604,22,0,2,23814817,2127,54,0,0
23809547,2414,39,0,1,23858507,1065,56,0,0
23863765,1110,30,0,0,23844701,1381,28,0,0
23796524,2531,71,0,0,23793881,718,41,0,0
23830956,2067,140,0,6,23783498,1631,51,0,0
23809242,1456,66,0,0,23833565,1447,72,0,0
23814455,716,46,0,5,23918869,894,31,0,0
23803378,1187,27,0,3,23857108,909,59,0,0
23813484,1913,70,0,3,23858506,439,18,0,0
23818151,1898,49,0,0,23886512,147,57,0,0
23869695,847,53,0,3,23892676,480,51,0,0
23836299,1345,28,0,4,23919778,789,32,0,0
23779154,416,75,0,4,23877539,697,70,0,0
23913714,1224,32,0,1,23908237,539,40,0,0
23809544,630,63,0,1,23786129,2265,50,0,0
23835522,839,46,0,2,23796819,1701,33,0,0
23850139,1940,31,0,6,23907320,921,51,0,0
23806323,1194,67,0,1,23873113,937,23,0,0
23882246,969,41,0,1,23869406,575,60,0,0
23908486,1097,72,0,3,23863623,1077,18,0,0
23884215,805,28,0,5,23896012,125,71,0,0
23795543,601,50,0,9,23787744,1790,47,0,0
23861478,1597,86,0,2,23841089,1337,31,0,0
23902347,619,60,0,1,23837957,1600,63,0,0
23892899,1142,63,0,1,23787212,2146,31,0,0
23897678,1472,25,0,7,23811462,657,45,0,0
23818735,2204,51,0,1,23914111,1610,22,0,0
23802902,964,46,0,3,23901745,329,94,0,0
23797982,584,19,0,2,23907568,1117,53,0,0
23816393,1095,24,0,2,23831914,1079,26,0,0
23887533,1865,24,0,0,23816830,1006,48,0,0
23900426,243,50,0,0,23845687,1160,46,0,0
23795517,763,55,0,0,23893377,493,35,0,0
23855260,1192,37,0,0,23914651,334,47,0,0
23860804,1614,61,0,3,23887130,2020,47,0,0
23855713,2205,47,0,2,23796996,1678,34,0,0
23886851,298,107,0,1,23891720,1793,88,0,0
23880105,1162,82,0,0,23910173,1039,46,0,0
23919902,711,56,0,3,23920384,432,78,0,0
23919624,890,47,0,2,23898503,946,61,0,0
23787414,916,104,0,4,23788654,2003,34,0,0
23895602,935,32,0,2,23860894,2145,63,0,0
23893226,645,50,0,1,23866998,1612,31,0,0
23854543,1426,66,0,6,23882629,901,46,0,0
23897289,1336,34,0,6,23822015,2165,30,0,0
23865499,444,51,0,2,23919753,636,37,0,0
23820403,941,41,0,7,23830911,2031,67,0,0
23804338,1075,42,0,2,23818614,1082,81,0,0
23841818,1409,37,0,1,23811146,703,30,0,0
23788927,940,18,0,1,23780519,979,36,0,0
23918158,1650,22,0,0,23814553,190,281,0,0
23876517,971,80,0,3,23855168,1183,55,0,0
23818185,1331,42,0,4,23836578,1231,44,0,0
23922512,639,20,0,3,23786649,817,81,0,0
23851325,423,18,0,1,23790491,592,71,0,0
23821219,942,46,0,3,23906736,1789,22,0,0
23881952,719,59,0,2,23850350,1135,75,0,1
23873419,856,66,0,0,23830327,1185,80,0,0
23911308,1118,44,0,1,23797233,273,21,0,0
23806645,1026,78,0,2,23785576,658,69,0,0
23788177,877,30,0,2,23814651,990,52,0,0
23818249,554,17,0,0,23910500,718,51,0,0
23869775,1620,38,0,2,23864629,614,42,0,0
23848893,1120,47,0,0,23886163,162,72,0,0
23787339,1165,18,0,1,23914433,1117,55,0,0
23902975,1812,46,0,1,23896821,1118,35,0,0
23820077,1461,34,0,1,23834543,833,75,0,0
23907159,2115,62,0,3,23803323,1028,33,0,1
23913238,1635,23,0,10,23902379,2164,17,0,0
23843158,632,19,0,6,23827880,141,47,0,0
23806105,1955,41,0,1,23864165,720,77,0,0
23819252,806,32,0,2,23880252,1486,51,0,0
23821139,1235,73,0,0,23837693,1170,56,0,0
23783336,1184,38,0,9,23820818,1469,31,0,0
23914292,1398,41,0,6,23784813,2683,41,0,0
23911997,1123,17,0,12,23781012,1377,48,0,0
23863583,2281,70,0,1,23833419,1060,42,0,0
23861681,942,63,0,1,23909954,1394,24,0,0
23874933,489,75,0,0,23872480,1760,40,0,0
23893662,1100,55,0,0,23907704,1466,45,0,0
23823795,1790,43,0,1,23902048,707,65,0,0
23883902,770,39,0,0,23790752,878,19,0,0
23874787,721,53,0,0,23835956,878,46,0,0
23808059,1201,33,0,3,23918864,1106,24,0,0
23784877,846,65,0,1,23891156,887,54,0,0
23783251,1322,22,0,1,23903132,1756,55,0,0
23808708,1168,34,0,7,23854594,396,17,0,0
23849552,1285,40,0,0,23803622,1103,61,0,0
23807874,2303,64,0,0,23813622,1425,84,0,0
23782003,581,25,0,0,23817316,1173,18,0,0
23800960,1517,25,0,10,23812482,1939,24,0,0
23803257,750,33,0,0,23887147,1116,40,0,0
23892169,2093,28,0,0,23794872,791,52,0,0
23854905,991,54,0,7,23825066,2118,30,0,0
23830155,1197,62,0,1,23801477,515,75,0,0
23814841,2116,49,0,7,23894838,925,38,0,0
23783623,277,47,0,2,23888036,1205,44,0,0
23892894,1346,74,0,1,23802648,1688,64,0,0
23922227,1723,55,0,2,23912011,691,76,0,0
23909473,2190,37,0,0,23796697,964,32,0,0
23813051,272,30,0,2,23841734,1844,55,0,0
23848700,818,24,0,6,23912973,1083,35,0,0
23803771,826,31,0,3,23797639,1695,57,0,0
23816636,1710,50,0,4,23826521,1249,35,0,0
23872196,872,29,0,2,23844589,1478,52,0,0
23787773,1316,38,0,6,23867530,476,59,0,0
23852536,1125,89,0,1,23867359,1389,127,0,0
23872273,515,15,0,3,23856462,1133,63,0,0
23897221,1165,44,0,2,23906567,316,54,0,0
23804513,689,82,0,3,23923725,453,85,0,0
23907643,1078,53,0,3,23863891,1131,35,0,0
23919652,1350,76,0,1,23783669,1674,79,0,0
23794801,1674,52,0,0,23860411,506,41,0,0
23811302,1801,42,0,0,23874409,854,43,0,0
23823889,511,78,0,0,23818732,634,97,0,0
23871605,662,111,0,0,23890699,1152,52,0,0
23800555,724,90,0,4,23788197,1611,14,0,0
23914451,1726,50,0,2,23840459,1020,38,0,0
23836171,1163,19,0,9,23832978,677,71,0,0
23926709,1076,45,0,0,23835177,411,25,0,0
23803343,1685,43,0,2,23845965,1625,24,0,0
23917265,716,74,0,1,23881550,629,43,0,0
23910665,729,95,0,2,23823041,1340,41,0,0
23874662,756,122,0,5,23914920,1144,53,0,0
23868362,831,62,0,1,23806467,1235,64,0,0
23801329,681,47,0,1,23909784,2608,35,0,0
23909333,911,68,0,1,23920137,889,57,0,0
23867850,711,37,0,1,23849073,869,53,0,0
23872257,1795,25,0,6,23898497,477,56,0,0
23892317,2114,23,0,0,23918043,1208,35,0,0
23903939,1191,80,0,2,23918255,320,86,0,0
23896400,937,35,0,7,23890945,669,14,0,0
23846677,1004,48,0,0,23893731,742,61,0,0
23855441,1488,69,0,2,23858279,684,54,0,0
23855300,1042,38,0,1,23927630,1421,44,0,0
23826364,1442,84,0,6,23909857,650,76,0,0
23820366,608,45,0,0,23903473,1242,24,0,0
23888143,1628,65,0,3,23803548,1385,102,0,0
23874455,725,35,0,6,23822219,2004,43,0,0
23880006,1601,37,0,0,23911067,696,65,0,0
23816795,1299,24,0,3,23887423,1189,46,0,0
23893814,1856,46,0,0,23844404,366,76,0,0
23806263,715,85,0,1,23826503,1087,61,0,0
23843579,1190,38,0,4,23849338,1644,57,0,0
23856138,473,75,0,2,23837459,648,52,0,0
23831522,2473,34,0,8,23839183,402,62,0,0
23811113,1453,48,0,2,23918748,2415,26,0,0
23866330,582,35,0,3,23853694,493,82,0,0
23857708,1154,49,0,4,23799632,1418,17,0,0
23869849,1821,28,0,2,23841782,721,33,0,0
23786848,1199,47,0,0,23874307,909,29,0,0
23807529,482,60,0,1,23825630,926,37,0,0
23799089,993,37,0,2,23839797,429,48,0,0
23805613,1179,191,0,2,23871534,1292,71,0,0
23818213,2307,52,0,0,23851450,643,37,0,0
23907319,903,55,0,2,23891504,627,49,0,0
23917465,1490,46,0,0,23889440,842,34,0,0
23886882,1394,25,0,6,23809222,1573,52,0,0
23832455,517,30,0,2,23824927,520,81,0,0
23861333,873,77,0,2,23806621,947,47,0,0
23793588,1545,22,0,0,23892532,183,42,0,0
23880115,1698,38,0,6,23920528,1777,43,0,0
23888757,967,33,0,0,23879274,1308,46,0,0
23894855,1137,22,0,3,23817538,460,33,0,0
23920994,1288,35,0,2,23808092,636,40,0,0
23928398,1158,59,0,6,23923827,922,56,0,0
23926056,1255,29,0,3,23877972,1354,32,0,0
23905947,1123,57,0,1,23843229,792,132,0,0
23791587,1190,27,0,7,23812643,2273,51,0,0
23888020,555,90,0,1,23825288,1099,60,0,0
23850232,1136,75,0,1,23866099,1285,24,0,0
23909626,2292,52,0,4,23855794,469,108,0,0
23849195,932,47,0,3,23898182,1313,23,0,0
23913021,2146,79,0,3,23905003,2146,108,0,0
23871594,1136,40,0,5,23892065,908,30,0,0
23795080,1447,69,0,3,23923834,1581,54,0,0
23925117,1296,38,0,1,23787544,810,70,0,0
23922974,1260,81,0,1,23874285,1905,25,0,0
23929284,960,70,0,5,23883741,539,59,0,0
23803691,1134,47,0,0,23841218,1854,77,0,0
23890756,2240,39,0,4,23929562,605,28,0,0
23847931,990,80,0,1,23887689,1365,45,0,0
23902340,1158,33,0,1,23847446,890,40,0,0
23820099,108,31,0,2,23875688,946,65,0,0
23920204,660,65,0,5,23793568,688,78,0,0
23813201,722,34,0,1,23799513,758,32,0,0
23840176,986,73,0,13,23878827,1124,68,0,0
23912803,2082,37,0,4,23923100,2163,39,0,0
23893329,1474,48,0,2,23845470,636,65,0,0
23868200,633,65,0,4,23883716,996,77,0,0
23813124,1134,29,0,1,23874745,1103,69,0,0
23886502,1182,55,0,1,23793673,1149,18,0,0
23823439,2048,29,0,2,23883945,1119,43,0,0
23821137,1862,74,0,0,23819065,1000,48,0,0
23884496,1844,61,0,2,23876611,2348,27,0,0
23889251,1654,46,0,0,23825083,557,41,0,0
23795651,947,22,0,10,23837971,618,33,0,0
23860949,1672,37,0,1,23790863,462,63,0,0
23800787,690,72,0,6,23877923,1628,25,0,0
23809770,731,58,0,1,23788285,1953,60,0,0
23861063,1390,47,0,3,23887600,986,49,0,0
23924042,678,73,0,2,23882974,685,52,0,0
23834327,1214,30,0,2,23908060,1169,66,0,0
23885625,829,61,0,5,23833767,1179,31,0,0
23856600,1992,19,0,2,23878658,705,102,0,0
23809793,1196,72,0,2,23905368,2135,74,0,0
23848126,908,60,0,0,23879666,1054,19,0,0
23898632,944,47,0,0,23838145,1589,61,0,0
23822620,651,52,0,5,23888228,1812,29,0,0
23869284,932,66,0,1,23875031,1736,39,0,0
23807603,955,33,0,9,23862166,1684,48,0,0
23935152,1886,41,0,2,23789091,745,90,0,0
23800825,1553,15,0,1,23792500,629,65,0,0
23822976,1204,20,0,8,23883268,2175,37,0,0
23810239,495,45,0,0,23818362,869,32,0,0
23809391,861,75,0,3,23802739,847,63,0,0
23852151,479,58,0,2,23818534,877,65,0,0
23847860,474,48,0,5,23793923,447,160,0,0
23878577,428,29,0,12,23794354,2181,55,0,0
23862745,2189,30,0,2,23791513,1600,53,0,0
23870368,1596,43,0,3,23789936,1893,26,0,0
23893125,1329,34,0,0,23898284,324,44,0,0
23876724,1656,64,0,2,23904694,766,73,0,0
23834141,735,89,0,4,23844139,1202,78,0,0
23789056,402,31,0,1,23829323,1782,11,0,0
23807392,1014,32,0,0,23859134,1644,66,0,0
23809457,1599,35,0,1,23925067,509,43,0,0
23909506,1643,36,0,1,23840217,469,60,0,0
23846761,669,59,0,2,23935144,1179,49,0,0
23907788,667,47,0,3,23824983,1363,36,0,0
23890378,1354,72,0,0,23888007,241,62,0,0
23854232,600,21,0,0,23791767,740,66,0,0
23879330,601,25,0,2,23804701,2477,35,0,0
23870526,499,41,0,1,23799861,1145,89,0,0
23811614,781,43,0,6,23917154,388,62,0,0
23909614,2351,49,0,3,23826062,871,48,0,0
23793686,1456,24,0,1,23834386,599,44,0,0
23838468,1116,20,0,4,23817155,675,68,0,0
23914265,924,42,0,14,23897843,908,55,0,0
23907913,688,33,0,1,23810298,385,27,0,0
23889575,752,51,0,3,23898019,1700,34,0,0
23794422,1546,32,0,0,23805013,209,27,0,0
23913114,1945,54,0,5,23825715,367,20,0,0
23839885,2466,56,0,0,23876231,657,57,0,0
23915271,1352,74,0,5,23857838,1576,50,0,0
23825215,314,50,0,3,23799063,1677,97,0,0
23832581,1300,30,0,9,23802389,1477,99,0,0
23817190,1256,72,0,3,23834500,578,59,0,0
23865191,1521,26,0,4,23807584,603,30,0,0
23797768,1480,42,0,0,23887026,1629,102,0,0
23855330,1851,63,0,0,23866635,1736,69,0,0
23883230,1267,46,0,21,23862820,207,52,0,0
23895921,613,76,0,2,23886174,1141,57,0,0
23796180,739,17,0,1,23864617,530,87,0,0
23853242,2321,35,0,1,23824723,1222,86,0,0
23842703,1505,46,0,8,23921011,1364,90,0,0
23888904,1157,69,0,2,23821983,786,94,0,0
23847683,1175,68,0,7,23808024,909,44,0,0
23921459,1439,55,0,3,23893266,866,51,0,0
23918144,499,32,0,5,23877757,625,51,0,0
23934762,1036,39,0,7,23902490,867,66,0,0
23809283,627,42,0,9,23938551,495,42,0,0
23821285,1146,40,0,0,23821678,939,84,0,0
23935823,982,37,0,2,23812621,563,150,0,0
23849588,1138,53,0,1,23827928,715,29,0,0
23932452,1530,71,0,0,23846750,2138,76,0,0
23935998,1719,37,0,4,23807177,580,55,0,0
23900250,2184,36,0,0,23938556,838,70,0,0
23813674,710,33,0,2,23825234,262,23,0,0
23869875,1975,49,0,5,23920859,503,99,0,0
23859294,932,79,0,0,23859866,669,48,0,0
23927702,2011,34,0,1,23819693,712,60,0,0
23834146,1162,38,0,3,23900403,1115,37,0,0
23918363,942,45,0,1,23824490,1158,67,0,0
23808299,838,35,0,3,23797011,871,44,0,0
23833239,895,69,0,2,23877948,1387,47,0,0
23860750,575,53,0,0,23855951,1040,27,0,0
23919777,661,28,0,0,23826459,336,53,0,0
23895656,1170,75,0,3,23922917,1649,24,0,0
23794524,602,86,0,3,23890473,1922,30,0,0
23927787,687,44,0,1,23875207,2533,39,0,0
23930576,1022,50,0,5,23821163,1691,23,0,0
23907665,1031,48,0,0,23797821,419,38,0,0
23852337,612,44,0,1,23915084,1389,39,0,0
23843766,1336,45,0,5,23825028,869,571,0,0
23828264,748,38,0,2,23934090,1487,206,0,0
23931710,638,27,0,0,23855116,1041,54,0,0
23915049,1099,70,0,1,23935011,1064,25,0,0
23940106,313,45,0,3,23897939,1307,25,0,0
23826703,793,46,0,0,23906489,1482,20,0,0
23830554,846,30,0,0,23847267,1061,63,0,0
23798988,650,41,0,2,23900203,1569,47,0,0
23928955,2283,24,0,2,23828262,411,25,0,0
23909476,1265,40,0,6,23805426,1387,39,0,0
23831849,1755,29,0,2,23796228,1967,121,0,0
23896040,1346,28,0,1,23894295,1657,19,0,0
23884821,1070,64,0,1,23869665,1116,60,0,0
23852118,972,69,0,1,23878146,1332,38,0,0
23882444,2234,26,0,1,23795700,884,65,0,0
23803925,1424,32,0,0,23904442,1603,35,0,0
23843019,1239,20,0,5,23820228,1782,54,0,0
23821670,1256,56,0,3,23933734,1383,44,0,0
23808930,2127,29,0,0,23853689,1001,42,0,0
23899014,1783,31,0,1,23819207,1096,45,0,0
23877246,634,54,0,1,23908603,1792,57,0,0
23932207,846,27,0,3,23938438,675,42,0,0
23880790,1460,55,0,0,23909708,2106,30,0,0
23885014,1431,55,0,1,23807492,1656,94,0,0
23872657,122,58,0,5,23928154,2100,48,0,0
23863211,733,55,0,8,23802506,1065,31,0,0
23929610,1378,84,0,4,23854115,679,44,0,0
23827476,1134,67,0,1,23911883,1272,21,0,0
23918680,2592,24,0,3,23903549,1100,46,0,0
23819103,1155,42,0,4,23903218,842,107,0,0
23908508,1046,18,0,1,23916730,1357,22,0,0
23883591,915,21,0,1,23823671,609,133,0,0
23915081,1311,34,0,2,23870062,1383,66,0,0
23807749,1167,31,0,2,23837989,467,46,0,0
23841302,889,55,0,4,23911222,1306,63,0,0
23822848,609,34,0,2,23938513,1481,54,0,0
23928560,797,81,0,1,23832027,762,19,0,0
23899240,1613,38,0,3,23809985,1117,55,0,0
23797606,877,23,0,2,23926033,812,24,0,0
23821929,671,45,0,1,23880545,1111,78,0,0
23861748,1253,19,0,7,23838572,1567,48,0,0
23912441,1093,28,0,3,23923968,1343,29,0,0
23802262,1060,56,0,1,23807483,1325,57,0,0
23917313,1659,26,0,1,23816345,1356,30,0,0
23878289,1059,20,0,4,23879032,1071,41,0,0
23861962,1857,66,0,4,23880112,960,66,0,0
23847206,1431,35,0,2,23908368,879,33,0,0
23796870,1181,105,0,3,23882059,1084,36,0,0
23802462,618,43,0,3,23824070,738,101,0,0
23844417,1375,75,0,1,23857982,2442,33,0,0
23836865,1548,54,0,4,23901823,1625,18,0,0
23889691,1559,18,0,3,23939171,1384,23,0,0
23862252,295,58,0,1,23875527,728,46,0,0
23866764,895,63,0,1,23935634,1321,35,0,0
23925285,1110,52,0,0,23927140,620,52,0,0
23888498,2371,19,0,1,23830437,1347,48,0,0
23853668,1798,117,0,0,23892997,1940,38,0,0
23895916,823,55,0,4,23920775,994,76,0,0
23844770,2231,27,0,2,23922758,945,40,0,0
23941575,1489,31,0,7,23807274,1923,49,0,0
23820732,1370,84,0,3,23908618,1249,32,0,0
23895437,813,57,0,0,23833595,996,45,0,0
23817087,1695,20,0,2,23874463,1363,40,0,0
23849314,759,118,0,7,23800683,1208,60,0,0
23819345,370,71,0,1,23845008,2152,27,0,0
23865117,1426,27,0,4,23892129,882,72,0,0
23939575,1084,39,0,2,23909677,1054,60,0,0
23878646,714,38,0,2,23833063,1499,33,0,0
23838106,774,50,0,2,23893012,1911,49,0,0
23894438,880,37,0,0,23802021,2471,73,0,0
23903918,903,38,0,6,23931689,1169,25,0,0
23820981,899,50,0,0,23801417,1564,36,0,0
23813733,762,47,0,0,23899430,1054,66,0,0
23840893,1077,29,0,1,23897120,1692,31,0,0
23944561,2105,40,0,8,23905668,1419,49,0,0
23817352,1353,93,0,1,23943399,607,40,0,0
23920252,2423,30,0,6,23892574,876,38,0,0
23900486,1116,52,0,6,23875287,306,42,0,0
23835870,305,24,0,1,23856454,663,40,0,0
23905842,656,31,0,1,23913669,624,53,0,0
23904170,1384,59,0,1,23815278,743,30,0,0
23808912,938,73,0,1,23885421,1160,31,0,0
23850275,1585,65,0,0,23803777,841,46,0,0
23882984,1621,47,0,5,23880569,851,77,0,0
23805030,1442,26,0,1,23881100,1632,34,0,0
23842578,1315,31,0,8,23841529,973,56,0,0
23896504,1073,65,0,0,23844093,122,64,0,0
23849724,830,45,0,4,23892196,1211,189,0,0
23855666,1541,21,0,4,23926171,1957,23,0,0
23845091,125,65,0,1,23840606,1996,19,0,0
23846960,938,50,0,0,23872761,1220,61,0,0
23828180,918,92,0,1,23904911,1941,49,0,0
23864905,1516,35,0,3,23844236,1103,65,0,0
23802502,462,60,0,0,23809524,848,30,0,0
23870957,869,43,0,0,23835246,551,32,0,0
23932645,978,51,0,1,23942431,1388,107,0,0
23893641,1297,22,0,4,23817785,1974,20,0,0
23850063,2099,64,0,2,23859787,1036,30,0,0
23886909,460,36,0,0,23800142,181,56,0,0
23821671,1390,62,0,3,23942258,2180,73,0,0
23900303,799,32,0,1,23860578,1587,40,0,0
23822927,1938,40,0,3,23838330,176,52,0,0
23866176,517,20,0,0,23855303,366,33,0,0
23856965,1605,33,0,0,23832637,1086,89,0,0
23800866,2067,27,0,1,23849605,1682,35,0,0
23858948,1278,44,0,0,23888167,1286,62,0,0
23893420,1478,61,0,1,23833133,1149,57,0,0
23935126,885,21,0,3,23873542,1133,39,0,0
23851773,843,43,0,2,23947789,613,36,0,0
23814120,1166,29,0,5,23908658,466,56,0,0
23900573,1493,72,0,3,23897829,1620,35,0,0
23944251,349,22,0,3,23846128,764,56,0,0
23857569,1115,43,0,2,23816487,832,72,0,0
23817290,345,65,0,2,23866679,2222,60,0,0
23834419,885,60,0,1,23850529,133,23,0,0
23869886,621,63,0,0,23840855,1455,42,0,0
23852472,890,46,0,4,23812537,1165,53,0,0
23868366,684,63,0,0,23920484,1169,58,0,0
23837651,525,81,0,0,23917097,368,20,0,0
23903619,537,31,0,0,23927566,1985,57,0,0
23884499,985,58,0,3,23811408,1186,49,0,0
23899906,630,59,0,1,23936843,394,38,0,0
23837792,1188,52,0,0,23849138,150,83,0,0
23926444,640,54,0,1,23842942,1167,38,0,0
23807810,1192,66,0,1,23820775,1566,41,0,0
23843037,751,31,0,0,23938110,1037,65,0,0
23803865,659,49,0,5,23897363,1041,36,0,0
23812415,1599,56,0,11,23821063,891,46,0,0
23886690,876,42,0,0,23882697,2440,19,0,0
23913998,945,54,0,1,23882518,953,54,0,0
23897663,677,26,0,2,23897269,736,48,0,0
23816036,2060,56,0,0,23899370,2170,30,0,0
23882125,676,30,0,1,23875340,696,33,0,0
23821366,1856,55,0,4,23871070,1385,39,0,0
23945412,799,41,0,0,23949984,255,27,0,0
23917962,1682,43,0,0,23807905,815,55,0,0
23837170,1847,56,0,1,23933577,688,32,0,0
23806022,2144,45,0,2,23909015,1624,52,0,0
23815815,700,58,0,7,23905919,1468,43,0,0
23890772,978,46,0,3,23892015,1395,37,0,0
23851509,440,22,0,0,23926960,477,28,0,0
23868095,122,87,0,4,23849205,780,80,0,0
23931902,907,30,0,0,23897410,1075,49,0,0
23835012,700,24,0,2,23919263,446,18,0,0
23817502,936,44,0,7,23925662,1121,37,0,0
23805077,243,49,0,6,23827935,721,46,0,0
23870442,979,36,0,0,23822417,313,84,0,0
23892243,420,52,0,6,23889089,1082,45,0,0
23890398,1030,58,0,0,23951063,514,65,0,0
23813617,620,94,0,5,23822497,145,89,0,1
23803833,1259,93,0,0,23872353,104,78,0,0
23811542,1696,35,0,0,23868917,1092,58,0,0
23900795,1155,53,0,0,23837835,1515,64,0,0
23811560,427,45,0,1,23806615,1857,52,0,0
23920702,175,51,0,0,23884779,451,168,0,0
23944676,1171,44,0,1,23877679,1976,50,0,0
23881351,1142,35,0,1,23805180,898,73,0,0
23917520,646,104,0,3,23805454,2194,97,0,0
23893541,706,50,0,1,23940633,100,90,0,0
23833887,476,41,0,5,23920065,416,117,0,0
23918203,1543,47,0,14,23846742,1571,36,0,0
23940178,766,58,0,10,23882803,827,49,0,0
23813302,1139,32,0,5,23822703,761,66,0,0
23931772,1326,39,0,6,23909017,106,61,0,0
23850779,1601,71,0,4,23835872,118,50,0,0
23850293,1402,56,0,2,23883075,1465,33,0,0
23936178,830,17,0,2,23863221,1138,43,0,0
23893442,1056,32,0,0,23822135,621,90,0,0
23820583,332,53,0,7,23915619,663,17,0,0
23879636,1351,18,0,1,23935191,1054,24,0,0
23940712,1370,26,0,2,23815053,304,62,0,0
23832107,1064,46,0,1,23842945,1194,33,0,0
23826722,577,42,0,0,23875858,583,80,0,0
23881925,605,74,0,0,23889787,478,46,0,0
23926672,1029,83,0,2,23867711,797,105,0,0
23845150,1822,33,0,0,23832232,1330,46,0,0
23829195,672,54,0,11,23937484,1886,46,0,0
23847614,1103,31,0,0,23922416,982,88,0,0
23923652,1762,27,0,3,23848371,1414,46,0,0
23837137,2198,44,0,3,23904591,1350,56,0,0
23949754,1799,47,0,2,23861495,252,52,0,0
23901170,1247,51,0,0,23877448,1357,46,0,0
23820947,622,43,0,0,23884431,750,46,0,0
23846199,1507,52,0,4,23829683,1837,28,0,0
23908307,1404,38,0,1,23942190,616,40,0,0
23823099,324,38,0,4,23939883,1747,50,0,0
23898753,490,65,0,0,23857891,1255,31,0,0
23948429,1249,29,0,2,23817634,297,57,0,0
23877217,1473,47,0,3,23809576,704,36,0,0
23938747,1144,30,0,0,23858323,408,44,0,0
23844812,582,42,0,2,23933889,838,37,0,0
23883638,1377,19,0,2,23869501,888,37,0,0
23815806,2165,29,0,0,23828336,1565,82,0,0
23890773,704,75,0,0,23867841,770,92,0,0
23923476,2454,42,0,0,23829369,1755,120,0,0
23902548,234,54,0,11,23947954,2133,44,0,0
23856677,1279,31,0,2,23877118,119,42,0,0
23885701,1019,71,0,0,23873863,1667,73,0,0
23905557,864,24,0,0,23947011,1264,50,0,0
23831686,993,81,0,1,23925398,406,97,0,0
23834428,1448,65,0,1,23827189,945,48,0,0
23885922,1666,50,0,0,23815983,763,26,0,0
23952312,2152,32,0,4,23829723,409,55,0,0
23851372,1084,20,0,3,23868417,604,81,0,0
23945948,811,50,0,3,23895310,892,46,0,0
23880595,959,26,0,0,23893500,457,50,0,0
23819792,561,55,0,2,23901593,1114,73,0,0
23866335,757,58,0,0,23954402,844,37,0,0
23907545,1187,57,0,0,23905262,656,36,0,0
23938350,859,33,0,1,23844459,1089,27,0,0
23899595,677,34,0,1,23940046,1254,22,0,0
23891527,112,40,0,0,23823954,2358,33,0,0
23814269,871,52,0,2,23836628,736,19,0,0
23911002,697,48,0,3,23813024,1134,63,0,0
23882942,2372,24,0,1,23872483,1660,53,0,0
23888410,167,42,0,1,23901517,335,32,0,0
23901573,1248,53,0,5,23867437,1576,36,0,0
23833918,1816,52,0,0,23818106,1148,44,0,0
23880225,1366,30,0,0,23819998,1016,79,0,0
23907128,533,105,0,3,23897583,250,25,0,0
23939389,357,64,0,0,23932083,894,49,0,0
23860968,515,30,0,0,23834342,1529,40,0,0
23832002,1416,39,0,7,23918123,1277,17,0,0
23825491,860,16,0,1,23927197,1486,27,0,0
23877030,1933,46,0,3,23811670,763,34,0,0
23874312,1622,36,0,1,23821699,1145,37,0,0
23853725,1836,67,0,0,23823072,1131,24,0,0
23943698,1282,57,0,1,23911079,1491,25,0,0
23906648,1095,40,0,1,23820677,1836,56,0,0
23820992,101,28,0,1,23911820,692,74,0,0
23889361,1187,39,0,5,23820899,1489,53,0,0
23848219,708,26,0,9,23957368,1890,51,0,0
23812626,1579,37,0,0,23948195,1164,70,0,0
23823579,151,52,0,2,23828312,618,19,0,0
23944311,844,86,0,2,23914507,1399,50,0,0
23947249,1829,41,0,5,23923404,253,46,0,0
23943529,486,26,0,0,23902295,125,47,0,0
23838651,912,29,0,0,23934317,173,28,0,0
23952839,1137,43,0,6,23855102,1265,46,0,0
23894834,716,55,0,2,23841400,646,63,0,0
23831463,936,56,0,1,23856922,1608,37,0,0
23902318,2354,44,0,1,23858798,1426,44,0,0
23823405,737,42,0,1,23846987,1362,16,0,0
23946293,1029,47,0,0,23898143,1617,47,0,0
23899062,917,62,0,0,23881008,1786,81,0,0
23821207,1149,26,0,0,23881190,1268,68,0,0
23840515,719,73,0,3,23942648,1467,33,0,0
23818314,1064,25,0,1,23855276,1176,62,0,0
23844836,715,22,0,1,23840885,766,70,0,0
23844401,1630,18,0,2,23901875,646,36,0,0
23857570,1985,22,0,8,23838233,1278,74,0,0
23848046,768,34,0,0,23824233,732,46,0,0
23883689,1219,39,0,4,23906212,1395,25,0,0
23893207,773,43,0,1,23865003,888,38,0,0
23902438,214,38,0,1,23926365,1720,73,0,0
23860333,198,49,0,1,23875129,359,70,0,0
23921303,1235,43,0,0,23946400,1264,23,0,0
23824567,2430,64,0,0,23848556,1803,45,0,0
23913405,721,30,0,1,23957494,1578,65,0,0
23933829,629,39,0,3,23909612,1934,41,0,0
23912800,558,23,0,0,23845082,2299,19,0,0
23883785,1388,47,0,1,23905443,1456,28,0,0
23889754,104,76,0,5,23855024,1744,51,0,0
23937625,1982,48,0,1,23899337,1661,42,0,0
23918177,1937,48,0,0,23880069,777,42,0,0
23818799,1566,31,0,7,23911362,1040,26,0,0
23951449,1961,16,0,0,23822804,910,27,0,0
23850067,1072,48,0,3,23824690,2448,33,0,0
23815200,2231,79,0,0,23835073,898,25,0,0
23850973,385,44,0,1,23948236,1378,27,0,0
23950333,1833,38,0,0,23871980,1106,60,0,0
23844840,1354,53,0,1,23922577,1034,18,0,0
23926974,923,78,0,0,23888026,1497,25,0,0
23866976,973,27,0,2,23937201,1395,35,0,0
23907875,671,52,0,1,23914989,822,54,0,0
23957869,1041,55,0,0,23940815,377,32,0,0
23864294,670,54,0,1,23846471,793,43,0,0
23904073,449,66,0,0,23920288,2182,37,0,0
23943047,947,50,0,2,23938895,1284,42,0,0
23897382,1546,36,0,2,23933490,1702,51,0,0
23923104,844,26,0,1,23852585,1578,36,0,0
23929942,727,46,0,6,23845582,1091,33,0,0
23938930,1294,40,0,1,23847295,138,165,0,0
23910509,1059,43,0,1,23909159,1008,35,0,0
23922140,1367,60,0,1,23920318,913,29,0,0
23852344,654,43,0,1,23836485,1759,27,0,0
23857277,149,81,0,1,23816509,1050,73,0,0
23935508,937,50,0,2,23900747,535,39,0,0
23889313,147,143,0,2,23870440,606,145,0,0
23868044,382,45,0,0,23891948,408,49,0,0
23818611,1618,26,0,0,23913906,697,211,0,0
23897413,2227,26,0,1,23876183,968,27,0,0
23942587,1624,46,0,0,23925840,1312,38,0,0
23830032,2472,46,0,1,23918468,994,40,0,0
23918604,1949,32,0,3,23821345,1141,31,0,0
23889020,1463,90,0,2,23844487,414,72,0,0
23893834,1102,31,0,1,23838549,2114,37,0,0
23849076,1614,25,0,2,23844779,370,42,0,0
23932472,1401,59,0,8,23957683,862,43,0,0
23821889,190,15,0,0,23949675,1670,48,0,0
23874347,1134,69,0,3,23819467,1269,66,0,0
23817475,936,32,0,0,23819556,762,24,0,0
23868732,675,50,0,4,23840342,1326,36,0,0
23855930,1420,39,0,0,23858598,1341,16,0,0
23830205,1189,51,0,1,23943814,1967,27,0,0
23938822,819,50,0,1,23958270,700,59,0,0
23908631,491,56,0,3,23957845,1879,31,0,0
23953089,687,15,0,0,23947603,1529,58,0,0
23841427,685,56,0,4,23861374,2450,34,0,0
23848794,1134,47,0,1,23922089,2259,61,0,0
23838142,1661,85,0,1,23941106,697,30,0,0
23908117,603,18,0,7,23954830,1555,20,0,0
23937030,1200,49,0,4,23903677,748,34,0,0
23868981,967,96,0,0,23914349,803,62,0,0
23857221,2500,70,0,4,23867326,684,32,0,0
23832916,1092,37,0,1,23905887,1605,71,0,0
23947284,1555,41,0,3,23937646,1123,50,0,0
23866633,1269,58,0,4,23905417,923,24,0,0
23849316,693,55,0,1,23882156,987,39,0,0
23913754,1641,88,0,0,23883376,830,29,0,0
23902491,1665,49,0,2,23855081,1721,44,0,0
23863987,1904,66,0,0,23909119,1171,14,0,0
23928915,919,20,0,3,23837031,950,39,0,0
23883788,1944,11,0,11,23950633,1918,27,0,0
23962617,675,57,0,2,23819101,1945,48,0,0
23815225,963,31,0,4,23825520,1571,25,0,0
23896484,996,50,0,0,23891621,1047,43,0,0
23874702,1641,62,0,0,23860848,554,83,0,0
23934929,977,34,0,0,23875218,1974,47,0,0
23936531,619,38,0,2,23887395,512,27,0,0
23912197,1124,17,0,1,23885297,1521,57,0,0
23945400,2310,56,0,0,23847566,1976,41,0,0
23836433,1607,62,0,1,23940884,1694,46,0,0
23963668,950,79,0,3,23860630,2124,47,0,0
23910685,2077,28,0,0,23908756,937,80,0,0
23903201,1599,49,0,0,23956377,249,19,0,0
23962896,2566,43,0,1,23864534,792,63,0,0
23822737,954,30,0,2,23962112,1256,50,0,0
23868488,1426,23,0,2,23827411,1197,42,0,0
23845821,1243,54,0,0,23912998,1118,45,0,0
23943806,705,38,0,2,23901136,2321,38,0,0
23862334,925,51,0,1,23900318,1481,31,0,0
23865599,261,48,0,2,23825960,684,88,0,0
23937543,269,43,0,12,23817211,715,44,0,0
23928298,383,30,0,0,23898655,374,36,0,0
23846174,190,49,0,1,23830939,937,21,0,0
23869771,546,37,0,0,23851783,2343,44,0,0
23948541,963,29,0,7,23821390,376,44,0,0
23921732,1086,45,0,2,23913803,1578,30,0,0
23840434,2492,41,0,0,23869186,1533,46,0,0
23870304,1704,30,0,1,23852468,1372,60,0,0
23944995,1148,87,0,0,23917630,1161,58,0,0
23836326,1290,54,0,1,23878309,1020,35,0,0
23824917,448,32,0,0,23908754,1316,20,0,0
23878796,928,23,0,7,23825997,1484,41,0,0
23887213,1402,38,0,5,23926180,638,110,0,0
23874627,2444,48,0,3,23862222,556,22,0,0
23901736,992,54,0,1,23900812,1272,71,0,0
23866456,764,48,0,2,23863328,1221,26,0,0
23879217,1187,127,0,1,23959514,1280,93,0,0
23875837,1866,62,0,1,23912107,822,46,0,0
23824498,781,41,0,20,23854807,1478,36,0,0
23931022,1078,23,0,1,23948334,2198,54,0,0
23884793,1818,44,0,1,23854197,126,109,0,0
23949116,1340,46,0,2,23929757,2217,74,0,0
23943817,1602,19,0,0,23859865,1154,65,0,0
23847497,1549,30,0,1,23919437,800,51,0,0
23830262,445,161,0,1,23838075,661,71,0,0
23841317,1783,60,0,8,23942297,2245,42,0,0
23818750,1341,62,0,0,23882545,1182,56,0,0
23961798,878,20,0,2,23822312,1234,69,0,0
23891265,779,67,0,1,23962169,831,33,0,0
23837963,2318,38,0,1,23904373,1808,70,0,0
23936220,951,30,0,1,23836048,521,29,0,0
23915486,590,177,0,0,23889107,444,228,0,0
23879644,842,46,0,0,23918991,1050,19,0,0
23891468,1664,56,0,3,23966088,1879,26,0,0
23922696,1226,39,0,4,23835405,855,51,0,0
23838407,200,56,0,3,23837005,1669,62,0,0
23870457,666,33,0,3,23858192,1904,19,0,0
23963506,2432,50,0,4,23910095,657,40,0,0
23868959,1559,42,0,1,23872588,1516,59,0,0
23843526,663,20,0,2,23887083,1278,53,0,0
23867551,1474,30,0,6,23827426,650,62,0,0
23916534,1989,29,0,1,23967720,1168,30,0,0
23875580,2502,17,0,0,23876356,743,11,0,0
23932331,1867,46,0,2,23947451,533,54,0,0
23902935,1800,38,0,0,23893341,1593,40,0,0
23929129,1200,35,0,3,23882964,1045,94,0,0
23876471,1945,53,0,0,23882186,942,49,0,0
23924666,1950,48,0,2,23860515,447,68,0,0
23891435,1523,33,0,1,23958384,1299,35,0,0
23871619,712,32,0,4,23845877,914,55,0,0
23885858,374,82,0,2,23950367,1208,26,0,0
23834329,1358,65,0,5,23846308,866,108,0,0
23878262,499,27,0,1,23862686,1381,21,0,0
23860739,650,53,0,2,23820937,707,82,0,0
23896117,1972,63,0,0,23969408,615,34,0,0
23943793,1369,86,0,4,23961018,687,31,0,0
23826813,1127,60,0,1,23878162,1101,61,0,0
23863409,1224,51,0,0,23850488,2048,64,0,0
23906596,860,49,0,2,23834690,652,40,0,0
23914691,712,50,0,2,23856883,1676,72,0,0
23894020,1367,45,0,0,23922447,1351,18,0,0
23835569,2473,30,0,0,23849241,851,44,0,0
23879737,617,29,0,7,23900912,659,64,0,0
23900458,1271,40,0,0,23961172,2141,23,0,0
23969775,1277,31,0,4,23849992,165,75,0,0
23864567,1205,61,0,2,23828247,877,44,0,0
23970409,937,65,0,0,23862629,1959,21,0,0
23922158,2572,74,0,0,23966043,838,26,0,0
23920072,875,57,0,8,23916565,309,27,0,0
23915546,205,111,0,1,23940621,1820,41,0,0
23885744,957,235,0,0,23961319,1614,39,0,0
23832696,1923,27,0,1,23823081,1136,25,0,0
23832130,1787,45,0,0,23956452,489,89,0,0
23860871,1379,21,0,3,23865686,943,66,0,0
23929078,233,85,0,0,23954569,1967,27,0,0
23943700,802,41,0,1,23866486,1535,55,0,0
23908081,1588,39,0,2,23951295,1571,23,0,0
23923059,2416,74,0,1,23887564,1564,28,0,0
23904584,1010,36,0,1,23931117,1346,40,0,0
23901015,412,66,0,3,23907597,1749,55,0,0
23951517,1273,67,0,2,23876092,379,47,0,0
23967250,679,47,0,2,23918178,677,99,0,0
23962496,552,57,0,3,23971420,903,59,0,0
23877820,1170,52,0,2,23854496,2245,55,0,0
23831051,577,37,0,3,23962651,951,40,0,0
23863201,1982,40,0,1,23900562,1418,29,0,0
23849463,1657,31,0,6,23945009,1203,18,0,0
23905049,1230,60,0,1,23962857,1076,73,0,0
23915556,1867,70,0,0,23849563,843,37,0,0
23863771,962,122,0,4,23927821,1618,54,0,0
23852266,679,33,0,5,23855681,893,43,0,0
23919219,1302,77,0,3,23935201,1708,48,0,0
23971733,632,27,0,2,23862328,436,104,0,0
23962400,886,50,0,0,23959623,531,44,0,0
23859093,318,93,0,2,23961844,1615,62,0,0
23953602,1117,32,0,0,23971317,1121,47,0,0
23932460,1116,28,0,3,23851740,158,55,0,0
23830012,2172,19,0,1,23846706,1614,18,0,0
23850762,860,28,0,2,23831720,937,43,0,0
23931609,2127,30,0,1,23861522,1354,42,0,0
23832808,1067,30,0,6,23968149,939,47,0,0
23879556,823,46,0,4,23841997,2199,25,0,0
23951873,982,38,0,1,23922877,1053,49,0,0
23949857,2377,62,0,1,23847903,1729,39,0,0
23885434,1162,31,0,5,23962730,1864,54,0,0
23932288,2437,26,0,2,23943220,709,32,0,0
23903639,2339,55,0,0,23892470,1234,41,0,0
23828353,1285,41,0,1,23834548,622,72,0,0
23833794,978,48,0,4,23870337,1680,99,0,0
23924760,114,53,0,0,23934217,328,92,0,0
23830752,610,64,0,2,23921172,613,31,0,0
23863111,743,28,0,0,23830456,782,55,0,0
23892056,391,52,0,2,23841435,1035,43,0,0
23885822,1031,67,0,1,23864284,1604,88,0,0
23868686,130,35,0,2,23833059,1593,34,0,0
23865025,534,64,0,1,23865168,514,70,0,0
23948765,1795,29,0,0,23952817,995,33,0,0
23951004,517,37,0,4,23915113,756,63,0,0
23962582,1045,39,0,3,23901029,1043,69,0,0
23971920,1055,31,0,3,23908763,1174,52,0,0
23941620,1178,23,0,0,23961751,562,29,0,0
23940255,1347,26,0,2,23846108,1059,51,0,0
23826925,1282,33,0,2,23889836,1196,36,0,0
23910264,1492,51,0,4,23956575,1076,18,0,0
23869053,898,49,0,0,23829881,1159,67,0,0
23966758,813,70,0,4,23871929,1620,31,0,0
23873986,572,36,0,1,23973117,565,65,0,0
23909542,1662,57,0,0,23823315,1332,30,0,0
23917524,1414,59,0,4,23838887,2514,64,0,0
23874929,1143,69,0,3,23828329,1663,28,0,0
23913969,1719,22,0,1,23877488,1843,53,0,0
23968325,532,125,0,0,23947762,615,32,0,0
23908216,1722,41,0,1,23933562,2116,39,0,0
23911983,212,45,0,2,23888513,2253,38,0,0
23866787,705,37,0,0,23933113,917,34,0,0
23925716,1574,54,0,5,23919923,1767,30,0,0
23872284,906,27,0,1,23901800,171,83,0,0
23969116,616,29,0,0,23862468,2254,56,0,0
23858608,536,38,0,3,23904580,522,35,0,0
23898544,634,39,0,0,23864967,2020,43,0,0
23886640,1438,40,0,1,23913886,800,68,0,0
23924296,859,57,0,0,23877542,1316,37,0,0
23846424,1349,68,0,2,23899100,1651,48,0,0
23928365,668,28,0,1,23963229,1024,27,0,0
23843997,1146,73,0,2,23904003,1893,44,0,0
23887182,633,52,0,3,23945059,838,59,0,0
23897053,1226,52,0,0,23974876,813,61,0,0
23948738,610,56,0,2,23906312,2117,31,0,0
23863321,715,38,0,0,23949566,2103,24,0,0
23966515,1646,79,0,6,23864889,685,43,0,0
23892324,1311,42,0,0,23858224,993,32,0,0
23915217,702,50,0,1,23865963,830,44,0,0
23905187,751,47,0,4,23903354,1631,25,0,0
23872685,1277,65,0,4,23847451,2108,121,0,0
23945167,392,16,0,1,23874673,1462,32,0,0
23976079,797,40,0,0,23883326,983,31,0,0
23836802,624,58,0,4,23838280,2153,28,0,0
23878666,941,49,0,2,23975053,2123,58,0,0
23828445,662,81,0,3,23906966,1303,40,0,0
23972538,981,51,0,4,23951532,716,62,0,0
23860414,600,44,0,1,23902706,436,47,0,0
23895333,822,50,0,1,23868575,1692,28,0,0
23843938,852,30,0,1,23855021,998,140,0,0
23839377,1975,49,0,7,23966468,257,79,0,0
23915403,901,52,0,4,23915733,882,59,0,0
23836360,1905,18,0,1,23915801,1812,42,0,0
23910640,401,55,0,8,23937631,682,31,0,0
23931018,1287,52,0,4,23960794,1602,45,0,0
23914664,1557,23,0,8,23938950,1477,56,0,0
23892623,1291,46,0,1,23929309,176,290,0,0
23849674,2475,38,0,0,23860704,2193,46,0,0
23908326,1039,32,0,3,23872976,878,43,0,0
23969128,1482,57,0,2,23898336,2104,38,0,0
23863355,455,47,0,1,23864681,1181,33,0,0
23874517,100,171,0,3,23880032,445,14,0,0
23931684,808,35,0,0,23928880,2100,32,0,0
23909930,884,23,0,2,23881158,809,58,0,0
23845650,2064,38,0,4,23934568,761,28,0,0
23914885,636,49,0,10,23901183,1654,38,0,0
23976393,1531,41,0,5,23948758,2268,36,0,0
23837072,1198,31,0,0,23939049,2102,47,0,0
23844457,1335,49,0,3,23876626,1224,30,0,0
23944257,619,55,0,8,23846014,740,46,0,0
23908015,1956,50,0,1,23847775,641,39,0,0
23907038,1370,60,0,3,23948595,1115,54,0,0
23842990,275,214,0,5,23943834,1548,36,0,0
23901403,1148,80,0,0,23919571,999,19,0,0
23974095,729,87,0,3,23830095,315,30,0,0
23915329,944,48,0,5,23833297,1055,89,0,0
23890869,494,45,0,3,23830294,622,58,0,0
23878661,1320,22,0,1,23826933,1145,63,0,0
23964658,870,239,0,0,23945230,1564,26,0,0
23855412,128,35,0,3,23920971,582,29,0,0
23905391,983,32,0,2,23845705,1622,33,0,0
23844477,820,40,0,3,23845030,1140,90,0,0
23922866,1642,19,0,6,23885241,870,47,0,0
23952471,1629,52,0,4,23895150,1192,64,0,0
23948476,843,37,0,9,23923914,1102,57,0,0
23829039,840,66,0,0,23946808,923,69,0,0
23972649,1251,86,0,0,23844967,1409,65,0,0
23932727,1817,62,0,4,23863227,813,38,0,0
23835085,873,59,0,1,23925402,1200,63,0,0
23978436,646,42,0,7,23950137,1158,43,0,0
23889266,1179,40,0,1,23834700,708,231,0,0
23969312,638,40,0,3,23927652,266,36,0,0
23847719,814,49,0,7,23959574,2348,31,0,0
23847915,461,30,0,0,23970882,2576,61,0,0
23902063,544,44,0,0,23835985,1256,45,0,0
23851997,789,94,0,0,23834758,153,81,0,0
23917136,815,76,0,1,23971500,1201,74,0,0
23847211,1199,21,0,0,23889654,1033,46,0,0
23864823,425,66,0,0,23953692,726,46,0,0
23922256,308,103,0,1,23859213,1161,19,0,0
23837269,819,31,0,2,23871103,1391,65,0,0
23937722,1043,29,0,2,23931907,697,38,0,0
23926956,722,43,0,1,23863501,675,60,0,0
23840802,1144,37,0,0,23852959,1164,178,0,0
23954921,206,58,0,1,23906058,1308,39,0,0
23914603,523,26,0,4,23892774,663,74,0,0
23963816,830,24,0,1,23854186,377,54,0,0
23960398,716,42,0,1,23889636,720,43,0,0
23919469,2008,42,0,1,23838528,1032,87,0,0
23834382,885,28,0,1,23884482,2363,30,0,0
23960888,1561,39,0,10,23860808,2545,30,0,0
23959017,835,19,0,2,23941611,579,51,0,0
23888835,1480,74,0,3,23912406,1551,21,0,0
23977466,715,45,0,0,23948388,1213,36,0,0
23963877,655,48,0,1,23975267,190,276,0,0
23893515,1965,27,0,0,23970775,1235,48,0,0
23852063,1187,49,0,0,23899483,1365,28,0,0
23869789,1674,37,0,1,23898173,1443,99,0,0
23838462,1095,59,0,0,23854550,715,34,0,0
23891590,205,58,0,2,23880459,1546,60,0,0
23920430,512,35,0,5,23877861,611,22,0,0
23841003,1361,63,0,2,23884042,181,41,0,0
23877784,1524,81,0,1,23835301,1063,36,0,0
23936893,1110,23,0,0,23939006,1180,66,0,0
23906507,1800,43,0,1,23923729,652,37,0,0
23852034,497,93,0,2,23891791,1137,34,0,0
23941143,1672,77,0,0,23969865,1537,71,0,0
23878199,234,91,0,2,23903877,1607,50,0,0
23880176,645,55,0,6,23916527,707,46,0,0
23972903,997,79,0,4,23918111,714,76,0,0
23974404,656,39,0,1,23893239,1049,61,0,0
23949369,1519,73,0,4,23876415,1393,34,0,0
23930362,105,49,0,3,23889739,1325,22,0,0
23832767,1644,63,0,1,23882111,929,62,0,0
23951217,1394,25,0,0,23922867,1922,40,0,0
23903702,711,73,0,3,23846974,1393,34,0,0
23922509,694,19,0,3,23865215,902,45,0,0
23910764,723,70,0,0,23921372,630,66,0,0
23942403,2113,34,0,0,23875042,2400,59,0,0
23833375,1982,30,0,2,23955525,1426,48,0,0
23937904,2220,44,0,2,23878550,739,34,0,0
23910692,1254,53,0,0,23918224,970,53,0,0
23855174,692,14,0,1,23853041,1167,35,0,0
23875474,1250,42,0,10,23944566,1277,28,0,0
23959756,817,14,0,2,23942597,1215,31,0,0
23952677,838,77,0,2,23837555,396,70,0,0
23974569,716,25,0,6,23969438,2564,58,0,0
23890630,1291,35,0,1,23889717,1687,45,0,0
23883107,140,48,0,1,23966271,726,32,0,0
23955945,1535,56,0,1,23906657,691,40,0,0
23932793,1545,20,0,5,23935448,980,33,0,0
23846409,547,31,0,1,23891058,499,43,0,0
23857617,1569,29,0,2,23983231,1668,52,0,0
23896590,1540,65,0,9,23960887,850,44,0,0
23926164,1251,27,0,1,23903522,1145,36,0,0
23979260,511,71,0,2,23855287,874,28,0,0
23934246,516,50,0,0,23948710,159,30,0,0
23869137,1978,54,0,6,23885995,895,78,0,0
23901225,817,23,0,4,23870582,1502,27,0,0
23982032,275,28,0,2,23913147,703,50,0,0
23973364,1141,92,0,8,23893478,1901,122,0,0
23904925,1098,72,0,1,23851950,852,45,0,0
23846373,1776,29,0,1,23976678,1337,35,0,0
23950847,1489,51,0,3,23891615,1116,39,0,0
23859481,319,55,0,3,23895707,483,55,0,0
23835835,1760,27,0,1,23846242,637,51,0,0
23852648,1074,59,0,1,23888711,958,43,0,0
23872080,811,99,0,4,23976539,2151,37,0,0
23844726,1597,27,0,4,23858143,1929,58,0,0
23962059,852,35,0,3,23851324,1821,73,0,0
23836627,1032,45,0,0,23847129,1832,38,0,0
23880503,2489,58,0,8,23919675,1629,27,0,0
23913135,959,37,0,1,23947770,2256,65,0,0
23943055,141,74,0,2,23833358,842,54,0,0
23902858,657,69,0,1,23949923,1156,18,0,0
23974481,1986,65,0,1,23835279,1177,64,0,0
23972133,864,56,0,0,23874448,890,59,0,0
23848908,890,63,0,6,23929327,829,37,0,0
23922819,306,82,0,1,23851266,756,47,0,0
23852788,918,42,0,1,23902488,931,52,0,0
23964142,1418,59,0,2,23876157,159,46,0,0
23852966,2091,49,0,3,23983779,1919,35,0,0
23971956,1577,39,0,5,23888598,749,27,0,0
23962979,2030,129,0,11,23966097,1417,25,0,0
23869051,1089,50,0,1,23843150,1315,44,0,0
23865607,1300,60,0,6,23880037,421,41,0,0
23874048,1113,51,0,2,23963691,586,58,0,0
23941828,1396,22,0,0,23860178,786,82,0,0
23891703,845,84,0,5,23853622,1881,38,0,0
23869551,1047,19,0,4,23921388,842,63,0,0
23886919,1709,48,0,3,23878350,1061,49,0,0
23871567,934,53,0,2,23963442,1549,22,0,0
23877239,641,115,0,3,23966533,873,44,0,0
23855187,785,36,0,3,23884375,1460,81,0,0
23835712,1920,56,0,1,23915324,820,49,0,0
23891586,1192,45,0,1,23860018,751,35,0,0
23985906,1174,49,0,2,23865893,1570,63,0,0
23893317,2505,55,0,1,23975269,2122,61,0,0
23963789,1065,61,0,0,23909440,822,59,0,0
23847606,820,48,0,1,23953443,743,47,0,0
23956078,1470,37,0,3,23895250,1572,99,0,0
23981607,1346,43,0,1,23948041,817,33,0,0
23905721,1953,39,0,1,23899163,872,53,0,0
23945143,2290,40,0,1,23958675,136,51,0,0
23984815,366,54,0,0,23985721,1169,62,0,0
23977265,1236,65,0,0,23908728,874,60,0,0
23847356,972,51,0,0,23870286,477,51,0,0
23911978,1658,70,0,4,23944642,2345,29,0,0
23879092,1952,29,0,0,23900632,619,57,0,0
23950982,633,58,0,6,23954011,1823,28,0,0
23932491,1749,16,0,0,23944130,875,67,0,0
23948658,946,35,0,9,23876454,1283,37,0,0
23954653,912,60,0,2,23948458,2277,28,0,0
23933420,2483,47,0,1,23965468,210,51,0,0
23959411,1589,12,0,1,23917926,1388,27,0,0
23922458,1072,69,0,1,23933897,900,36,0,0
23900443,857,33,0,2,23849642,678,46,0,0
23981169,838,40,0,2,23890288,1084,31,0,0
23964509,1039,47,0,0,23938525,825,35,0,0
23931186,1344,49,0,3,23925952,1751,28,0,0
23930763,1372,17,0,0,23908507,1807,30,0,0
23840648,1188,56,0,2,23909267,2067,42,0,0
23956788,364,85,0,6,23877100,548,53,0,0
23894184,1111,39,0,0,23913134,1106,60,0,0
23907044,1786,22,0,2,23944735,1758,31,0,0
23846219,2438,64,0,1,23946995,1693,70,0,0
23926742,104,38,0,1,23909915,1061,78,0,0
23944248,1522,50,0,0,23848763,1117,76,0,0
23978001,977,54,0,0,23933705,930,24,0,0
23972081,1049,85,0,2,23971257,1290,32,0,0
23839828,1585,39,0,4,23838575,1948,47,0,0
23870592,899,41,0,1,23975314,1321,30,0,0
23954234,895,50,0,2,23982618,848,58,0,0
23926556,277,75,0,2,23836669,1114,57,0,0
23843325,1646,37,0,0,23934558,1869,63,0,0
23937552,1122,36,0,7,23908913,1291,42,0,0
23946657,852,32,0,2,23845808,1415,26,0,0
23919597,996,54,0,4,23918792,593,47,0,0
23928070,1234,28,0,1,23890189,1482,26,0,0
23848116,529,71,0,0,23937674,684,40,0,0
23907901,1625,52,0,4,23928121,550,54,0,0
23865933,1294,45,0,1,23843553,1237,26,0,0
23859638,1645,23,0,1,23875079,178,64,0,0
23933110,1722,40,0,2,23886898,843,24,0,0
23983322,1169,40,0,0,23962670,1266,40,0,0
23896434,2216,44,0,6,23934430,940,48,0,0
23860664,817,34,0,3,23867063,1800,56,0,0
23918359,948,62,0,2,23844007,1198,52,0,0
23983733,1469,26,0,3,23898236,786,28,0,0
23891925,595,28,0,5,23950307,748,24,0,0
23863693,948,51,0,3,23879110,715,63,0,0
23866656,319,26,0,1,23854516,1768,48,0,0
23875231,203,65,0,1,23845995,1304,58,0,0
23891005,1169,52,0,2,23960286,2416,34,0,0
23907691,1485,64,0,0,23854321,1573,49,0,0
23875012,1451,43,0,4,23908261,909,52,0,0
23854426,1467,38,0,2,23848941,380,91,0,0
23862485,1685,37,0,1,23838714,936,31,0,0
23841180,1897,48,0,3,23972123,422,32,0,0
23926560,1671,24,0,2,23855098,1022,45,0,0
23971402,1485,52,0,3,23852827,881,26,0,0
23855548,1839,45,0,1,23956906,956,89,0,0
23855881,138,37,0,1,23895201,959,66,0,0
23895160,1883,39,0,2,23978606,374,56,0,0
23956375,1193,58,0,4,23906236,424,55,0,0
23919551,909,42,0,1,23987720,1081,49,0,0
23920837,667,32,0,3,23927712,745,69,0,1
23873774,1749,59,0,8,23919134,162,74,0,0
23879952,1162,44,0,2,23960700,1177,29,0,0
23955541,2408,32,0,1,23886923,1174,36,0,0
23879790,749,37,0,1,23860814,1588,13,0,0
23961540,137,65,0,6,23880793,2137,65,0,0
23898134,257,42,0,2,23987267,800,73,0,0
23917370,901,88,0,10,23980107,1682,42,0,0
23878950,533,29,0,1,23980844,1159,48,0,0
23927153,554,24,0,2,23962313,713,59,0,0
23980525,900,42,0,3,23991234,641,31,0,0
23948960,1068,34,0,2,23962280,2189,38,0,0
23869070,930,32,0,11,23965501,1353,34,0,0
23977557,1200,11,0,2,23987286,515,38,0,0
23932676,610,27,0,1,23986653,970,50,0,0
23912397,1299,17,0,6,23977609,659,48,0,0
23971635,2434,27,0,4,23885113,1083,45,0,0
23935278,1882,20,0,1,23932579,1259,25,0,0
23959366,155,92,0,0,23930885,625,73,0,0
23987039,1672,27,0,1,23924864,808,35,0,0
23913793,1340,25,0,1,23846549,1285,33,0,0
23854739,125,82,0,3,23866204,1358,28,0,0
23854980,646,35,0,0,23893220,2064,74,0,0
23955161,502,120,0,0,23888265,1291,41,0,0
23970921,738,81,0,2,23909570,1456,33,0,0
23879886,1200,33,0,1,23877201,1016,89,0,0
23921643,946,27,0,6,23951112,793,36,0,0
23851998,913,32,0,0,23881017,1168,37,0,0
23987124,1424,56,0,5,23976356,2068,53,0,0
23904616,2454,57,0,0,23920835,673,51,0,0
23864765,1321,25,0,0,23889539,1819,40,0,0
23986348,815,36,0,1,23914931,1245,38,0,1
23956237,1782,62,0,5,23883614,820,38,0,0
23915208,307,56,0,1,23992219,402,99,0,0
23976806,1003,47,0,5,23894707,240,45,0,0
23982360,1495,51,0,3,23968295,979,51,0,0
23937544,1660,55,0,0,23896517,2315,79,0,0
23846668,1245,31,0,0,23878551,1149,52,0,0
23909138,1212,41,0,2,23877729,687,17,0,0
23877710,1230,54,0,2,23902854,1235,35,0,0
23895585,263,49,0,0,23974808,877,41,0,0
23944371,945,54,0,3,23985104,1324,45,0,0
23895139,1092,37,0,3,23855978,2370,25,0,0
23905022,205,39,0,7,23897794,928,52,0,0
23944255,2244,126,0,1,23865107,313,59,0,0
23982131,1232,69,0,3,23852138,628,87,0,0
23889158,2074,42,0,2,23950793,717,67,0,0
23857271,1352,39,0,10,23895942,523,38,0,0
23869801,721,56,0,4,23957943,555,67,0,0
23879640,917,32,0,3,23848781,1447,57,0,0
23910744,897,46,0,6,23934008,2161,38,0,0
23978256,726,51,0,3,23972304,627,68,0,0
23912392,348,35,0,2,23993363,539,99,0,0
23952882,709,47,0,2,23873519,1010,35,0,0
23889772,2170,27,0,1,23950861,1701,53,0,0
23947885,633,34,0,2,23929787,1146,23,0,0
23907679,1657,39,0,2,23895809,783,110,0,0
23898902,1485,40,0,2,23966027,211,40,0,0
23921637,1795,60,0,3,23907262,1140,45,0,0
23985420,1602,51,0,0,23934349,945,16,0,0
23961884,775,89,0,3,23859181,790,50,0,0
23968826,832,102,0,0,23970227,1020,65,0,0
23847345,1304,54,0,0,23912890,1195,52,0,0
23962259,428,85,0,1,23900739,497,57,0,0
23970286,640,48,0,2,23849128,807,30,0,0
23923187,853,15,0,0,23927957,1001,16,0,0
23859364,1728,50,0,1,23949658,1569,52,0,0
23891326,1260,39,0,2,23984946,1493,57,0,0
23887530,999,57,0,0,23894072,1464,28,0,0
23971453,1565,49,0,3,23918831,2135,51,0,0
23890988,1634,32,0,0,23905407,2580,35,0,0
23970566,1036,31,0,1,23948594,1711,59,0,0
23966733,1181,37,0,1,23979530,459,85,0,0
23880377,955,28,0,1,23935825,1138,30,0,0
23975592,366,16,0,2,23922564,1349,27,0,0
23989092,969,80,0,8,23963166,742,23,0,0
23855583,1012,45,0,8,23955500,1754,29,0,0
23971861,2333,49,0,3,23937583,889,40,0,0
23901278,1125,30,0,3,23919610,357,51,0,0
23927574,881,19,0,3,23899307,1332,29,0,0
23994995,687,25,0,3,23887996,1517,54,0,0
23882603,1190,46,0,3,23862101,536,87,0,0
23887221,676,38,0,1,23889463,876,31,0,0
23947204,1433,39,0,2,23918513,1574,36,0,0
23881723,365,40,0,2,23882132,583,26,0,0
23889815,854,30,0,4,23951421,878,24,0,0
23962196,1898,43,0,5,23904734,1560,37,0,0
23975323,1136,60,0,0,23906816,929,35,0,0
23984775,918,53,0,3,23877324,620,89,0,0
23977322,1305,52,0,0,23974544,710,91,0,0
23886055,1642,38,0,1,23896171,2111,48,0,0
23956705,1147,42,0,1,23975358,1132,68,0,0
23976464,297,73,0,3,23926039,2395,32,0,0
23960674,869,90,0,1,23857425,738,86,0,0
23926320,676,100,0,1,23979292,698,29,0,0
23936191,1562,59,0,2,23960743,1218,45,0,0
23960318,865,131,0,0,23851415,1113,51,0,0
23853688,2115,83,0,3,23894067,152,31,0,0
23932696,612,78,0,2,23872245,217,24,0,0
23983236,698,26,0,1,23932254,1900,36,0,0
23909920,1094,40,0,1,23909401,536,28,0,0
23866392,519,69,0,1,23978549,467,63,0,0
23923130,219,45,0,7,23874090,980,29,0,0
23913955,591,45,0,1,23925303,921,45,0,0
23891678,803,90,0,2,23868990,680,35,0,0
23940779,1605,60,0,0,23984384,972,51,0,0
23992299,1295,91,0,2,23877490,2568,42,0,0
23925250,1172,33,0,2,23988098,1602,21,0,0
23874686,1040,65,0,1,23985779,1318,52,0,0
23852792,1653,43,0,2,23943289,139,28,0,0
23987795,1098,69,0,2,23900094,859,54,0,0
23897920,777,44,0,3,23954044,477,45,0,0
23959191,674,52,0,5,23895933,881,45,0,0
23985527,1660,47,0,2,23870320,558,59,0,0
23936886,446,60,0,3,23954269,2115,36,0,0
23909254,624,44,0,1,23939373,2317,32,0,0
23900630,1732,42,0,0,23880428,1154,31,0,0
23865295,1999,67,0,7,23950428,1213,74,0,0
23983275,515,38,0,1,23889155,1408,20,0,0
23949297,1982,60,0,1,23994118,1517,33,0,0
23874054,205,41,0,5,23984119,1112,31,0,0
23860347,726,30,0,0,23986666,1157,60,0,0
23881210,738,63,0,3,23971995,416,71,0,0
23892850,1032,26,0,4,23849802,1328,35,0,0
23897593,848,34,0,5,23909620,241,67,0,0
23934781,775,56,0,2,23950075,797,37,0,0
23926992,399,77,0,1,23897655,1411,36,0,0
23889138,792,78,0,4,23860036,1043,53,0,0
23960896,499,93,0,1,23944317,1445,28,0,0
23908495,887,62,0,1,23896683,766,75,0,0
23891307,1347,33,0,1,23859561,989,42,0,0
23938620,1112,41,0,5,23994006,1162,42,0,0
23883538,785,53,0,4,23985574,1099,41,0,0
23979029,1465,38,0,0,23964527,1587,63,0,0
23980984,1538,53,0,1,23994512,623,44,0,0
23880046,594,29,0,0,23998387,1331,34,0,0
23884831,1555,60,0,1,23913203,1171,52,0,0
23871256,2091,38,0,0,23895412,2132,28,0,0
23960497,489,38,0,0,23884775,1203,65,0,0
23975117,1951,39,0,0,23878033,672,91,0,0
23863126,801,35,0,5,23982146,1512,62,0,0
23966093,880,43,0,0,23855296,1104,30,0,0
23970658,1613,47,0,4,23939474,649,17,0,0
23957136,871,52,0,3,23858333,1725,63,0,0
23996915,2158,56,0,1,23887521,685,85,0,0
23971521,875,55,0,8,23902209,1637,41,0,0
23904492,2642,42,0,0,23855490,1910,37,0,0
23938762,1478,71,0,3,23964013,774,60,0,0
23987877,449,30,0,0,23894636,1102,31,0,0
23926346,1284,37,0,0,23945303,627,40,0,0
23962153,708,38,0,3,23975427,1110,33,0,0
23926332,330,42,0,2,23975371,762,39,0,0
23888828,1868,31,0,7,23998806,1562,69,0,0
23868472,1830,20,0,3,23987383,1323,30,0,0
23992475,676,57,0,0,23870033,777,49,0,0
23992639,1349,56,0,1,23889084,626,50,0,0
23860058,1763,42,0,2,23996135,845,27,0,0
23872516,1039,40,0,0,23978878,1399,29,0,0
23996423,1802,47,0,1,23892077,1205,44,0,0
23988387,1940,29,0,0,23852747,988,22,0,0
23998282,2143,68,0,3,23878542,1603,52,0,0
23911586,1849,34,0,3,23890999,1646,42,0,0
23950062,1746,38,0,1,23944080,771,58,0,0
23877290,924,38,0,3,23990465,861,32,0,0
23912398,653,31,0,6,23865428,667,28,0,0
23997244,1331,47,0,0,23877142,1906,55,0,0
23961825,665,53,0,1,23939637,1226,32,0,0
23980218,2151,30,0,3,23965308,1113,224,0,0
23985829,1195,40,0,2,23969946,1617,30,0,0
23867146,890,57,0,1,23881794,1841,28,0,0
23943532,1940,29,0,3,23948010,1026,41,0,0
23916318,659,30,0,1,23903433,2221,51,0,0
23896476,548,69,0,1,23906632,1836,44,0,0
23961103,1008,59,0,2,23904465,620,30,0,0
23927575,1492,33,0,7,23867929,1861,27,0,0
23986696,1378,43,0,2,23855297,1457,24,0,0
23939621,1611,61,0,7,23931109,1854,47,0,0
23888377,563,35,0,4,23908229,757,46,0,0
23902091,677,48,0,0,23987316,812,38,0,0
23894914,796,51,0,1,23995591,1000,26,0,0
23946202,423,18,0,3,23960858,796,28,0,0
23860609,2450,49,0,1,23983802,1794,55,0,0
23932642,978,31,0,0,23998192,2227,94,0,0
23919287,869,30,0,3,23900232,233,63,0,0
23868714,1042,29,0,1,23943164,929,63,0,0
23956235,768,38,0,1,23899412,1171,45,0,0
23865573,1866,60,0,2,23857109,652,80,0,0
23872605,1380,31,0,2,23947236,751,49,0,0
23989713,1263,22,0,1,23947868,789,40,0,0
23930105,751,110,0,1,23910388,1865,53,0,0
23930814,810,39,0,7,23964338,779,34,0,0
23990929,154,58,0,2,23992269,788,69,0,0
23992858,902,74,0,2,23896741,972,31,0,0
23943740,645,43,0,1,23929513,1985,98,0,0
23991653,618,37,0,0,23919493,611,29,0,0
23962559,1320,35,0,1,23897352,1975,54,0,0
23855848,1036,37,0,2,24001229,1140,28,0,0
23891000,879,37,0,0,23866954,2065,55,0,0
23897438,1019,24,0,2,23902983,1695,42,0,0
23863476,183,53,0,0,23894277,1104,55,0,0
23924363,1392,36,0,9,23887086,1485,80,0,0
23880848,981,23,0,4,23893348,1834,38,0,0
23893920,627,67,0,6,23988207,258,46,0,0
23892694,1722,33,0,7,23996557,567,61,0,0
23924027,801,69,0,0,23894403,1940,72,0,0
23890328,1491,90,0,1,23986828,852,48,0,0
23921120,943,37,0,6,23863735,1084,45,0,0
23930069,1830,39,0,1,23868934,1113,45,0,0
23963328,2283,58,0,2,23861661,1862,36,0,0
23893383,808,35,0,1,23933925,1464,30,0,0
23866956,549,52,0,0,23961138,618,58,0,0
23982349,1039,17,0,0,23911127,814,49,0,0
23858405,1138,34,0,1,23897225,989,29,0,0
23859793,1548,39,0,1,23949797,1366,37,0,0
23918782,1308,111,0,0,23916121,1663,107,0,0
23960130,479,73,0,1,23963144,458,20,0,0
23933461,874,42,0,3,23954996,1708,47,0,0
23892390,1622,102,0,4,23889179,755,26,0,0
24000741,196,52,0,4,23870554,378,71,0,0
23914677,1676,64,0,0,23890120,822,113,0,0
23970097,865,27,0,1,23943884,1387,27,0,0
23871843,1564,54,0,3,23857642,1299,40,0,0
23982439,107,43,0,0,23865473,1688,56,0,0
23929080,718,54,0,5,23992202,1060,25,0,0
24003265,1284,57,0,0,23978756,847,33,0,0
23922371,1050,56,0,2,23896628,988,61,0,0
23908727,1156,42,0,5,23918724,1713,51,0,0
23874290,563,72,0,1,23878657,1985,30,0,0
23927186,1163,58,0,3,23883023,847,27,0,0
23947827,1263,46,0,1,23883996,1647,20,0,0
23937486,576,37,0,2,23901047,606,28,0,0
23944197,686,79,0,2,23922381,1578,23,0,0
23911413,1170,97,0,3,23967199,525,38,0,0
23877705,951,56,0,1,23906537,1113,43,0,0
23932188,957,32,0,5,23876328,1256,40,0,0
23902214,2123,20,0,1,23907205,1463,45,0,0
23965765,1487,61,0,3,23908641,1553,30,0,0
23996062,476,34,0,1,23907309,1602,31,0,0
23939186,1100,22,0,12,23911601,305,54,0,0
23999866,1524,50,0,1,23968849,1199,63,0,0
23879482,2131,72,0,0,23889960,1463,33,0,0
23908367,1614,23,0,2,23945880,1003,23,0,0
23893856,1251,45,0,5,24003075,1540,23,0,0
23953657,233,41,0,10,23915445,919,56,0,0
23964029,1101,166,0,8,23977563,753,55,0,0
23914179,2668,33,0,0,23899455,1586,77,0,0
23938765,1153,53,0,4,23860227,1827,44,0,0
23980037,2164,88,0,3,23948337,2166,19,0,0
23910063,1259,45,0,0,23942451,678,40,0,0
23893281,682,65,0,0,23989405,803,44,0,0
23959943,959,39,0,3,23882525,886,78,0,0
23912950,1049,49,0,0,23890410,2517,50,0,0
23882619,2166,104,0,0,23930685,1258,61,0,0
23942170,1828,46,0,4,23988815,781,29,0,0
23977931,956,57,0,2,23922148,608,53,0,0
23991750,1315,60,0,0,23945893,1734,35,0,0
23914815,1908,37,0,2,23997503,1625,39,0,0
23935904,537,31,0,2,23948547,1496,37,0,0
23864677,1287,80,0,0,23898888,1118,47,0,0
23859242,853,82,0,3,23993006,2110,39,0,0
23974040,252,147,0,3,23863903,1181,26,0,0
23903818,1868,38,0,3,23927081,725,35,0,0
23913553,637,78,0,3,23942481,440,48,0,0
23995265,1227,73,0,3,23936736,393,43,0,0
24000804,1160,48,0,0,23860595,423,75,0,0
24002048,691,45,0,2,23977119,1461,96,0,0
23994056,1140,67,0,0,23887916,1572,40,0,0
23877295,677,50,0,1,23905794,1886,67,0,1
23972917,1366,59,0,1,23927350,1997,84,0,0
23937278,2293,35,0,2,23890854,1030,87,0,0
24001802,1105,63,0,3,24000511,809,72,0,0
23933873,692,95,0,0,23860448,1160,52,0,0
23862569,737,47,0,1,23947855,1785,34,0,0
23967903,1814,56,0,5,23924669,1647,63,0,0
23984840,2194,70,0,0,23967548,1130,27,0,0
23944275,1451,17,0,0,23889037,873,80,0,0
23903495,809,64,0,0,23964566,507,23,0,0
23971924,1192,48,0,1,23944672,1048,83,0,0
23896176,1183,34,0,0,24001373,542,29,0,0
23964309,2009,40,0,0,23999312,959,53,0,0
23935512,739,52,0,1,23874062,1069,56,0,0
23869548,1052,30,0,3,23913143,1927,34,0,0
23984633,2559,40,0,0,23919766,1972,50,0,0
23997335,1766,43,0,1,24007969,1868,33,0,0
23907191,1699,34,0,1,23860702,598,47,0,0
23881380,756,31,0,2,23951820,1559,20,0,0
23916949,1115,33,0,1,23907028,667,39,0,0
23926873,1591,33,0,2,24001747,1641,41,0,0
23863906,1111,56,0,1,23873739,2045,44,0,0
23907870,1091,22,0,5,23970995,1903,34,0,0
23891833,1606,39,0,5,24003684,1238,36,0,0
23922446,1152,17,0,2,23922034,927,38,0,0
24000114,1537,20,0,1,23950888,1297,23,0,0
23895459,1534,51,0,0,24005831,704,46,0,0
23880800,1773,23,0,13,23889600,1636,20,0,0
23896529,865,64,0,0,23994553,1124,60,0,0
23981824,819,19,0,1,23998732,911,25,0,0
24003407,1362,17,0,0,23918638,240,36,0,0
24002963,644,38,0,5,23895349,1934,63,0,0
23969023,2176,29,0,4,24006102,840,50,0,0
23971404,673,20,0,7,23973303,343,61,0,0
23907406,1669,43,0,1,23996760,985,55,0,0
23934480,1580,54,0,3,23870666,1035,52,0,0
23892430,2492,19,0,4,23870533,1142,66,0,0
23988623,1546,40,0,2,23887547,901,89,0,0
23978170,1540,57,0,2,23920138,894,51,0,0
23871879,1117,45,0,1,23890597,1946,82,0,0
23902990,617,32,0,0,23960428,1039,65,0,0
23885505,665,31,0,0,23976911,1117,93,0,0
23928609,887,75,0,2,23911795,1176,54,0,0
23892775,206,55,0,2,23958337,735,51,0,0
23977965,1636,56,0,4,23999507,1101,45,0,0
23889432,1013,41,0,2,23913776,1110,29,0,0
23944649,2161,45,0,4,23922756,375,34,0,0
23952388,1865,49,0,3,23963555,421,60,0,0
23967957,1332,76,0,3,23918673,1170,31,0,0
23916890,1598,54,0,2,23870295,1515,50,0,0
23972126,1129,56,0,4,23947555,1132,37,0,0
23920308,356,61,0,0,23949177,1075,171,0,0
23963021,652,24,0,2,23888484,976,26,0,0
23930333,678,64,0,2,23965729,838,59,0,0
23864406,1085,76,0,2,23909520,1110,39,0,0
23923258,1058,35,0,1,23883133,233,46,0,0
23928794,1499,29,0,2,23892278,811,43,0,0
23997872,957,54,0,1,23990187,1345,36,0,0
23898141,1901,45,0,4,23976211,768,34,0,0
23869074,2360,42,0,1,23926283,984,60,0,0
24003221,1467,41,0,2,23993102,1135,34,0,0
23988451,680,49,0,3,23980229,820,37,0,0
23971463,624,92,0,2,23929003,550,70,0,0
23922080,170,78,0,0,23937229,1369,58,0,0
23880562,1387,24,0,1,23900839,980,105,0,0
23926428,1483,36,0,9,23947821,729,36,0,0
23903304,603,44,0,0,23948118,127,50,0,0
23969298,1439,110,0,0,23888971,1511,64,0,0
23890338,1897,25,0,1,23890059,1060,43,0,0
23945158,1465,39,0,3,23911427,2044,33,0,0
23947206,655,43,0,3,23864739,1159,76,0,0
23876829,853,32,0,0,23904231,981,67,0,0
23986183,807,18,0,1,23900391,1571,36,0,0
23954833,627,49,0,2,23981502,1789,75,0,0
23898125,831,34,0,1,23974144,664,58,0,0
23920273,1150,40,0,0,23936108,1979,36,0,0
23883701,1076,71,0,2,23986297,1037,64,0,0
23890015,1246,31,0,3,23923272,2238,60,0,0
23983484,1169,36,0,0,23965385,1265,25,0,0
23950383,1070,43,0,1,23976317,673,66,0,0
23921017,1632,23,0,1,23908402,844,41,0,0
23922287,796,27,0,1,23909901,1325,28,0,0
23914581,779,65,0,0,23976447,1599,55,0,0
23876979,810,68,0,1,23877905,883,60,0,0
23989156,2330,73,0,7,23868777,1303,27,0,0
23911196,170,37,0,3,23974482,139,65,0,0
23925051,1110,53,0,0,23920821,1632,28,0,0
23866720,124,33,0,1,23919722,567,38,0,0
23900972,1468,44,0,1,23884561,1049,62,0,0
23892102,247,56,0,1,23922146,704,23,0,0
23953841,1452,18,0,0,23951130,1227,48,0,0
23870007,1674,50,0,2,23937240,449,49,0,0
23994117,688,18,0,0,23952923,831,226,0,0
23984742,842,42,0,2,24006581,633,67,0,0
23919708,1453,59,0,0,23968202,988,59,0,0
23928706,1104,62,0,5,23913789,831,59,0,0
23922585,1257,47,0,2,23882711,971,34,0,0
24003302,2198,20,0,0,23984903,765,54,0,0
23936600,189,156,0,1,23930725,305,29,0,0
23946824,965,78,0,3,23987499,757,182,0,0
23879598,947,44,0,2,23923401,1033,23,0,0
24010799,856,32,0,4,24013438,852,53,0,0
23886243,1246,80,0,4,23890685,824,48,0,0
23992159,254,23,0,0,23927745,2067,44,0,0
23876486,742,31,0,2,23879349,796,43,0,0
23931009,1568,56,0,2,23913708,746,77,0,0
23939209,746,17,0,0,24011421,702,42,0,0
23943816,1322,38,0,0,23931944,1663,59,0,0
23890055,2004,42,0,1,23940613,1109,74,0,0
23989543,1460,55,0,1,23884190,843,20,0,0
23982673,837,44,0,0,23894716,2289,35,0,0
23947422,922,90,0,6,23878540,1361,46,0,0
23963438,1041,48,0,3,23994559,938,75,0,0
24002823,1442,67,0,1,23874004,497,41,0,0
23957450,644,36,0,1,23894943,901,41,0,0
23918977,356,40,0,5,23948179,1823,44,0,0
23973226,1946,70,0,4,23990885,1091,32,0,0
23980965,1292,70,0,0,24006593,2089,59,0,0
23901019,1020,59,0,2,23975786,792,38,0,0
23997576,402,61,0,1,23947503,734,43,0,0
23939506,1869,63,0,1,23888770,577,82,0,0
23903328,1338,50,0,10,23881719,1156,52,0,0
23893505,1052,107,0,1,23912247,392,46,0,0
24003762,1758,71,0,0,23885296,675,69,0,0
23973640,632,38,0,1,23988087,1263,21,0,0
23903077,1606,71,0,0,23898086,922,35,0,0
24012475,1002,59,0,1,23988263,728,48,0,0
24003041,1454,48,0,3,23886585,1100,74,0,0
23927388,1300,39,0,1,23928277,722,72,0,0
23998250,1022,51,0,0,23993206,636,56,0,0
23971587,1147,114,0,1,24007890,619,43,0,0
23902448,648,97,0,1,23880895,816,69,0,0
23887875,2126,38,0,3,23950662,349,39,0,0
23919451,1432,92,0,1,23886784,433,71,0,0
23967793,661,55,0,0,23923388,682,24,0,0
23934952,1919,21,0,0,23879224,957,59,0,0
23964096,984,52,0,0,23874521,435,64,0,0
23986390,213,56,0,5,23971101,1392,24,0,0
23939507,1078,38,0,2,23936222,1480,89,0,0
23999229,985,28,0,0,23885494,1640,30,0,0
24007605,1501,40,0,2,23975500,1042,24,0,0
24010588,1379,71,0,2,23989606,1958,41,0,0
23890034,959,23,0,6,23999794,1090,44,0,0
23982434,1245,34,0,1,23935608,902,63,0,0
23895327,1215,39,0,0,23977923,1601,53,0,0
23896894,1746,33,0,0,23882284,1136,39,0,0
23899075,2331,42,0,2,23939126,1925,48,0,0
23956522,1449,20,0,0,23911374,414,34,0,0
24013092,947,58,0,1,23998542,1397,70,0,0
23895355,2470,17,0,3,23919470,1369,50,0,0
24001991,279,95,0,1,23911976,460,42,0,0
23878884,1785,39,0,0,23966332,1026,22,0,0
23962289,771,77,0,0,24017216,144,43,0,0
23960103,1750,79,0,10,23890539,914,17,0,0
23888467,1139,117,0,1,23891043,2402,88,0,0
23989347,1111,87,0,1,23999869,696,52,0,0
23905445,921,23,0,9,23900696,1323,75,0,0
23914653,740,61,0,0,24013162,2347,41,0,0
23886616,123,117,0,3,23905372,277,55,0,0
23944587,282,93,0,5,23943062,1210,75,0,0
24013271,109,52,0,2,23993722,1061,37,0,0
24006920,626,64,0,1,23912695,1738,44,0,0
23910260,1340,53,0,5,23907576,438,45,0,0
23896199,1361,44,0,0,23939180,843,40,0,0
23884638,1992,59,0,4,23979921,1518,46,0,0
23929062,987,171,0,0,23937029,1042,41,0,0
24006767,1735,48,0,0,23929236,1111,49,0,0
23904183,1195,21,0,0,24012471,1325,22,0,0
23963510,760,24,0,0,23973931,181,61,0,0
24014593,1310,68,0,0,23878914,1348,82,0,0
23917672,852,59,0,1,23880794,1812,34,0,0
23909318,562,32,0,2,23915183,1661,68,0,0
23941438,563,69,0,0,23961999,804,50,0,0
23902920,484,29,0,2,23877179,1323,53,0,0
23947688,1080,42,0,1,23963695,1698,54,0,0
23990273,806,14,0,0,23909359,1005,84,0,0
23933436,1755,64,0,0,23876427,347,32,0,0
23929084,1293,49,0,0,23954208,1309,27,0,0
23981350,1392,42,0,0,23990607,702,136,0,0
24015369,1247,60,0,1,23873911,1420,32,0,0
23895478,1932,39,0,1,23902352,623,67,0,0
23903309,2037,34,0,6,23998617,1874,47,0,0
23913141,2365,33,0,0,23972829,1265,103,0,0
23940118,620,62,0,1,23876480,1246,32,0,0
23946859,1083,35,0,16,24006288,627,25,0,0
24015662,603,39,0,0,23961459,905,50,0,0
23989108,1554,39,0,0,23905781,1603,50,0,0
23944102,858,37,0,0,23924077,960,22,0,0
23964487,1358,89,0,0,23987142,1002,78,0,0
23874676,561,59,0,2,23941790,264,77,0,0
23972035,680,58,0,4,23945100,1350,37,0,0
23999720,1580,28,0,1,23976914,792,38,0,0
23953564,632,23,0,1,23967540,1319,13,0,0
24020482,1415,64,0,1,23907584,384,59,0,0
24015739,1720,30,0,0,24013185,1486,45,0,0
23981174,1748,37,0,1,23969578,877,43,0,0
23901634,1616,72,0,0,23974800,757,90,0,0
23949682,1167,43,0,3,23884643,1629,25,0,0
23983800,1125,32,0,0,23949522,1122,72,0,0
23948034,879,82,0,4,23979906,2106,57,0,0
23903115,1073,34,0,3,24001356,1685,36,0,0
23968778,1865,41,0,4,24001265,1459,42,0,0
23964835,566,59,0,2,23969027,1644,114,0,0
23908036,1102,24,0,4,24015435,1017,72,0,0
23921601,554,56,0,1,23939204,909,53,0,0
23913195,1657,87,0,1,23911695,810,97,0,0
24017926,813,67,0,1,24000081,720,32,0,0
23966992,810,43,0,5,23908838,619,41,0,0
23889657,721,91,0,7,23973013,708,76,0,0
24019897,1114,25,0,5,23998455,2223,47,0,0
23992373,967,25,0,3,23963257,1287,69,0,0
23976703,778,66,0,0,23929326,688,63,0,0
23981590,693,50,0,4,23878250,785,19,0,0
23992916,183,34,0,1,23999429,436,54,0,0
23902633,1281,33,0,0,23937574,2110,41,0,0
23998725,1604,52,0,1,23888081,1145,60,0,0
23996387,1819,33,0,0,23897125,1110,50,0,0
23915705,699,77,0,4,23961262,1048,43,0,0
23950105,151,52,0,1,23878477,2252,33,0,0
23958535,524,71,0,3,23982646,763,59,0,0
23915221,2544,39,0,1,23973952,504,17,0,0
23880902,1406,39,0,0,23981074,815,27,0,0
23972835,846,84,0,3,24005815,1023,29,0,0
24022276,747,54,0,2,23905778,1085,56,0,0
23908801,961,21,0,0,23891250,1698,16,0,0
23987457,776,43,0,3,23972229,1016,94,0,0
23950433,1628,51,0,3,23921352,1420,48,0,0
23974201,2507,53,0,0,23984616,2109,37,0,0
23997392,1407,35,0,1,23994131,2183,98,0,0
23926380,752,31,0,1,23965024,1240,38,0,0
23875622,771,53,0,4,23912892,1785,40,0,0
23947680,1739,38,0,2,23893003,1719,34,0,0
24004774,852,35,0,3,23934199,915,54,0,0
23920715,806,49,0,2,23989929,1085,75,0,0
23959217,498,31,0,2,23974326,1392,55,0,0
23927738,966,38,0,1,23989799,1323,16,0,0
23933941,492,24,0,0,23886234,1881,41,0,0
23948655,1628,57,0,5,23876595,628,129,0,0
23971330,1441,130,0,1,23903403,1071,51,0,0
23959011,1719,49,0,1,23992392,630,49,0,0
24018968,1532,35,0,0,23982086,2332,31,0,0
24000795,1681,46,0,2,24000196,1642,59,0,0
23906776,729,68,0,0,23917660,1222,44,0,0
23954444,2007,46,0,0,23893255,1531,47,0,0
23967061,834,80,0,2,23912900,475,23,0,0
24009402,533,43,0,3,23936437,877,45,0,0
23911231,1749,59,0,1,23963872,783,41,0,0
23900253,2123,61,0,0,23970261,1147,55,0,0
23986980,1303,46,0,3,23925037,1122,49,0,0
23895879,851,68,0,0,23892563,1371,91,0,0
23924169,1145,54,0,0,23902687,1254,50,0,0
23990218,953,221,0,2,23927136,2209,33,0,0
24002876,719,53,0,3,23923529,1547,52,0,0
23951577,878,66,0,2,24007857,603,20,0,0
23957986,1361,37,0,0,23916681,851,60,0,0
23910473,1336,35,0,0,24004786,1131,22,0,0
24023495,466,22,0,0,23921387,661,51,0,0
23904852,1670,32,0,2,23941514,1681,26,0,0
24006360,725,52,0,0,23896163,950,28,0,0
24023745,2354,39,0,3,23971009,549,32,0,0
23975541,1141,12,0,1,23881002,1290,12,0,0
23964103,1185,54,0,1,23879390,746,66,0,0
23994416,212,36,0,4,23987329,402,36,0,0
23911805,697,31,0,3,23917495,599,51,0,0
23884353,1248,33,0,5,23999276,1875,52,0,0
23887861,976,87,0,1,24010551,869,53,0,0
23926668,2510,43,0,1,23882527,1157,39,0,0
24023504,1891,39,0,0,24004077,959,30,0,0
23934538,1089,26,0,1,23948949,853,28,0,0
23885134,674,39,0,1,23937271,1171,58,0,0
23982258,1105,34,0,4,23992926,1662,38,0,0
23885613,1635,49,0,1,23957448,186,129,0,0
23941219,657,31,0,0,23999454,886,65,0,0
23927969,682,47,0,0,24004079,530,38,0,0
24013858,1156,50,0,6,24011950,853,25,0,0
24020967,1174,226,0,1,23892191,1641,68,0,0
23885365,567,55,0,1,23922979,750,36,0,0
23907990,571,29,0,0,23970288,1475,41,0,0
23882642,529,56,0,2,23960764,1444,33,0,0
23963181,1181,93,0,4,23896930,647,49,0,0
23954533,913,64,0,2,23904611,918,24,0,0
23994495,360,74,0,1,24012702,1059,28,0,0
23914240,1458,65,0,0,23886523,1655,61,0,0
24026464,673,49,0,1,23914257,1348,27,0,0
23903964,1192,32,0,5,24016304,996,24,0,0
23980822,2417,39,0,8,23898448,829,25,0,0
23958901,1448,27,0,1,24012170,628,39,0,0
23885534,1124,44,0,4,23976018,911,56,0,0
23909601,2059,103,0,1,23907085,1164,52,0,0
23985778,1690,34,0,7,23956267,1451,35,0,0
23995884,526,88,0,2,23895675,784,30,0,0
24012694,1526,30,0,3,23892684,930,48,0,0
23971812,601,36,0,3,23943615,1292,68,0,0
23963792,1371,40,0,0,23921134,641,47,0,0
23878778,756,39,0,1,23897893,363,41,0,0
23951634,1428,49,0,1,23905760,1111,17,0,0
23932931,943,18,0,1,23974377,1827,24,0,0
24016091,625,45,0,0,24009086,1131,36,0,0
23938645,420,79,0,1,23911694,976,23,0,0
23968572,1198,67,0,5,23959511,1173,32,0,0
23888707,1096,33,0,0,23933893,741,69,0,0
23950024,1035,32,0,2,23970316,651,23,0,0
23936441,1827,50,0,2,23980250,1455,67,0,0
23979040,1159,34,0,6,24023020,658,65,0,0
24022691,945,90,0,3,24024869,1596,34,0,0
23960012,1687,46,0,2,23975768,696,56,0,0
23927333,1490,33,0,1,23912306,1116,46,0,0
23996284,295,68,0,1,23879229,886,45,0,0
23893492,1242,56,0,1,24002863,774,29,0,0
23933929,845,24,0,0,24025515,1344,26,0,0
23903518,1381,55,0,7,24001600,755,60,0,0
23988378,1122,44,0,0,23986163,1660,62,0,0
23923715,2260,32,0,2,24027823,669,60,0,0
23964498,960,56,0,2,23883156,852,33,0,0
23897786,1631,42,0,2,23913807,860,33,0,0
23945459,1060,78,0,1,23964189,973,102,0,0
24019553,1241,26,0,3,24000255,1994,29,0,0
24023137,773,40,0,0,23969135,1292,50,0,0
24009333,688,57,0,0,24020138,1347,35,0,0
23923871,913,75,0,1,23964662,1009,24,0,0
23882167,966,51,0,2,23895997,562,23,0,0
23973693,644,59,0,1,24022469,952,58,0,0
23915368,166,86,0,0,23931935,498,26,0,0
23966076,1679,30,0,1,24013007,1385,84,0,0
23890374,952,52,0,2,24017203,1161,54,0,0
23885523,362,74,0,0,24019914,1330,49,0,0
23944341,135,42,0,1,23931919,1620,43,0,0
23964346,2013,66,0,3,23975165,1625,42,0,0
24000316,1445,28,0,4,24022953,1284,29,0,0
23883535,594,34,0,0,23972431,551,67,0,0
23952784,1621,14,0,2,23914435,2183,174,0,0
23896224,1665,89,0,0,24015470,1011,20,0,0
23916263,1369,56,0,0,23982811,1999,38,0,0
23880929,621,49,0,0,24030227,1598,91,0,0
24029521,595,48,0,0,23992199,132,46,0,0
23977077,762,36,0,1,23977413,120,130,0,0
23997617,246,71,0,0,23892992,1199,62,0,0
23909683,210,53,0,1,24026956,2430,52,0,0
24006571,1961,54,0,0,23953556,233,44,0,0
24008763,1226,62,0,4,23999706,405,67,0,0
23975977,849,46,0,2,24005416,849,25,0,0
24020162,658,49,0,4,24009415,288,67,0,0
23881462,798,23,0,1,23936957,1785,23,0,0
23955598,120,108,0,1,23898919,1382,41,0,0
24015459,612,49,0,3,23963870,1707,20,0,0
23887975,1385,40,0,0,24016782,1408,42,0,0
23995954,1518,67,0,9,23913175,636,143,0,0
23900065,1877,27,0,3,23984842,1899,54,0,0
23962871,400,77,0,3,23919092,886,71,0,0
23890386,2473,43,0,0,23993004,1683,30,0,0
23942143,1168,47,0,1,23979142,1194,35,0,0
24002279,975,39,0,4,23958252,829,18,0,0
23951370,862,41,0,2,23985389,2283,66,0,0
24009722,1673,34,0,4,23997712,566,51,0,0
23892786,442,48,0,2,23893495,1404,26,0,0
23910911,1609,38,0,7,24004460,1275,30,0,0
23954479,1907,16,0,5,23909105,2318,39,0,0
24002889,1417,32,0,8,23971749,641,34,0,0
23902977,1315,51,0,0,23997293,1306,50,0,0
24006984,2515,64,0,0,23946942,1763,54,0,0
23994577,1382,116,0,3,23932553,613,58,0,0
23910629,1752,52,0,1,23957751,426,53,0,0
24002114,1089,68,0,2,23977840,788,30,0,0
23918978,1191,77,0,3,24028418,975,42,0,0
23991722,2082,48,0,3,23929727,142,46,0,0
24023251,665,43,0,1,23968935,1263,41,0,0
23890876,238,42,0,1,23920596,673,74,0,0
23971717,1708,24,0,5,24029355,1828,44,0,0
24017681,1145,27,0,10,23995826,1625,32,0,0
24003959,2408,43,0,4,23934645,836,59,0,0
23936125,2048,34,0,9,23937489,1337,72,0,0
23976309,1348,89,0,0,23988344,836,46,0,0
23956392,163,35,0,1,23981701,422,44,0,0
23986965,1045,72,0,3,23889559,2293,63,0,0
23935567,541,39,0,1,23976314,1351,84,0,0
23918352,958,51,0,1,23935741,2131,23,0,0
23995968,2493,46,0,0,23937980,1323,65,0,0
23923197,1080,28,0,0,23992765,639,65,0,0
23900665,1197,38,0,0,24027485,983,48,0,0
24032128,1323,32,0,0,23905681,1241,28,0,0
23894648,731,31,0,4,24017284,850,29,0,0
23946177,663,50,0,3,23905520,611,78,0,0
24030705,2097,35,0,1,23947063,2523,35,0,0
23913439,885,65,0,2,23971810,796,21,0,0
24020103,661,42,0,2,24018406,690,69,0,0
23885670,1853,62,0,2,23944454,1652,22,0,0
24016924,1268,27,0,1,23934204,1321,46,0,0
23980582,662,43,0,4,23950480,1237,41,0,0
23981022,1465,71,0,5,23998547,510,68,0,0
23919912,877,38,0,9,23995900,622,21,0,0
24026227,1062,66,0,3,23892749,582,51,0,0
23986278,1152,33,0,1,24031288,1321,28,0,0
23950935,1304,30,0,4,24031810,282,21,0,0
23921911,1196,38,0,3,23895345,1353,71,0,0
23990740,1726,54,0,4,23956816,849,54,0,0
23922784,1481,37,0,5,23918783,935,73,0,0
23921757,611,48,0,1,23956665,758,77,0,0
23909059,1112,50,0,7,23922380,1400,45,0,0
23926869,1580,60,0,4,24013932,617,57,0,0
23899748,1073,16,0,1,23998254,1243,27,0,0
23897314,2415,57,0,1,24008978,637,36,0,0
23923747,1257,86,0,1,23930924,1243,49,0,0
23996771,2058,50,0,2,24030598,1184,37,0,0
24017209,2499,39,0,0,23933780,630,50,0,0
24000987,1444,59,0,1,23987952,2196,38,0,0
23963544,518,37,0,2,23917045,1639,37,0,0
23898900,1256,50,0,8,23954367,1901,45,0,0
23921023,413,30,0,3,24002269,689,49,0,0
24001488,733,51,0,0,23926089,2186,65,0,0
23990878,1545,30,0,7,23921248,2254,38,0,0
24011074,1310,35,0,0,23911311,1601,43,0,0
24007116,972,47,0,0,23989058,1972,36,0,0
23991875,761,24,0,1,23914720,682,63,0,0
23996422,671,51,0,0,24032295,748,53,0,0
23887907,1069,98,0,2,23977485,833,53,0,0
24017873,731,16,0,10,23890791,1373,59,0,0
23896111,586,47,0,1,23995503,1955,37,0,0
24002462,1693,30,0,0,23936888,811,20,0,0
24009358,1795,27,0,2,23891159,1390,56,0,0
23907487,1196,86,0,1,23956837,1354,29,0,0
24025850,228,63,0,6,23995909,2557,55,0,0
23966854,1683,48,0,0,24029071,1443,41,0,0
23922304,133,33,0,2,23957070,1011,80,0,0
23928057,409,82,0,3,23966860,892,48,0,0
24035085,718,81,0,6,24009088,1107,45,0,0
23900496,1096,47,0,10,23927015,1508,76,0,5
24027848,496,47,0,1,23975546,1196,68,0,0
24027568,436,87,0,1,23984613,1203,48,0,0
23928790,1962,36,0,3,24034062,1826,35,0,0
23958478,890,51,0,1,24007106,689,21,0,0
23901493,807,22,0,3,23963809,2193,50,0,0
23942228,2110,39,0,0,24033255,720,42,0,0
23901465,1106,34,0,0,24007602,2150,53,0,0
23948154,641,22,0,0,23996322,761,42,0,0
23934131,858,47,0,0,24012901,1843,32,0,0
23980680,1687,13,0,4,23927534,855,26,0,0
23987896,850,37,0,1,24009532,1131,42,0,0
23921429,1355,26,0,3,23896789,637,27,0,0
24014286,613,42,0,4,24012615,1209,69,0,0
24011423,755,63,0,2,24007014,2452,20,0,0
23896686,1051,26,0,6,23930004,815,74,0,0
24002725,1399,78,0,0,23899894,914,42,0,0
23899619,896,40,0,2,23996588,2270,18,0,0
23979795,275,59,0,2,23976720,696,52,0,0
23918586,976,35,0,0,23985080,1891,76,0,0
23976128,1674,43,0,1,23989527,1262,39,0,0
23919478,2279,49,0,5,23957629,511,33,0,0
23921411,1167,83,0,3,24037007,1586,79,0,0
23980933,1104,22,0,2,24014389,655,61,0,0
23995499,658,143,0,1,23934615,1265,69,0,0
24012258,811,80,0,2,23909480,667,25,0,0
23962627,1075,237,0,0,24000809,2093,31,0,0
23998257,1641,49,0,4,23932420,863,25,0,0
23939697,1699,19,0,0,23952423,1158,15,0,0
24000564,990,54,0,1,23999479,1101,52,0,0
23937961,576,259,0,1,24010536,1039,21,0,0
23914607,1086,37,0,2,23996905,1399,33,0,0
24009935,1525,31,0,4,24001846,1527,44,0,0
23993298,253,101,0,1,23904947,951,86,0,0
24006354,1710,34,0,5,24014043,1958,44,0,0
23896977,693,62,0,5,24027141,1017,17,0,0
23973000,385,33,0,0,23970113,810,46,0,0
23998286,1785,25,0,1,23929632,776,42,0,0
24037534,461,45,0,2,24025336,582,44,0,0
24024221,156,46,0,2,23947514,1991,47,0,0
23982006,1838,43,0,2,23890397,595,23,0,0
24016817,1060,33,0,0,24011434,908,51,0,0
23910800,1106,48,0,3,23978500,1757,36,0,0
23955102,1175,40,0,3,23934978,394,31,0,0
23971755,701,55,0,2,23986975,147,50,0,0
23893446,1080,59,0,0,24033663,1394,58,0,0
23983600,1455,46,0,1,23959110,816,41,0,0
23993862,1124,47,0,3,24018664,1065,84,0,0
23998648,785,70,0,2,23906871,936,35,0,0
23912312,881,26,0,0,23915964,1857,35,0,0
24027134,994,36,0,0,24033548,449,22,0,0
24027586,1753,62,0,0,24020617,1122,62,0,0
24026704,1102,22,0,1,23891498,1654,30,0,0
23935797,1109,35,0,0,23979017,346,70,0,0
23986521,2383,44,0,0,23891243,1069,42,0,0
23952555,336,209,0,1,23897572,822,51,0,0
24034143,1206,37,0,0,24004487,1007,37,0,0
24027117,988,47,0,8,23987073,673,58,0,0
24029703,538,83,0,3,23949409,1426,56,0,0
23906641,619,35,0,1,24014875,1558,50,0,0
23924517,2004,18,0,1,23915430,1162,41,0,0
23977216,893,73,0,2,23972820,1741,87,0,0
23966709,231,68,0,3,23948579,1218,35,0,0
23968154,1256,47,0,0,24008755,1045,23,0,0
24034621,1114,39,0,3,23905879,1942,18,0,0
23976158,1022,43,0,0,24027683,931,40,0,0
23943910,603,39,0,0,23954923,1527,19,0,0
23992442,356,62,0,5,23892150,1326,39,0,0
23973198,999,56,0,2,23917019,1105,28,0,0
23955109,932,43,0,1,24030140,1381,45,0,0
23902230,586,29,0,3,23932735,756,50,0,0
23979720,361,57,0,1,23964919,1813,55,0,0
23976042,1176,27,0,3,23895938,113,93,0,0
24012921,625,71,0,0,24038616,599,17,0,0
24027551,1187,30,0,5,23968381,2360,36,0,0
23979593,1666,50,0,2,23958998,435,35,0,0
23905816,1243,48,0,2,24000298,629,65,0,0
23928604,1147,69,0,1,23954258,677,88,0,0
23930100,1345,32,0,3,23935923,801,40,0,0
24008433,1368,28,0,1,23895860,255,19,0,0
23993215,964,65,0,0,23912513,2576,45,0,0
23996598,542,46,0,1,23936538,956,25,0,0
24032623,1213,55,0,3,23951842,2270,60,0,0
23941202,1234,70,0,8,23991202,765,30,0,0
24022662,348,79,0,4,23990897,1308,153,0,0
23945088,446,55,0,2,24011030,461,33,0,0
24034024,1220,33,0,3,23980858,1537,37,0,0
23910180,1949,21,0,2,23955996,2118,47,0,0
24033925,688,42,0,0,23896038,603,63,0,0
24034617,640,44,0,2,23907933,769,49,0,0
23924716,1322,60,0,1,23918759,139,76,0,0
24016243,290,25,0,0,23944384,924,54,0,0
23997676,1848,35,0,3,23919622,1640,78,0,0
24026906,447,50,0,1,23986472,835,46,0,0
23981399,493,49,0,4,24024159,665,13,0,0
24002198,1563,44,0,1,23984055,831,53,0,0
24028410,608,47,0,2,23958324,1249,68,0,0
23974930,845,36,0,3,24006922,407,43,0,1
23953822,2186,53,0,1,23925006,2171,45,0,0
23923493,1882,28,0,2,23896972,1393,15,0,0
23968637,1413,53,0,5,24014021,634,75,0,1
23970552,1361,41,0,4,23900595,1685,78,0,0
23913233,781,15,0,1,23907807,157,75,0,0
23925416,1253,57,0,2,24009337,1238,93,0,0
23969148,936,50,0,0,23910304,2127,42,0,0
24025038,826,59,0,1,23958835,525,68,0,0
23946204,1091,47,0,5,23990083,1166,29,0,0
24004509,687,33,0,2,23956935,1702,31,0,0
24027835,268,42,0,1,23944695,2342,47,0,0
23995275,1659,33,0,1,23994440,1825,28,0,0
23915020,616,23,0,3,23940031,718,42,0,1
24034021,2159,37,0,0,23914153,499,96,0,0
24029099,2123,72,0,5,23968114,973,29,0,0
24020125,430,47,0,3,23991581,970,71,0,0
23958544,1799,83,0,3,23996185,366,91,0,0
24013417,2515,37,0,2,23923978,1452,69,0,0
24024578,757,46,0,2,24044111,1464,41,0,0
23894577,1044,36,0,2,23947976,1517,61,0,0
23922228,1772,45,0,5,23926513,1154,40,0,0
23902009,1480,65,0,8,23983122,521,42,0,0
23978650,1716,74,0,1,23922493,901,31,0,0
23914724,962,48,0,0,24020728,1406,54,0,0
24045741,708,18,0,1,24005104,1028,52,0,0
24001807,219,66,0,2,24018356,258,78,0,0
24021223,329,67,0,2,23906333,1111,52,0,0
23907734,2246,35,0,0,24019567,715,43,0,0
23914143,563,17,0,1,24006277,2037,55,0,0
23958178,1136,58,0,0,24036506,835,19,0,0
24037931,1865,54,0,0,24024462,1303,60,0,0
24008721,2398,68,0,5,24019388,1634,28,0,0
23896709,1789,62,0,0,24005022,1375,38,0,0
24016860,1178,61,0,6,24037426,1649,47,0,0
23930349,414,34,0,0,23908685,1483,18,0,0
23898010,1021,46,0,3,23895622,1226,26,0,0
24045773,1382,39,0,3,23924874,1221,33,0,0
23970037,732,41,0,1,23957558,1052,25,0,0
24018582,534,51,0,1,24007080,647,37,0,0
23959395,1666,42,0,0,24038524,821,15,0,0
23958790,1716,31,0,3,23961445,1511,72,0,0
23972000,1052,40,0,11,23907853,2414,44,0,0
23913153,1732,42,0,0,24008029,746,15,0,0
24017126,1425,23,0,5,23990174,761,32,0,0
24040176,2088,44,0,3,23943200,2302,43,0,0
24035874,441,39,0,7,23896222,866,56,0,0
23921519,611,60,0,3,23967617,862,44,0,0
24032317,907,57,0,0,24000939,1633,40,0,0
23938574,1637,32,0,1,23905246,1155,57,0,0
23964538,2129,31,0,1,23962339,2060,39,0,0
24012824,1690,34,0,6,23936058,1613,38,0,0
23971531,783,33,0,1,24039536,1173,34,0,0
24022263,1480,26,0,5,23914436,670,35,0,0
23951625,564,208,0,2,23931237,1630,39,0,0
23923107,772,44,0,1,23984765,693,41,0,0
23937223,722,54,0,2,23911183,1175,79,0,0
23926291,1104,63,0,1,23941752,691,83,0,0
23926721,1108,26,0,3,23954224,2118,26,0,0
24003634,931,26,0,1,24003421,1898,19,0,0
23927297,882,35,0,2,23901756,1364,45,0,0
23905543,1123,45,0,1,23923400,562,52,0,0
23978702,1480,29,0,1,23998523,940,26,0,0
23997806,305,54,0,12,23942196,1613,54,0,0
23932970,1000,53,0,1,23976722,945,95,0,0
23930556,692,34,0,3,23914284,1959,27,0,0
23974312,1481,37,0,9,23993718,1691,42,0,0
24008394,463,212,0,5,24038910,153,38,0,0
24048089,1622,52,0,1,23986811,1674,63,0,0
24040793,2034,47,0,3,23912334,567,102,0,0
23997637,951,19,0,5,24010261,1615,54,0,0
23982228,713,95,0,2,24025307,729,60,0,0
23949634,1259,41,0,12,24018606,1261,50,0,0
24003706,626,32,0,3,24001084,1054,30,0,0
23949411,1657,42,0,7,24026846,1241,35,0,0
23997132,1097,19,0,0,24016350,1946,57,0,0
23907909,647,41,0,5,23939782,1185,52,0,0
23957664,950,27,0,2,23929646,1458,57,0,0
23902519,305,22,0,11,23974775,706,61,0,0
24010830,1413,27,0,3,23927490,956,27,0,0
23980331,1071,44,0,1,23904362,114,40,0,0
23908276,719,41,0,3,24033738,844,54,0,0
23938730,1576,22,0,2,24018243,961,57,0,0
24020329,456,40,0,2,23899777,1092,33,0,0
23994563,1651,65,0,2,23935623,1999,27,0,0
23904262,1349,27,0,1,24048875,1108,45,0,0
23959650,863,25,0,3,23969778,813,56,0,0
23943993,948,35,0,1,24000823,1159,36,0,0
23989860,732,37,0,8,23953519,1660,92,0,0
23927172,344,52,0,1,23952546,997,24,0,0
23911728,1369,60,0,1,24007344,1008,47,0,0
23909910,904,84,0,5,23963300,1920,58,0,0
24000367,1485,45,0,0,24042760,1397,50,0,0
23991200,1671,37,0,2,23963824,1819,32,0,0
23993078,1962,28,0,2,23992820,959,73,0,0
23966569,1119,35,0,4,24000965,422,47,0,0
24005668,2298,25,0,0,23925755,669,43,0,0
23942912,387,52,0,4,23954761,600,57,0,0
23935520,272,70,0,3,23905853,442,41,0,0
23998193,850,46,0,0,23998785,1148,22,0,0
23910145,1147,60,0,2,23957632,893,20,0,0
24008148,402,43,0,11,23919637,1530,41,0,0
24029417,607,60,0,1,23928969,627,109,0,0
24010962,1810,25,0,4,23950167,1218,34,0,0
24001248,644,116,0,1,24036241,1497,25,0,0
24016373,1705,34,0,0,23941525,314,43,0,0
23912052,706,19,0,1,23995169,1586,93,0,0
23939333,673,57,0,1,23969728,1070,27,0,0
24051115,1523,21,0,8,23908788,1082,23,0,0
23955528,1310,47,0,1,24005199,209,46,0,0
23983741,934,35,0,7,23908900,2171,23,0,0
23968557,2494,28,0,2,23964862,1073,39,0,0
24014939,1878,53,0,2,24019223,1616,47,0,0
23999077,806,25,0,0,24019200,689,55,0,0
23939074,1674,26,0,0,24027227,681,35,0,0
23954640,851,65,0,5,23962645,974,36,0,0
24011767,582,49,0,0,23917957,1173,38,0,0
23955513,1150,74,0,4,23963956,1551,75,0,0
23991626,826,27,0,2,24039487,635,132,0,0
24000375,1707,28,0,1,24030350,2373,34,0,0
24026962,1846,41,0,7,23970607,1486,80,0,0
24002666,1250,38,0,3,24038284,733,23,0,0
23953278,1446,44,0,1,24015665,690,52,0,0
23909029,937,66,0,2,24016935,1282,35,0,0
23961841,1334,47,0,2,23934836,1638,27,0,1
24029840,691,18,0,3,23926903,2022,28,0,0
23987141,1309,41,0,2,23904857,1472,105,0,0
23915244,775,40,0,7,23932601,1887,287,0,0
24051006,875,42,0,9,23969040,1361,63,0,0
23932836,1303,65,0,1,23921353,655,56,0,0
23960085,953,71,0,1,23941139,1055,58,0,0
24008462,1668,42,0,0,23912260,443,37,0,0
23938083,607,17,0,4,23958732,989,22,0,0
23983327,684,72,0,1,23974746,930,42,0,0
23911400,682,33,0,0,23957767,1865,38,0,0
24018477,338,41,0,4,23950953,1244,39,0,0
23945420,669,22,0,5,23937988,1264,97,0,0
23942555,356,41,0,1,24050837,1988,28,0,0
23945949,1145,32,0,1,24044921,1640,24,0,0
23981679,1045,48,0,6,23995183,540,38,0,0
24018865,1177,31,0,0,23947043,1893,55,0,0
23964576,1619,55,0,1,24041589,749,50,0,0
23971653,1356,41,0,2,23923735,1091,48,0,0
23956948,936,55,0,2,23987194,598,39,0,0
24028020,1613,55,0,4,23959477,1185,47,0,0
23948711,1556,31,0,1,24033475,1611,104,0,0
23914453,1695,47,0,0,24018116,1553,27,0,0
23994070,328,34,0,0,24025732,1210,32,0,0
24020371,1692,66,0,0,23926499,1344,25,0,0
24004432,1504,68,0,0,23990328,980,36,0,0
24026101,671,42,0,0,23953658,1530,29,0,0
23993641,620,69,0,0,23936447,1673,34,0,0
23961181,1320,75,0,2,24038614,480,54,0,0
23973506,2294,45,0,4,23958090,1893,76,0,0
23965449,694,27,0,0,23946589,425,31,0,0
23972524,922,35,0,1,23942908,1419,38,0,0
23987117,2195,37,0,1,23991114,2111,53,0,0
23911119,2429,65,0,1,23912127,1162,73,0,0
23925477,818,30,0,1,23955484,324,37,0,0
24033745,1324,37,0,1,23975657,997,78,0,0
23955817,1292,22,0,3,23997918,1179,47,0,0
23945513,979,20,0,1,23954678,648,94,0,0
24038413,1484,20,0,5,24040662,1174,52,0,0
24037287,763,21,0,4,24007481,1630,67,0,0
24005438,757,18,0,0,23977518,860,28,0,0
23979428,1482,54,0,1,23922098,599,135,0,0
23981657,1260,35,0,1,23945877,157,79,0,0
24032125,1107,20,0,2,23961398,2118,41,0,0
23926390,997,24,0,2,24009117,1271,76,0,0
24017280,1064,32,0,3,23959491,913,24,0,0
23925734,477,69,0,2,24018823,472,87,0,0
24017145,1659,55,0,1,24025333,829,18,0,0
24018990,906,23,0,1,24002025,1930,41,0,0
24006938,1247,35,0,8,23982328,1007,91,0,0
24014668,964,56,0,1,23938869,1424,29,0,0
23921833,1307,39,0,5,24004930,1026,74,0,0
24021497,1067,44,0,0,24057347,1559,31,0,0
23927873,2489,42,0,2,23971923,1159,64,0,0
23979663,2066,41,0,1,23991296,854,25,0,0
23911366,675,59,0,1,23918278,1342,23,0,0
24045443,487,71,0,1,24024057,1147,33,0,0
23949967,1208,79,0,6,23928288,1360,40,0,0
24001044,944,42,0,3,23984809,671,28,0,0
23961809,848,94,0,1,23964121,1537,82,0,0
24001342,1717,48,0,0,24019563,1201,48,0,0
23996337,834,47,0,3,23948957,688,78,0,0
23917379,1132,55,0,1,23976075,1397,39,0,0
24001138,814,85,0,1,23915037,1449,69,0,0
23953859,2583,43,0,0,24021259,556,25,0,0
23982702,2114,85,0,4,23983253,1705,38,0,0
23975004,547,61,0,2,24046996,1858,85,0,0
24042810,956,44,0,1,24015881,2365,61,0,0
23929725,1166,101,0,1,23993137,651,41,0,0
24033713,2128,47,0,2,24030486,1082,53,0,0
23953940,931,132,0,12,23973768,1846,39,0,0
23991417,2122,37,0,0,24031327,1384,40,0,0
23971132,1054,35,0,3,23939880,977,61,0,0
23992325,1527,32,0,1,23954231,1786,40,0,0
23920577,348,65,0,1,24054051,549,44,0,0
23957346,1672,35,0,0,23968305,1037,27,0,0
23907279,1906,42,0,7,23996652,1492,23,0,0
23945800,1912,98,0,1,24004680,1234,45,0,0
23924877,614,61,0,1,23980969,578,224,0,0
23926195,1231,34,0,4,23944643,1263,49,0,0
23949654,1218,27,0,2,24051087,683,62,0,0
24022151,1996,16,0,3,24027645,1134,21,0,0
23946439,984,42,0,1,23941390,1185,97,0,0
23993800,152,33,0,4,23955686,1049,51,0,0
24018625,1251,49,0,2,23937050,554,60,0,0
23937823,431,39,0,4,23945306,2509,36,0,0
24059528,885,61,0,1,23944105,969,44,0,0
23915956,2186,37,0,3,23921242,839,52,0,0
23949594,456,66,0,1,23910602,487,22,0,0
24027032,793,40,0,0,24030379,1699,72,0,0
24036723,1855,46,0,1,23958668,1150,45,0,0
23999032,1615,37,0,7,24002967,2586,26,0,0
23937618,899,50,0,0,24057702,685,48,0,0
24038806,1083,36,0,0,23976369,1157,59,0,0
24020316,944,56,0,0,23976418,573,23,0,0
24002776,1466,18,0,5,23908609,398,124,0,0
24053368,223,79,0,1,23951922,1031,64,0,0
23982459,926,43,0,1,23914461,2292,82,0,0
23948511,477,42,0,2,23980726,2227,46,0,0
24044182,1264,28,0,2,23958197,1114,62,0,0
23940210,868,60,0,1,23923645,293,48,0,0
23919213,758,68,0,2,24049054,329,164,0,0
23928305,545,30,0,3,23976571,1173,79,0,0
24054020,1184,53,0,8,23929715,1414,42,0,0
24043076,1843,94,0,0,23921615,749,37,0,0
24001134,1164,18,0,1,23932014,731,38,0,0
24060279,419,89,0,2,23975717,1588,49,0,0
23981836,2046,44,0,2,24029037,200,50,0,0
24023237,1644,29,0,4,24043952,124,22,0,0
23939631,885,72,0,0,23971102,845,74,0,0
24023277,1243,43,0,12,23983119,1653,43,0,0
24042270,1198,26,0,0,23974994,559,55,0,0
23928178,742,57,0,2,24023411,970,64,0,0
23996097,2475,62,0,0,23961528,694,32,0,1
23978652,1147,31,0,0,24040183,1193,51,0,0
24061834,1168,82,0,2,24018468,1034,62,0,0
23943298,284,51,0,11,23948370,1780,48,0,0
23992884,1553,18,0,1,24043504,1769,49,0,0
23919126,1271,51,0,1,24033017,1310,39,0,0
23966952,652,42,0,5,24027964,241,96,0,0
23982322,726,21,0,3,24031001,1301,94,0,0
23947635,1189,52,0,1,23933861,211,37,0,0
24037760,688,44,0,1,24010096,1309,55,0,0
23924265,1843,64,0,4,24043015,767,24,0,0
24007052,1460,52,0,2,23984034,1297,55,0,0
24033358,686,44,0,9,23913595,611,103,0,0
24060351,1381,31,0,3,23929849,1179,18,0,0
23963850,888,44,0,0,23999674,463,65,0,0
24044708,470,60,0,1,24002700,716,23,0,0
24022001,916,29,0,6,24001854,731,28,0,0
23932260,1397,72,0,1,23971590,675,77,0,0
24003667,474,63,0,1,24012662,910,37,0,0
24020630,960,56,0,4,24003388,1255,33,0,0
24014611,1481,45,0,0,23956169,1148,46,0,0
24027664,1450,108,0,2,23937667,282,37,0,0
23977370,1512,41,0,1,23986029,1180,68,0,0
23980626,1894,30,0,5,24038234,610,48,0,0
24001853,798,35,0,3,24046489,568,43,0,0
24030931,1786,36,0,1,24016453,562,81,0,0
24036830,1148,66,0,0,23910842,1454,65,0,0
23938057,382,45,0,3,23988238,1472,31,0,0
24018499,1213,32,0,2,24002068,1491,28,0,0
23979825,1140,58,0,3,24025228,938,37,0,0
24060955,885,35,0,8,24026780,869,88,0,0
23976817,1355,17,0,0,23945682,751,37,0,0
23959725,1007,30,0,3,23933158,1882,63,0,0
24045002,380,57,0,2,24042195,1649,93,0,0
24053606,298,77,0,3,23976916,624,66,0,0
24047995,2156,42,0,2,23979381,888,40,0,0
24042849,803,28,0,3,24009353,1933,53,0,0
23977211,871,81,0,0,24056361,1023,42,0,0
24020958,1738,36,0,0,23947960,2124,30,0,0
23969651,1904,31,0,0,23923348,502,60,0,0
23973895,1176,45,0,4,24046627,1431,63,0,0
23917663,998,32,0,3,23916316,1013,156,0,0
23945031,1596,23,0,1,24051733,704,53,0,0
23920916,243,35,0,1,23938370,1070,57,0,0
24013098,1371,70,0,1,24053727,1022,49,0,0
23921069,1187,24,0,0,24019319,1650,57,0,0
24014047,1587,24,0,0,23913362,897,48,0,0
23988847,523,36,0,3,23968679,1411,52,0,0
23960653,735,96,0,3,23956374,769,76,0,0
24033721,1916,38,0,5,23938128,1653,29,0,0
23971805,1098,60,0,1,24056757,1184,41,0,0
24011680,1329,43,0,3,24027318,981,66,0,0
23986969,811,87,0,2,24010340,1115,70,0,0
23972358,2198,33,0,1,24006310,932,72,0,0
24041869,414,47,0,0,23914518,887,48,0,0
23975983,1693,33,0,2,23984787,1613,26,0,0
23958974,507,95,0,6,24004280,1717,37,0,0
24021667,1494,41,0,2,23985223,1508,28,0,0
24028004,1970,24,0,2,24015517,2469,31,0,0
24062669,1167,77,0,2,24042755,1537,69,0,0
24024577,1647,38,0,0,24041051,1614,54,0,0
23964732,1733,58,0,0,23984547,764,31,0,0
23950019,316,67,0,2,23957352,1650,43,0,0
23945211,2269,326,0,1,24018077,358,37,0,0
24031330,170,33,0,2,24059679,893,33,0,0
24065260,1430,31,0,2,23913817,1473,68,0,0
23925121,1941,24,0,2,23964331,956,65,0,0
23959775,690,93,0,7,23988605,1554,52,0,0
24015372,877,70,0,0,24017370,2134,30,0,0
23954593,983,28,0,3,23933988,724,44,0,0
24020375,1479,56,0,0,23919302,1200,43,0,0
23977320,1696,39,0,6,23968227,2592,30,0,0
24010984,209,18,0,2,24025417,392,25,0,0
23976968,423,45,0,4,23994073,605,87,0,0
24044079,1467,41,0,6,24003275,1114,69,0,0
23963744,1903,63,0,1,23932408,856,65,0,0
24014125,1888,20,0,6,24048345,1205,18,0,0
23965074,256,113,0,1,23943224,661,77,0,0
23939984,839,44,0,1,23944882,1106,38,0,0
24011233,1800,23,0,0,23925407,564,77,0,0
24046838,1806,96,0,5,23945138,1359,59,0,0
24057097,1371,43,0,0,23982858,1069,41,0,0
23960591,663,42,0,1,23962424,1563,91,0,0
23936997,1156,17,0,1,23984710,862,21,0,0
24037665,1624,43,0,1,23952485,1711,38,0,0
24055042,1451,51,0,2,23916786,919,45,0,0
24023197,2334,31,0,1,23928576,1344,45,0,0
24044951,1584,43,0,3,23916161,942,108,0,0
23938621,1013,47,0,3,23919484,898,15,0,0
23923518,957,55,0,7,24048332,947,46,0,0
23972671,394,64,0,3,23982093,888,55,0,0
24042563,1597,26,0,6,23939876,2091,64,0,0
23995916,1216,41,0,3,24009126,1876,42,0,0
24006774,1244,32,0,2,24060559,1457,43,0,0
24024231,1517,102,0,4,24058677,1386,26,0,0
23969129,936,31,0,1,24023569,959,48,0,0
24059100,951,43,0,1,24009237,600,20,0,0
24063744,1699,80,0,5,24044507,1163,41,0,0
24036441,1156,93,0,0,23969594,1162,33,0,0
24035558,1486,47,0,1,23955715,644,56,0,0
23974639,620,42,0,3,24023863,1460,48,0,0
24004981,2381,31,0,4,24063060,1180,64,0,0
23968559,856,73,0,0,24018266,818,59,0,0
23936017,1018,44,0,3,23932685,734,26,0,0
23965238,1606,78,0,2,23915184,1331,54,0,0
23986608,1599,55,0,3,24012795,897,26,0,0
23948672,313,55,0,2,24066003,1136,63,0,0
23977369,1189,57,0,2,23951866,1195,69,0,0
23989400,1159,55,0,3,23963478,991,111,0,0
23958597,938,30,0,0,23957087,1291,21,0,0
24059595,2066,38,0,0,23951881,2297,63,0,0
24010033,1506,42,0,0,24002271,290,55,0,0
23980949,1155,46,0,3,23967732,1998,53,0,0
23988686,1410,34,0,4,23981658,1606,38,0,0
23986764,1294,36,0,4,24034501,1079,26,0,0
24019485,1527,47,0,7,24067630,1885,45,0,0
23976381,2395,28,0,2,24009814,1191,47,0,0
23929917,2441,21,0,1,23918000,2077,25,0,0
24038340,1462,42,0,0,24016590,837,35,0,0
23943023,434,16,0,2,23974580,1685,33,0,0
23962654,788,43,0,0,24023733,631,54,0,0
24022123,536,26,0,6,23922312,695,26,0,0
23931703,552,50,0,5,23937653,861,27,0,0
23952734,302,48,0,0,24038139,219,44,0,0
24041478,374,41,0,0,23990257,2335,28,0,0
24007638,997,63,0,3,24028651,878,312,0,0
23960305,633,29,0,6,23981095,233,49,0,0
24035920,248,57,0,0,23925386,1409,39,0,0
23950256,1774,29,0,2,23925905,1103,44,0,0
23977412,1465,63,0,0,23981994,1666,41,0,0
24024585,688,30,0,2,24011678,822,29,0,0
23958804,2464,29,0,6,23949525,912,31,0,0
24043466,1643,32,0,3,24036401,932,38,0,0
24064381,671,70,0,2,23988766,898,27,0,0
24006282,1454,51,0,1,23953609,1505,57,0,0
23997014,900,136,0,0,24012417,1649,50,0,0
23990888,415,60,0,1,24067871,1366,93,0,1
24044407,1057,38,0,1,24055538,1279,89,0,0
24036464,1148,19,0,1,23957960,723,54,0,0
23965789,1124,36,0,2,23972022,1716,33,0,0
23928499,1730,41,0,0,24022269,918,73,0,0
23978325,1171,46,0,6,23940236,868,40,0,0
24015511,1490,43,0,0,23972138,918,70,0,0
23958263,1220,27,0,0,23925188,839,33,0,0
23966759,746,86,0,2,23939757,1075,33,0,0
23964530,733,64,0,3,23928481,289,110,0,0
24003121,1094,66,0,0,24001804,728,39,0,0
23947214,2194,23,0,0,23946821,2335,85,0,0
23940852,1033,65,0,1,23999649,1677,34,0,0
24061357,1794,37,0,3,24001156,624,49,0,0
23944000,1133,43,0,1,24046145,719,46,0,0
23948798,1564,44,0,1,24015442,782,91,0,0
24066512,949,63,0,6,24018457,824,23,0,0
24027879,909,89,0,4,23980647,1696,31,0,0
23954029,895,41,0,1,23988654,453,41,0,0
23964041,1525,41,0,0,23935910,859,27,0,0
23971448,680,25,0,6,23941068,1786,314,0,0
23958927,1430,120,0,0,24049681,213,59,0,0
23956217,1267,35,0,0,23923146,1981,29,0,0
24058735,100,107,0,5,23933638,1024,60,0,0
23974042,1096,25,0,0,24024069,156,35,0,0
24068355,2011,25,0,13,23921347,2165,49,0,0
24057713,549,102,0,1,24013906,1434,48,0,0
24032891,863,104,0,1,23966905,1654,91,0,0
24049176,989,123,0,3,24056366,1723,20,0,0
23989379,2188,28,0,3,24027805,968,43,0,0
24068395,1040,27,0,4,23999258,711,28,0,0
24029494,740,61,0,1,24050754,1198,64,0,0
23970406,952,38,0,4,23923276,1852,43,0,0
23939002,605,85,0,6,23979064,1469,65,0,0
23944597,634,111,0,2,24019991,634,40,0,0
23923985,1257,60,0,0,23924498,2305,52,0,0
23987802,1237,47,0,3,23951953,611,24,0,0
23991144,1572,27,0,1,23969029,1746,36,0,0
24022814,785,48,0,0,23956786,967,49,0,0
24045666,1850,50,0,0,23985120,583,76,0,0
24038294,652,89,0,2,24016542,1042,51,0,0
24001518,978,48,0,1,23933321,1020,27,0,0
24047542,1668,28,0,3,23966907,1022,93,0,0
24001901,548,29,0,3,23925583,1507,44,0,0
24071533,1022,23,0,2,24010277,628,68,0,0
23993066,976,40,0,1,23989582,432,18,0,0
24005906,141,62,0,1,24000275,2107,36,0,0
24068296,594,60,0,1,24065308,1114,30,0,0
23952121,1966,66,0,0,23970656,843,38,0,0
23959849,1227,80,0,0,24021506,1635,40,0,0
23951200,927,35,0,3,23949673,1175,41,0,0
24023361,1168,49,0,2,23990462,633,39,0,0
24073609,675,50,0,6,23983893,552,44,0,0
24072909,1751,44,0,5,24060777,1436,126,0,0
24068621,1654,34,0,1,23980648,2672,33,0,0
24029898,1397,87,0,1,23938856,1098,22,0,0
24067570,1500,18,0,0,24070481,745,41,0,0
24074350,895,38,0,2,24060833,1844,59,0,0
24068146,1417,45,0,1,23978814,1237,61,0,0
23992863,1399,42,0,6,23946930,527,42,0,0
23938788,1218,76,0,1,23959801,1994,61,0,0
23960772,1564,40,0,0,24052402,1242,36,0,0
23923808,1170,47,0,4,24034146,1866,18,0,0
23973438,441,50,0,4,24060301,447,52,0,0
23998398,440,39,0,4,23941581,1993,34,0,0
23993057,1555,28,0,3,23925939,144,23,0,0
23979604,1604,105,0,1,23971325,999,29,0,0
24068225,1006,187,0,0,24040036,904,18,0,0
23935754,1077,50,0,2,23936331,761,33,0,0
24043649,473,17,0,5,24074636,1111,39,0,0
24010376,801,50,0,1,23986074,898,48,0,0
23953130,1673,54,0,0,24024322,732,62,0,0
23974989,611,28,0,1,24016092,1011,69,0,0
23938899,687,32,0,0,23949571,855,63,0,0
23955071,1667,53,0,0,24029764,1950,26,0,0
23923593,629,44,0,2,24062477,1920,40,0,0
23992223,735,48,0,6,23941851,1545,31,0,0
24072022,1275,37,0,1,24017157,1733,44,0,0
24064823,1895,58,0,0,23999868,2180,55,0,0
24045686,1161,24,0,3,23999000,721,35,0,0
23968603,1692,51,0,1,23959779,704,66,0,0
23946052,1036,21,0,2,23924234,1750,103,0,0
23999319,2150,39,0,3,23951946,887,40,0,0
23976196,751,41,0,1,23980781,960,29,0,0
24004281,1121,29,0,1,24063724,1150,58,0,0
24016653,1337,26,0,0,24012552,1814,29,0,0
23932868,1034,21,0,1,23988340,1119,40,0,0
24055690,2432,63,0,0,23956763,1037,28,0,0
24059440,560,90,0,3,24035428,1302,46,0,0
23995347,633,76,0,0,24070076,667,18,0,0
23992206,1647,40,0,6,24034397,974,47,0,0
23981436,1241,36,0,1,23992286,2128,48,0,0
23950312,894,42,0,0,24039393,923,36,0,0
23930572,997,37,0,2,23990662,1447,59,0,0
23961712,1059,42,0,0,24015590,849,53,0,0
23985030,706,60,0,3,23931778,230,36,0,0
23952952,1124,102,0,2,23987944,1332,41,0,0
23987182,745,43,0,5,24062230,1419,52,0,0
23950920,987,74,0,0,24049701,1367,70,0,0
23926256,1504,34,0,2,24040761,1108,83,0,0
23947342,1890,44,0,2,23940563,1305,64,0,0
23981388,1339,36,0,0,24049346,1120,40,0,0
24038349,443,54,0,1,23978842,1794,68,0,0
24066920,1131,38,0,3,24000621,2102,22,0,0
24067649,1727,33,0,4,23972678,783,112,0,0
24077942,1071,84,0,1,24040702,2075,76,0,0
23948376,1802,28,0,1,24035826,1639,50,0,0
23976292,626,57,0,2,24010835,906,40,0,0
24032001,790,33,0,3,24070277,816,33,0,0
24030869,1384,44,0,0,23957128,480,81,0,0
23946626,2108,23,0,1,24018267,840,41,0,0
24022879,663,42,0,7,23972257,2049,36,0,0
24067179,1161,32,0,4,24016971,860,58,0,0
24039547,799,56,0,4,24026016,1057,74,0,0
23945846,161,63,0,3,23973405,1162,116,0,0
24031743,2607,38,0,0,24029772,1604,29,0,0
23988289,554,50,0,0,24012121,838,45,0,0
23998320,2068,25,0,0,23971509,787,50,0,0
23940375,1835,65,0,1,23984096,1241,69,0,0
24029514,1288,109,0,2,24043707,777,31,0,0
24053621,2205,20,0,0,23993142,1655,35,0,0
24044240,1220,30,0,10,24008620,776,35,0,0
23937852,577,54,0,0,23944555,2272,49,0,0
24078825,1734,11,0,2,23957850,1963,43,0,0
23968461,898,37,0,10,23947579,788,52,0,0
24056320,347,23,0,2,23944714,930,78,0,0
24042297,1119,53,0,1,24061704,1993,82,0,0
24025621,542,61,0,3,24026943,1135,46,0,0
23959719,1416,18,0,0,24058898,872,45,0,0
24033880,717,50,0,2,23967573,605,94,0,0
24006800,934,74,0,7,24030501,686,58,0,0
24049630,1434,34,0,0,23984260,813,129,0,0
24059171,863,41,0,3,23940602,371,56,0,0
23982289,789,30,0,4,23927710,681,40,0,0
24055751,902,108,0,1,23932723,378,30,0,0
24043024,1001,44,0,0,24079141,730,37,0,0
24045738,992,48,0,2,23956410,988,26,0,0
24051421,854,29,0,0,23943712,1103,42,0,0
24001280,2148,32,0,3,24071781,1917,36,0,0
23928417,1366,36,0,2,24017234,1583,25,0,0
23950205,2206,28,0,2,24033132,1161,18,0,0
24030899,754,37,0,1,24066610,2252,40,0,0
24050951,570,14,0,2,24039962,1903,17,0,0
23947864,1430,103,0,6,24002943,346,82,0,0
24022157,523,52,0,0,24059016,1889,17,0,0
24074832,1429,33,0,2,24001053,721,35,0,0
23953661,1677,26,0,1,24045830,2598,59,0,0
24051018,671,24,0,20,23947695,1369,65,0,0
24036966,1022,33,0,4,23986597,1361,64,0,0
24004445,1473,27,0,3,23936892,704,54,0,0
23980273,852,41,0,4,24067922,1358,46,0,0
23987198,833,50,0,1,23966359,2343,62,0,0
24066460,1188,24,0,5,23991139,1163,22,0,0
23945740,1420,68,0,1,24080284,1313,63,0,0
23939278,1345,38,0,2,24065795,2197,103,0,0
23975472,660,80,0,1,24049891,435,21,0,0
23940335,1191,47,0,0,24037095,1861,42,0,0
24001437,1664,25,0,2,24063172,1768,25,0,0
23939814,1272,22,0,3,24078910,2381,61,0,0
23986334,1200,32,0,0,23979719,1454,83,0,0
23929005,626,92,0,3,24015056,1559,38,0,0
24033213,886,34,0,2,24008869,1110,94,0,0
23984261,1738,14,0,2,23988123,1403,28,0,0
23985567,1063,41,0,0,24066032,492,66,0,0
24014844,1205,46,0,1,24075039,532,75,0,0
24000481,1199,42,0,3,23996888,696,57,0,0
23972094,654,31,0,0,24077642,1990,37,0,0
23975290,1061,75,0,2,24051623,1369,102,0,0
23996457,136,60,0,0,23955077,546,185,0,0
24013758,1302,14,0,1,24035599,767,51,0,0
23944302,645,34,0,1,23969607,308,58,0,0
23946344,2458,69,0,2,24064079,592,376,0,0
23979679,1514,66,0,2,24019493,1153,56,0,0
23960249,730,21,0,1,23992352,1047,37,0,0
24045393,1030,61,0,3,24011045,130,23,0,0
23944753,634,26,0,7,23991553,759,32,0,0
24035055,1001,20,0,2,24070317,833,19,0,0
24014402,1144,44,0,3,23998015,1088,23,0,0
23980998,986,62,0,0,24004198,1453,42,0,0
24048310,889,56,0,1,24063491,1345,36,0,0
24000548,635,21,0,2,23946295,808,130,0,0
24046702,307,135,0,0,23991412,655,23,0,0
23970473,1353,37,0,1,24060141,353,63,0,0
24063884,623,23,0,2,23957829,480,38,0,0
23969166,822,125,0,3,24001263,823,48,0,0
24026607,385,50,0,1,23946938,376,85,0,1
24068832,644,84,0,1,24074539,941,55,0,0
24007784,681,45,0,4,24048249,1740,43,0,0
23970957,1471,37,0,0,23971465,985,45,0,0
24025433,1371,45,0,0,24021733,394,73,0,0
24052833,1649,33,0,1,24005665,1036,38,0,0
23969209,348,88,0,6,23950439,1002,42,0,0
24014216,995,28,0,11,23999021,1633,51,0,0
23972765,1404,41,0,0,24031797,830,37,0,0
24024179,1358,21,0,0,23936274,445,82,0,0
23937962,788,55,0,2,23934287,850,31,0,0
23984333,678,38,0,1,24076797,590,28,0,0
24004665,1798,36,0,3,23993218,1193,47,0,0
24007945,1204,18,0,0,23980380,2004,67,0,0
23980959,1180,22,0,10,24077963,1771,78,0,0
23961823,1293,63,0,1,23963823,1068,47,0,0
23937291,2270,28,0,0,24010428,1400,56,0,0
24025966,1106,66,0,1,23940875,1654,59,0,0
23935636,1828,84,0,0,24073935,1340,60,0,0
24051357,1345,57,0,1,24068330,706,190,0,0
24064982,695,90,0,1,23985321,914,59,0,0
24018984,1449,55,0,1,24057200,337,64,0,0
23960518,1143,32,0,8,23974417,989,31,0,0
24030708,703,62,0,1,23975514,1532,38,0,0
24031065,308,83,0,0,23983641,1385,29,0,0
23956424,391,25,0,1,23997682,577,45,0,0
24030758,1966,24,0,6,24078882,1254,126,0,0
23933912,1780,34,0,3,24081376,1983,30,0,0
24002885,1599,28,0,0,23973228,2166,33,0,0
23993713,1194,80,0,1,24011955,1486,50,0,0
23976514,648,27,0,0,23990277,1136,34,0,0
24010845,1303,71,0,3,24061746,381,31,0,0
24078172,1329,56,0,2,24037644,1726,57,0,0
24064499,1342,47,0,2,24021195,1002,28,0,0
24073876,866,51,0,3,24020079,529,43,0,0
24063360,1542,48,0,1,23937393,1208,63,0,0
23962576,1487,47,0,8,24065708,1775,71,0,0
23982467,1186,30,0,4,24070045,1084,30,0,0
23949410,907,30,0,1,23960366,509,74,0,0
23967889,1655,31,0,2,24048370,1590,75,0,0
23968635,1728,30,0,5,23945251,1006,67,0,0
23975229,1146,36,0,1,24015033,630,35,0,0
23968443,474,51,0,3,23987706,623,39,0,0
23943040,664,21,0,1,23934362,434,51,0,0
23989257,1340,48,0,4,24062001,453,15,0,0
23990463,681,69,0,0,24003848,802,31,0,0
24068456,2442,22,0,0,24075907,2380,68,0,0
24077074,1432,55,0,0,24031283,736,42,0,0
24003153,778,88,0,1,23953987,444,57,0,0
23986783,778,28,0,0,23980267,1508,53,0,0
23982644,1519,29,0,4,24010027,1363,39,0,0
23972956,369,91,0,6,23989706,923,39,0,0
23936141,870,48,0,2,24014774,936,83,0,0
23944492,983,39,0,0,24033431,351,109,0,0
23978521,804,72,0,0,23980729,1088,37,0,0
23937713,1861,33,0,0,23963111,392,272,0,0
24023214,680,38,0,5,24067565,288,72,0,0
23957313,1238,43,0,2,23959157,1427,77,0,0
24024497,1794,35,0,1,24025340,1174,48,0,0
24050315,1711,41,0,2,24021654,701,87,0,0
23992012,509,177,0,1,23945755,913,56,0,0
24074245,1085,92,0,0,23979054,502,36,0,0
24042377,623,109,0,0,23976157,1545,35,0,0
23937448,305,48,0,2,24006552,986,45,0,0
23988279,1159,24,0,1,23942771,1677,77,0,0
24050108,1264,24,0,2,24064185,507,50,0,0
24075756,912,37,0,2,24062004,983,61,0,0
23966806,1149,41,0,1,24036475,1258,37,0,0
23992124,1679,48,0,1,24083301,1841,66,0,0
24030136,448,49,0,4,24067640,1313,204,0,0
23955979,387,54,0,0,24078816,2150,30,0,0
24005968,843,128,0,6,23988078,1679,62,0,0
24018595,1510,25,0,1,23983341,911,40,0,0
23973518,1608,29,0,2,23987225,2106,63,0,0
23970211,1132,30,0,2,24021258,1107,34,0,0
24043696,971,209,0,3,24021746,988,43,0,0
23981871,969,27,0,4,23974190,447,73,0,0
24070926,1590,32,0,0,24080536,373,26,0,0
24004929,1468,45,0,3,24085383,1124,47,0,0
23991081,379,81,0,0,24014351,530,91,0,0
24041840,1323,81,0,1,23977911,617,78,0,0
24078603,1186,40,0,6,24015012,1244,28,0,0
24019360,831,89,0,0,24009393,368,47,0,0
24002904,1672,58,0,0,23944955,775,56,0,0
24072873,1706,15,0,6,24011089,881,66,0,0
23955383,443,85,0,1,24054340,1001,15,0,0
24047367,1259,41,0,2,24039400,1697,61,0,0
24010818,2187,58,0,3,24048543,273,108,0,0
24078740,394,62,0,1,24037158,930,28,0,0
23959389,2315,66,0,6,23951806,1057,60,0,0
24007471,1641,39,0,1,23980856,734,36,0,0
24004296,240,155,0,0,23956104,1266,76,0,0
24045953,646,50,0,3,24052647,1629,25,0,0
24080837,659,27,0,2,24070155,2625,25,0,0
23972585,1522,54,0,0,24046053,190,29,0,0
24078148,826,39,0,2,24079164,1648,27,0,0
24077345,1178,64,0,1,24004738,1645,27,0,0
23977529,1208,44,0,1,24034589,2289,59,0,0
24086425,1056,91,0,11,24060344,1793,31,0,0
23984365,2137,41,0,5,23998180,2191,20,0,0
24018314,821,55,0,3,23996854,623,60,0,0
24085725,1626,65,0,7,24028354,366,257,0,0
23944298,615,49,0,1,23948150,1529,35,0,0
24046050,928,74,0,2,24002512,2596,70,0,0
24014587,1166,46,0,0,23997568,1089,40,0,0
24065483,1158,46,0,13,23966756,1910,48,0,0
24000101,2347,44,0,4,24001448,768,39,0,0
24009580,312,37,0,3,24025013,656,44,0,0
23998799,537,32,0,1,23980394,949,54,0,0
23947685,1459,103,0,2,23987870,1636,59,0,0
23998781,1206,94,0,4,24011011,897,37,0,0
24038871,812,21,0,2,23979327,1120,34,0,0
24061707,760,61,0,5,23986467,614,33,0,0
24048781,1574,39,0,5,24083376,707,55,0,0
24064624,1252,63,0,8,24084322,1616,36,0,0
23981615,236,38,0,1,23975617,759,57,0,0
24039591,1695,66,0,3,24001153,1599,25,0,0
23987715,538,76,0,4,23981101,687,81,0,0
24031109,881,56,0,9,23988476,1592,85,0,0
24061822,1935,27,0,0,23976832,725,26,0,0
24018530,1166,27,0,2,24051244,610,76,0,0
24014104,992,32,0,2,23968065,1601,29,0,0
24002749,995,40,0,1,23939638,1032,48,0,0
23968418,294,28,0,1,24037671,815,87,0,0
24031835,1206,35,0,2,24044454,588,27,0,0
24085441,321,42,0,8,24052206,690,21,0,0
24079346,1055,55,0,0,23966106,940,38,0,0
23966314,2429,120,0,1,23967234,1489,65,0,0
24076148,861,95,0,7,24041740,422,81,0,0
24000271,608,46,0,1,23967045,381,50,0,0
23982126,623,29,0,0,23981830,352,38,0,0
23958445,1324,38,0,5,24063409,691,66,0,0
23942470,827,75,0,0,23963608,573,42,0,0
24010385,486,54,0,0,23972596,386,67,0,0
24088034,864,45,0,4,24005166,1979,40,0,0
23999781,930,55,0,2,23998300,940,47,0,0
24081727,1786,56,0,2,23966925,1009,37,0,0
24068035,587,77,0,8,24082009,801,95,0,0
24012058,2134,27,0,4,23950434,658,51,0,0
24069938,1149,86,0,5,23969432,1601,44,0,0
23947982,1606,41,0,3,23946370,344,43,0,0
23959866,1735,22,0,2,23976650,347,41,0,0
23950005,1688,32,0,0,24068591,906,85,0,0
24068100,2581,21,0,0,24081337,351,39,0,0
24024607,225,28,0,1,24000528,1652,42,0,0
23991407,1071,40,0,0,24043608,542,38,0,0
23946744,983,35,0,0,24058060,1533,32,0,0
24025082,553,29,0,1,23959376,906,54,0,0
23971336,992,27,0,0,23969836,1483,36,0,0
23962614,102,68,0,2,24022205,693,41,0,0
24048597,1279,31,0,1,24008229,1192,38,0,0
24001574,570,31,0,1,23975494,938,209,0,0
23949444,964,38,0,0,23993028,735,81,0,0
23964831,630,56,0,1,23954222,330,28,0,0
23949772,1325,27,0,0,23989698,773,59,0,0
24004526,640,53,0,1,24064513,2003,16,0,0
24053378,1631,22,0,4,23972970,1118,14,0,0
23992167,1130,61,0,3,24023877,815,27,0,0
23985557,899,80,0,1,24083068,1229,23,0,0
23953588,700,32,0,1,24068560,1814,56,0,0
23947633,1453,51,0,7,24023604,453,30,0,0
24025597,839,34,0,3,24046123,674,51,0,0
23984066,1912,66,0,3,24049670,1392,52,0,0
23989114,1648,58,0,0,24065016,1685,23,0,0
24069136,1538,37,0,3,24062289,894,16,0,0
24021940,1174,81,0,2,24012828,1929,46,0,0
24024000,402,54,0,1,24036596,385,57,0,0
24092883,1971,46,0,1,24038049,678,71,0,0
24038752,696,23,0,5,24088725,938,32,0,0
24074437,1891,16,0,3,24059664,415,39,0,0
24032539,1423,36,0,2,24081368,1224,103,0,0
24074489,369,63,0,1,23948756,1001,31,0,0
24060241,1956,25,0,1,24001721,1902,46,0,0
24069256,675,53,0,1,24018239,1599,50,0,0
23973718,1131,75,0,3,23961567,2107,42,0,0
23989688,935,75,0,6,24066852,1163,37,0,0
24001382,1932,22,0,8,24051716,1114,41,0,0
23951961,478,47,0,1,24004723,966,36,0,0
24008743,1652,39,0,0,24088641,1082,31,0,0
24010297,1869,50,0,7,24060024,1316,62,0,0
24061580,1336,16,0,0,24027872,2495,53,0,0
24055102,1697,41,0,2,23984006,685,34,0,0
24069901,1364,36,0,2,24069887,471,42,0,0
24069881,597,34,0,6,24018567,868,74,0,0
24026622,642,38,0,2,23965162,793,45,0,0
23990488,442,21,0,1,24040505,880,49,0,0
24007432,713,26,0,1,24074480,1111,60,0,0
24046420,1297,67,0,1,23967363,1824,39,0,0
24039908,789,71,0,1,24067292,2454,39,0,0
23974518,867,210,0,0,23952446,1445,37,0,0
24044926,1669,42,0,1,24064498,603,42,0,0
24038948,1283,61,0,3,24065394,1866,63,0,1
23976151,1588,43,0,1,23963970,1163,73,0,0
23961669,1043,29,0,1,23980735,1650,29,0,0
24058034,642,33,0,3,24046389,211,33,0,0
23954658,400,175,0,0,24060622,1863,46,0,0
23974700,1346,32,0,3,23983054,811,21,0,0
24070581,2173,33,0,2,24043742,2300,30,0,0
23949776,2017,19,0,0,24079457,1232,15,0,0
23963759,246,66,0,8,24031815,1594,20,0,0
23956171,940,58,0,5,24008124,2515,65,0,0
24004003,1498,40,0,1,24081082,597,17,0,0
24055741,1616,31,0,5,24091734,2236,42,0,0
24090649,719,17,0,3,23947760,687,74,0,0
23998148,1370,27,0,1,23968579,1744,53,0,0
23975123,1007,52,0,4,23994746,754,47,0,0
24078836,1289,49,0,0,23971169,1164,53,0,0
24000134,1307,58,0,2,24032944,1102,33,0,0
24094047,1474,29,0,0,23998620,610,32,0,0
24051963,674,65,0,8,24002777,1504,49,0,0
23956130,881,46,0,3,23962302,890,66,0,0
24086240,646,27,0,1,24080113,1943,36,0,0
24082103,2105,38,0,6,24036649,962,44,0,0
24027459,1180,51,0,1,24067894,874,29,0,0
24054791,749,68,0,5,24043966,960,35,0,0
23956995,2096,49,0,3,24030787,1763,64,0,0
24075899,1338,34,0,2,24070419,322,71,0,0
23964410,275,61,0,0,23966761,911,58,0,0
24001884,2184,47,0,3,23976695,910,35,0,0
23987048,1052,45,0,2,24033035,1817,25,0,0
23994213,251,111,0,2,23968656,300,85,0,0
24044828,1640,37,0,2,23971752,696,27,0,0
24054625,1276,53,0,3,24075108,2591,27,0,0
24062603,991,49,0,6,24019517,1652,39,0,0
23974347,1380,26,0,1,24010687,1629,22,0,0
24006840,318,39,0,3,23949917,944,26,0,0
23995512,555,131,0,0,23985960,344,40,0,0
23989240,1116,54,0,1,23997656,1900,39,0,0
24038119,2363,41,0,3,24021703,1232,30,0,0
24030986,874,37,0,2,23970678,1421,68,0,0
24092759,1988,69,0,3,24070403,1553,24,0,0
24074930,1433,61,0,1,24017658,1838,65,0,0
23957293,912,32,0,2,24048438,959,58,0,0
23951488,664,31,0,1,24041005,751,140,0,0
23978350,1203,55,0,1,24094702,1281,57,0,0
24031634,548,31,0,3,24075219,1276,38,0,0
24049335,724,27,0,0,24062912,951,68,0,0
24094364,1776,24,0,1,23994723,852,102,0,0
24023055,303,27,0,2,23966973,813,46,0,0
24060473,634,51,0,0,24012301,1216,96,0,0
24068863,989,44,0,3,23964473,806,21,0,0
23993001,1022,44,0,2,23955205,1741,24,0,0
23964161,800,88,0,0,24085452,1418,49,0,0
24053238,248,231,0,4,24080932,1735,30,0,0
23968587,986,51,0,1,24055144,1165,59,0,0
24092642,1610,119,0,5,23967156,1509,54,0,0
24083101,1186,46,0,3,24028278,759,59,0,0
24079238,1820,21,0,0,24053610,485,88,0,0
24003262,1073,44,0,3,24057386,1011,125,0,0
23975674,2149,37,0,2,24095515,243,55,0,0
24084301,1655,69,0,0,24060137,1677,64,0,0
23979486,342,42,0,1,23970681,941,60,0,0
24015400,997,47,0,3,24082873,1259,65,0,0
24013097,255,69,0,2,24019696,1102,44,0,0
24025530,682,68,0,0,24030057,1372,19,0,0
24055569,1145,44,0,2,24031201,1257,37,0,0
23950923,1227,33,0,1,24067213,671,41,0,0
24096550,455,20,0,2,24032779,428,67,0,0
23966908,1426,25,0,1,24021861,488,82,0,0
23957568,678,32,0,0,23953458,802,93,0,0
23962032,738,32,0,1,24043227,1402,79,0,0
23962971,802,32,0,1,24074228,256,45,0,0
24028199,1100,87,0,3,23983058,1558,60,0,0
23999291,1989,44,0,4,24095928,1061,59,0,0
24027626,988,59,0,1,24004608,2103,57,0,0
23950566,1365,52,0,2,23963603,779,60,0,0
24095378,1397,55,0,6,23974092,1847,49,0,0
24065622,1266,36,0,1,24099792,1612,40,0,0
24068410,1465,50,0,3,24019390,1102,89,0,0
24061225,999,34,0,11,23967537,1641,29,0,0
24054734,1048,61,0,3,24015816,1153,45,0,0
24007888,864,68,0,2,23988937,1897,45,0,0
23973433,202,92,0,5,24031128,2233,66,0,0
23955589,1653,46,0,0,24088177,1301,50,0,0
24091264,1169,51,0,1,24093903,706,17,0,0
24095104,861,70,0,3,23992722,316,46,0,0
24035021,1401,50,0,1,24079836,1561,38,0,0
24069744,1983,49,0,6,24002117,2163,41,0,0
23991063,644,62,0,1,24055670,676,30,0,0
24096128,672,81,0,3,23953129,1235,57,0,0
24010491,1137,23,0,3,24093204,1226,23,0,0
23956284,1035,42,0,4,24004631,1183,38,0,0
24088297,1391,57,0,2,24073265,1569,44,0,0
24049643,2055,32,0,1,24027840,559,67,0,0
24011586,609,38,0,3,23976774,770,51,0,0
24003747,1166,36,0,0,24025544,809,42,0,0
24056306,616,82,0,0,24097853,830,51,0,0
24061478,108,35,0,0,24026172,1178,128,0,0
23983812,2250,46,0,1,24049902,2350,48,0,0
24079378,878,45,0,4,24101222,675,67,0,0
23976602,845,54,0,0,24003711,801,44,0,0
23980656,1405,35,0,4,24039326,1586,42,0,0
24086517,1602,43,0,2,24019152,1149,231,0,0
23955873,237,74,0,8,24080158,918,32,0,0
24005912,168,82,0,3,24096187,840,186,0,0
24021696,995,33,0,2,24007654,1181,34,0,0
24010347,769,94,0,2,24013975,1216,34,0,0
23963660,271,39,0,1,24062742,1531,14,0,0
23998930,498,46,0,5,24024807,1462,35,0,0
24013158,2177,105,0,3,23988303,1341,45,0,0
23953767,1328,42,0,1,24002629,1653,19,0,0
24051835,1812,54,0,0,24070123,943,58,0,0
23960877,122,64,0,1,24027029,550,56,0,0
24056389,1442,54,0,1,24028666,1653,33,0,0
23985764,1031,34,0,0,24040151,1133,38,0,0
24080745,549,28,0,3,24051501,731,91,0,0
24095223,369,38,0,1,23980974,654,86,0,0
24084426,1515,49,0,3,24070993,910,28,0,0
24037631,2154,48,0,2,24065226,693,54,0,0
24085826,1601,50,0,1,24041285,1329,78,0,0
23998169,1671,203,0,0,23993269,434,34,0,0
24062104,1145,67,0,1,24039437,1527,35,0,0
23983082,1130,47,0,1,23983811,651,52,0,0
24028147,669,38,0,0,24055180,1769,42,0,0
23987214,134,61,0,1,24040594,1025,38,0,0
24074827,913,48,0,3,24018813,904,49,0,0
24011602,680,65,0,2,24040440,2108,48,0,0
23968977,902,57,0,8,24088926,388,121,0,0
23983606,774,40,0,6,24046220,1449,35,0,0
24017356,1500,61,0,0,24078191,1609,47,0,0
24087993,1686,34,0,7,24006966,1097,30,0,0
23990692,244,44,0,3,23978710,714,43,0,0
23955551,584,22,0,1,24068269,1031,63,0,0
24087991,1797,54,0,2,23992809,1069,30,0,0
24011385,1290,27,0,1,23992346,1171,78,0,0
23963873,1167,63,0,4,24034869,1225,33,0,0
23999503,1259,56,0,0,24058308,973,44,0,0
24101000,763,70,0,4,24068860,1158,84,0,0
24056190,1678,56,0,2,24088860,808,44,0,0
24079806,304,37,0,2,24051392,1215,46,0,0
24078953,560,44,0,19,24082068,1079,45,0,0
24053663,1455,36,0,11,24014797,1378,27,0,0
24003202,2171,18,0,3,23992043,2191,50,0,0
23967375,2181,29,0,3,24022695,1567,82,0,0
24074274,576,29,0,2,24082849,1347,68,0,0
24103237,756,60,0,1,24034116,1531,37,0,0
24014424,769,65,0,1,24004942,968,102,0,0
24002108,691,32,0,3,23977494,629,59,0,0
24024390,411,59,0,4,24082435,1707,23,0,0
24017558,1786,43,0,0,24047943,908,99,0,0
24101367,1534,34,0,1,24012001,954,76,0,0
24075512,1243,80,0,1,23972725,433,18,0,0
23980510,2467,77,0,3,23957677,1653,130,0,0
24079349,355,39,0,4,23987541,1725,57,0,0
24064251,1482,18,0,1,24004635,959,42,0,0
24101527,995,50,0,3,23982140,641,50,0,0
24087044,1612,78,0,6,24021531,1516,27,0,0
24073716,801,63,0,0,24015703,2076,36,0,0
24069041,1079,59,0,0,24020263,379,48,0,0
23973425,1077,50,0,2,24029466,936,72,0,0
24003595,237,60,0,1,24050499,716,45,0,0
24057818,475,49,0,1,24028156,712,30,0,0
23959352,632,37,0,2,23986887,812,83,0,0
24057389,1081,87,0,2,24095939,693,64,0,0
24000359,2081,90,0,1,23973173,796,16,0,0
24051758,993,56,0,1,24072810,608,87,0,0
23969248,1902,38,0,4,24093753,2113,51,0,0
24086878,371,33,0,1,23977205,1465,31,0,0
23970326,1399,60,0,3,24099508,1627,40,0,0
23973585,1177,61,0,0,23984077,928,32,0,0
24092426,1434,42,0,4,24079994,995,70,0,0
23960294,1699,60,0,4,24100562,1137,63,0,0
24074872,2295,51,0,1,24062157,867,88,0,0
24024832,1677,23,0,2,23992652,684,25,0,0
24042559,694,58,0,1,24078560,1429,44,0,0
24085683,2169,26,0,1,23997485,1470,33,0,0
23964592,638,36,0,1,23996108,863,83,0,0
24022882,1724,53,0,4,24002204,1386,117,0,0
24038588,833,25,0,2,24004409,243,32,0,0
24101298,962,43,0,0,23973659,821,58,0,0
23986921,245,33,0,3,24014972,967,37,0,0
24093992,1387,27,0,6,24050614,1047,85,0,0
24038323,1135,80,0,1,24097685,285,41,0,0
23966765,602,23,0,0,23994177,507,37,0,0
23986581,1726,31,0,1,24032761,1075,49,0,0
24014221,2343,51,0,0,24073962,1087,33,0,0
24094869,613,29,0,5,24051340,2047,38,0,0
24040666,572,61,0,2,24022995,1935,36,0,0
23968813,896,67,0,0,24030194,209,90,0,0
24063737,663,40,0,1,24043600,1275,44,0,0
23976750,793,63,0,1,23997058,1324,105,0,0
24095280,589,120,0,1,24047243,578,53,0,0
24034890,1456,30,0,1,24037642,723,22,0,0
24095834,1077,26,0,3,24097640,1065,33,0,0
24008065,1119,27,0,1,23971398,521,66,0,0
24082223,528,46,0,1,24099462,736,59,0,0
24101086,2244,46,0,5,24079823,1597,231,0,0
23960949,1907,104,0,3,24060311,1941,31,0,0
24043610,510,39,0,3,23973441,708,38,0,0
24028556,1411,48,0,2,24108530,1230,81,0,0
24085787,447,52,0,4,24020401,1181,24,0,0
23981727,1546,45,0,7,23988478,1119,17,0,0
23989819,1309,46,0,3,24021953,1893,36,0,0
24094645,1069,44,0,0,24080200,1069,28,0,0
24070463,680,65,0,1,24098972,1808,41,0,0
24104854,805,37,0,8,24108119,425,36,0,0
24052641,1085,74,0,0,24104901,953,25,0,0
23990289,1324,25,0,1,24053559,1486,62,0,0
24100579,628,60,0,2,24051867,1066,109,0,0
24036276,998,44,0,11,24060698,619,66,0,0
24076580,1115,30,0,2,23995235,228,27,0,0
23975527,2396,33,0,2,24095802,854,70,0,0
24083515,526,44,0,3,24103277,1002,34,0,0
24090654,2011,60,0,2,23991739,1533,31,0,0
24026132,1269,56,0,0,24053334,1435,78,0,0
24081481,858,105,0,4,24051075,899,67,0,0
23981267,322,43,0,5,23967670,981,70,0,0
24074032,2051,35,0,1,24018561,1356,48,0,0
23990522,1039,43,0,2,23982885,718,129,0,0
24050942,1789,38,0,0,23984207,540,31,0,0
24101220,1292,82,0,0,23979065,2557,40,0,0
24001039,1566,40,0,1,24088604,1186,139,0,0
24030497,1534,48,0,2,24101454,1641,57,0,0
24078975,724,76,0,5,23995266,381,47,0,0
24001880,1325,19,0,2,24014528,2008,29,0,1
24102863,688,88,0,9,24054180,447,50,0,0
24088631,951,25,0,0,24026583,981,65,0,0
23995413,1366,62,0,1,24109447,165,239,0,0
24040713,1606,68,0,1,23994438,289,134,0,0
24094973,1286,22,0,3,24037800,541,38,0,0
23973109,2020,59,0,1,24040128,765,92,0,0
24035784,2517,34,0,4,24025072,1771,40,0,0
24089693,654,64,0,3,24024176,152,85,0,0
24068159,863,55,0,0,24102221,1700,25,0,0
24028721,1580,39,0,1,24037137,653,35,0,0
24103347,1228,41,0,1,24088170,972,77,0,0
24013950,917,52,0,5,24026019,553,41,0,0
24072248,1365,17,0,1,24101453,1337,35,0,0
24000550,1568,84,0,1,24010334,1756,49,0,0
23999587,543,47,0,1,23993371,1674,75,0,0
23997732,140,31,0,0,24105508,1118,49,0,0
24075840,2160,35,0,8,23991924,1123,59,0,0
24077863,196,64,0,4,24050847,1185,45,0,0
23993035,1382,67,0,3,24012823,691,74,0,0
24093797,639,44,0,1,24087051,1497,34,0,0
24069788,185,59,0,0,24107862,880,254,0,0
23981527,1418,81,0,0,24079155,853,85,0,0
24076637,930,52,0,3,24022067,2170,17,0,0
24052756,1111,57,0,12,23965144,1628,100,0,0
24086084,1350,33,0,5,24042378,1632,56,0,0
24037024,786,51,0,0,24050239,2464,50,0,0
24052886,785,50,0,1,24068512,493,57,0,0
24026205,644,71,0,3,24056555,2421,71,0,0
24061265,712,45,0,3,24035102,523,73,0,0
24011713,1174,26,0,4,24084939,2062,49,0,0
24102210,838,27,0,1,24009927,1431,54,0,0
24042531,349,86,0,1,23996107,1065,80,0,0
24008157,1072,59,0,6,23966481,406,54,0,0
24039992,758,40,0,1,23998706,1126,56,0,0
24067148,1122,85,0,2,24051297,1811,62,0,0
23989089,1531,28,0,2,24110823,1545,34,0,0
24006788,982,85,0,4,23989621,1469,31,0,0
24021921,933,72,0,0,24038128,1011,95,0,0
24089425,579,109,0,2,23981903,299,26,0,0
24009656,1133,24,0,1,23990150,588,26,0,0
24064847,1653,96,0,6,24068091,1189,43,0,0
24068314,1080,45,0,1,24082457,912,46,0,0
23994547,2292,56,0,1,24065208,1292,51,0,0
23980074,853,96,0,0,23983011,1960,34,0,0
24023500,928,27,0,1,24081011,489,39,0,0
23984318,1130,64,0,2,23979371,172,73,0,0
24064329,1053,62,0,0,24092329,624,69,0,0
24111318,1183,16,0,0,23972577,1008,49,0,0
24010817,1815,24,0,4,24089694,1790,54,0,0
24016673,1494,53,0,2,24023300,1091,40,0,0
23980326,1574,43,0,1,24023948,1423,70,0,0
24021790,126,38,0,1,24059025,2011,29,0,0
23991871,2129,30,0,0,24089026,1248,30,0,0
23985109,816,40,0,7,23986372,503,81,0,0
24017084,1069,37,0,1,23977662,1014,39,0,0
23971390,787,40,0,2,24103847,1631,33,0,0
24093069,1129,45,0,0,23984241,323,90,0,0
23970282,2359,30,0,0,24040558,1868,27,0,0
24017226,801,35,0,1,24047964,795,86,0,0
24096181,954,25,0,3,24053273,1084,169,0,0
24001845,1174,36,0,7,24032937,739,72,0,0
24017961,1626,29,0,2,24087720,1422,46,0,0
24015083,323,70,0,0,24105154,1758,26,0,0
24028746,1176,24,0,0,24096196,1073,67,0,0
23992460,1366,48,0,2,24013769,2280,45,0,0
24058162,2124,74,0,5,24039540,840,27,0,0
24010352,665,41,0,0,24074468,328,45,0,0
24084384,848,62,0,0,24102799,670,31,0,0
24053490,812,51,0,1,24108740,1595,42,0,0
24010429,823,45,0,1,24058193,755,44,0,0
24103419,1436,18,0,2,23982191,1329,31,0,0
23993793,1713,64,0,5,24103852,925,25,0,0
24040247,1636,77,0,2,24010338,1396,45,0,0
24096489,1495,76,0,3,24052217,2174,24,0,0
24008210,1332,41,0,2,24056098,298,35,0,0
24086821,1255,33,0,0,24110259,1046,40,0,0
24083386,2339,49,0,6,24093058,950,27,0,0
24074673,1281,33,0,7,24085933,343,63,0,0
24030093,1635,35,0,3,24006522,676,28,0,0
24089386,462,56,0,1,24097987,832,85,0,0
24109456,2298,50,0,2,24090619,697,30,0,0
24021888,1218,52,0,1,24092620,927,49,0,0
24066313,218,36,0,3,24042923,2229,71,0,0
24093119,473,49,0,2,23983133,1952,30,0,0
24020141,437,24,0,2,24071722,1070,35,0,0
24067270,1832,18,0,5,23985247,400,39,0,0
24093070,1810,29,0,2,23991527,1485,41,0,0
23990695,1451,68,0,5,23994207,1920,8,0,0
24075434,1150,53,0,0,24063037,560,59,0,0
24007278,999,47,0,3,24078146,1211,60,0,0
24110252,644,31,0,1,24076609,1670,58,0,0
24048223,957,48,0,3,24006627,809,31,0,0
23993105,2141,38,0,3,24098330,1396,26,0,0
23994936,2269,23,0,7,24000561,2178,45,0,0
24074592,975,81,0,2,23972428,1288,51,0,0
24114000,834,33,0,5,24078929,1005,35,0,0
24017674,1112,70,0,4,24011939,1763,35,0,0
24019438,2488,39,0,2,24104390,1547,27,0,0
23979127,937,94,0,6,24078670,620,64,0,0
24095055,900,27,0,3,24081219,1260,49,0,0
24063051,738,38,0,0,24093199,479,42,0,0
24076367,901,61,0,1,23976459,1527,30,0,0
24043856,2532,27,0,1,24042292,323,64,0,0
24109478,729,37,0,3,24025549,752,27,0,0
24101141,2598,29,0,3,24044867,1352,28,0,0
24093068,745,25,0,2,24071821,1202,27,0,0
24069377,2082,33,0,1,24033544,398,50,0,0
24050452,925,43,0,3,24047302,1907,38,0,0
23972017,1607,38,0,1,23989378,786,29,0,0
23996452,1147,66,0,2,24055954,1388,35,0,0
24002153,1907,40,0,1,24038568,2353,46,0,0
23987555,1119,43,0,1,24107607,1126,39,0,0
24016806,1053,17,0,1,24055223,2408,28,0,0
24114145,2578,63,0,0,24053029,2118,33,0,0
24040833,880,35,0,4,24096976,1327,52,0,0
23996642,2324,37,0,6,24038026,1227,31,0,0
23979069,176,34,0,1,24065973,810,90,0,0
24032828,569,37,0,9,24110674,1155,48,0,0
24006921,728,53,0,3,24108454,1404,47,0,0
24000070,649,68,0,2,24083706,1193,52,0,0
23976958,1695,52,0,3,24039492,1530,104,0,0
24045809,798,39,0,4,24109018,2247,65,0,0
24047673,872,71,0,4,24099375,1423,30,0,0
24003760,1697,41,0,0,23994909,1765,34,0,0
23990956,742,104,0,3,24077807,1332,24,0,0
23993457,1287,47,0,1,24082958,874,20,0,0
24067333,1622,44,0,3,24000313,801,39,0,0
23980372,1197,38,0,0,24036858,492,58,0,0
24115938,2147,35,0,1,24060335,369,37,0,0
23977706,1371,30,0,1,24042567,914,43,0,0
23973774,1685,31,0,2,24016637,1615,62,0,0
24002398,619,78,0,7,23997858,1181,23,0,0
24069536,423,71,0,1,24091568,542,58,0,0
24108360,1616,48,0,1,24082770,1203,61,0,0
23980076,870,27,0,1,24030284,1509,37,0,0
24028924,579,23,0,2,24101637,768,77,0,0
24012011,2441,50,0,0,24034526,138,114,0,0
24012796,718,52,0,3,24097781,1347,33,0,0
24063280,1416,38,0,2,24037538,793,57,0,0
24007120,1468,43,0,0,24010744,2271,50,0,0
23983973,1109,53,0,0,24025252,1336,54,0,0
24029149,428,49,0,2,24062709,478,28,0,0
24003864,1597,50,0,1,23985405,916,45,0,0
24048299,1627,62,0,2,23983355,599,28,0,0
23994261,1208,55,0,5,24001528,1387,44,0,0
23975719,336,62,0,3,23974126,1245,42,0,0
24053710,446,61,0,0,23981226,2303,53,0,0
24079991,1570,39,0,2,24090990,1933,20,0,0
24117351,1787,19,0,1,23994451,1500,51,0,0
24047805,1602,42,0,4,24090666,1801,30,0,0
24062241,1442,56,0,1,24033792,1070,61,0,1
24075133,623,72,0,2,23974821,1181,17,0,0
24069771,687,35,0,4,24063095,1804,18,0,0
24116431,611,42,0,1,24034533,2091,47,0,0
24066691,1768,56,0,2,24079158,752,65,0,0
24098535,2542,53,0,2,23976241,1263,51,0,0
24088804,440,94,0,2,24110453,605,33,0,0
24085192,1998,57,0,0,24056590,1909,41,0,0
24104117,1350,23,0,2,24101948,979,43,0,0
24038745,2128,38,0,5,24086652,947,48,0,0
24080677,105,137,0,6,24046881,796,32,0,0
24019754,782,53,0,4,23978831,812,112,0,0
24096530,1887,31,0,0,23979857,1892,20,0,0
24017866,1660,30,0,3,24073195,684,28,0,0
24074047,1311,44,0,1,23991796,1327,46,0,0
24044581,842,39,0,1,24019623,1100,33,0,0
24032239,630,35,0,1,23973419,1203,48,0,0
24110108,2183,39,0,1,24024597,826,28,0,0
24097547,1677,42,0,7,24055650,992,42,0,0
24097220,1836,34,0,2,24100776,1789,41,0,0
24056156,991,34,0,7,24093100,609,67,0,0
24063829,2122,38,0,0,24028646,631,77,0,0
24100506,1795,43,0,4,24054221,1172,51,0,0
24077836,961,45,0,1,24083912,836,58,0,0
24090038,948,86,0,1,24112990,264,28,0,0
23996723,2425,21,0,3,24024439,690,54,0,0
24030099,1440,28,0,4,24056909,1409,42,0,0
24062649,2207,35,0,0,24054026,1358,52,0,0
23994124,628,45,0,1,24078262,1094,37,0,0
24009726,2238,56,0,4,24034335,929,41,0,0
24099517,993,52,0,7,24056837,1117,60,0,0
24088807,1100,53,0,1,24034913,1033,48,0,0
24072401,689,67,0,10,24026378,835,52,0,0
24046283,1619,67,0,5,24100426,593,22,0,0
24101654,118,79,0,0,24060060,1633,42,0,0
24004828,1590,47,0,3,24046938,1500,28,0,0
24114259,810,31,0,4,24036280,754,27,0,0
24111815,173,43,0,4,23996785,1594,39,0,0
24100282,423,31,0,0,24070947,1559,28,0,0
24097590,853,43,0,1,23981214,1152,26,0,0
24003410,1344,53,0,1,23990106,2049,35,0,0
24084484,304,44,0,2,24102932,1471,33,0,0
24091983,936,66,0,3,24009993,1325,23,0,0
23976244,1599,61,0,1,24073510,674,29,0,0
24081415,549,45,0,4,24096667,2525,29,0,0
24074164,1133,33,0,5,24005905,1244,75,0,0
23999134,1068,36,0,1,23990345,438,54,0,0
24045129,1176,66,0,7,23993577,794,61,0,0
24011780,756,55,0,1,24035188,879,41,0,0
24120002,1281,70,0,8,24102257,836,42,0,0
24003970,1672,49,0,1,24046134,694,28,0,0
24075305,679,88,0,3,24019183,209,79,0,0
24031438,1363,62,0,5,24099161,2038,47,0,0
24017854,606,55,0,2,24110915,637,26,0,0
24102656,331,30,0,8,23990373,2105,27,0,0
24026831,619,366,0,0,24092277,1118,34,0,0
24124573,609,27,0,1,24022861,1800,48,0,1
23991452,1435,39,0,0,24083126,689,72,0,0
23999367,2386,16,0,2,23989312,1718,32,0,0
24114899,485,57,0,2,24028056,1295,96,0,0
23980964,1887,83,0,1,24041736,1350,27,0,0
24089204,561,46,0,6,23976785,1307,18,0,0
24011849,1355,41,0,5,23981221,901,78,0,0
24038261,1157,75,0,1,24027177,608,63,0,0
24049757,690,44,0,0,24026264,232,131,0,0
24103650,1890,60,0,0,24100298,1187,62,0,0
23986623,1836,40,0,4,23984623,213,44,0,0
24033015,865,91,0,0,24004721,315,71,0,0
24072659,821,48,0,0,24021702,844,83,0,0
24018199,1687,31,0,0,24011354,826,55,0,0
24027158,1856,61,0,1,24003396,1013,23,0,0
24118130,1165,19,0,4,24093400,512,74,0,0
23995957,931,34,0,1,24104949,1408,37,0,0
24010132,1990,37,0,6,24072213,712,37,0,0
24060513,2087,39,0,1,24085199,491,143,0,0
24073161,1230,49,0,1,24014685,1689,25,0,0
24124791,325,72,0,6,24016039,353,47,0,0
24066933,374,35,0,9,24122455,2036,24,0,0
23997941,813,57,0,2,24004052,219,36,0,0
24027276,738,55,0,9,23995284,1567,45,0,0
24086190,1476,45,0,1,23989042,1057,39,0,0
24018722,826,31,0,10,23988813,1891,43,0,0
24060740,727,19,0,7,24062942,385,66,0,0
24076378,420,82,0,5,24104737,1476,46,0,0
24116375,818,15,0,2,23993858,922,29,0,0
24061275,1077,57,0,1,24021216,836,57,0,0
24050541,924,56,0,0,24004166,2101,38,0,0
24001159,894,177,0,2,23982329,662,75,0,0
23978948,645,28,0,1,23997458,2184,79,0,0
24104303,1496,73,0,2,24016633,683,75,0,0
24044504,559,37,0,0,23986196,617,42,0,0
24078109,1982,36,0,1,24083084,342,63,0,0
24103845,906,34,0,2,24032695,723,24,0,0
24119182,1331,31,0,10,24000497,1026,69,0,0
24098034,992,23,0,5,24017552,1443,54,0,0
23999856,1976,23,0,4,24112262,268,22,0,0
23982557,1588,28,0,1,24012614,1057,32,0,0
24095629,1736,57,0,6,24126393,1119,28,0,0
24013044,1596,49,0,0,24054472,657,34,0,0
24023562,1247,10,0,1,23990670,1615,45,0,0
24099710,669,59,0,2,23996893,1284,43,0,0
24012468,1139,95,0,1,23988379,1771,47,0,0
23997655,2570,21,0,0,24050449,1487,22,0,0
23979844,1143,39,0,0,23989208,923,88,0,0
24009751,1513,87,0,1,24019847,1006,32,0,0
24025138,1515,26,0,8,24013400,698,47,0,0
24083894,815,42,0,0,24002115,678,65,0,0
24118068,417,73,0,4,24114325,1672,52,0,0
24124576,597,33,0,1,24044401,1767,31,0,0
24058601,966,50,0,3,24122997,1414,43,0,0
24099209,1468,36,0,0,24069237,890,50,0,0
24014705,1277,80,0,1,24030948,594,98,0,0
24054551,845,48,0,3,24105653,271,79,0,0
24047846,724,36,0,12,24093828,1680,23,0,0
24002086,1347,15,0,1,24126690,1260,43,0,0
23982009,2592,29,0,2,24001550,978,37,0,0
24109474,853,36,0,3,24070796,966,65,0,0
24085469,1404,31,0,3,24023422,823,53,0,0
23989581,882,49,0,1,24017919,1504,62,0,0
24019901,657,64,0,2,24016834,2392,31,0,0
24059083,731,80,0,1,24022615,537,42,0,0
24093651,1205,56,0,0,24004398,1640,53,0,0
24098660,1420,34,0,1,24081721,571,99,0,0
24048534,1730,23,0,1,24014960,1463,45,0,0
24049667,703,42,0,1,24066723,1512,51,0,0
24069093,1633,45,0,1,24010688,655,47,0,0
24010707,2406,44,0,2,23989261,680,44,0,0
23984429,1197,50,0,0,24095814,1290,44,0,0
24126024,899,68,0,1,24090726,850,36,0,0
24122351,678,41,0,1,24109655,693,47,0,0
24061679,770,41,0,0,24108063,1113,63,0,0
24105854,1196,20,0,1,23989349,1450,68,0,0
24087406,1171,47,0,3,23984683,884,43,0,0
24004670,1166,38,0,0,24085182,1155,21,0,0
23982854,2391,30,0,1,24064984,1288,37,0,0
24004841,1719,59,0,5,24115550,979,28,0,0
24060464,1101,41,0,1,23996081,575,41,0,0
24000958,1494,33,0,8,24115492,357,107,0,0
24063921,2262,50,0,0,23996728,320,59,0,0
24088672,2117,103,0,0,24030958,446,41,0,0
24074769,139,68,0,1,24127672,612,29,0,0
24095317,1134,97,0,3,23987816,1676,30,0,0
24078602,1346,22,0,1,24064160,1357,37,0,0
24060875,1877,32,0,4,24122930,2370,48,0,0
24000224,1134,45,0,1,24035540,1362,53,0,0
24034400,1198,106,0,3,23990423,903,49,0,0
24016328,1971,36,0,0,23993152,814,36,0,0
24057480,796,85,0,1,24024735,1642,36,0,0
24095856,2221,37,0,3,23998386,1824,28,0,0
24116949,1140,70,0,3,24086208,1890,37,0,0
24027558,864,39,0,1,24103564,1247,46,0,0
24103669,1183,28,0,0,24070898,337,49,0,0
24102118,2140,25,0,1,24122888,1713,66,0,0
23989725,889,29,0,0,24029651,1165,77,0,0
23993693,913,51,0,1,24044100,1182,50,0,0
23998144,2328,47,0,3,24037986,738,22,0,0
24033886,1665,75,0,1,24031120,477,27,0,0
24100482,1270,108,0,4,24007193,820,54,0,0
24124927,385,35,0,3,24055407,1676,60,0,0
24084108,1530,49,0,3,24100890,584,55,0,0
24057882,991,18,0,3,24011222,1768,35,0,0
24064966,305,45,0,0,24041568,2404,76,0,0
24086494,1563,41,0,0,24083670,1805,71,0,0
24107356,1127,35,0,0,24093552,701,40,0,0
24125807,911,53,0,3,23987630,1472,66,0,0
24047518,1150,45,0,4,24008094,698,43,0,0
24083201,1715,41,0,1,24060853,1284,55,0,0
24077626,1340,28,0,0,24098361,1718,25,0,0
24110321,903,195,0,5,24033261,1809,46,0,0
24026320,1059,42,0,4,23994300,1550,74,0,0
24001813,1395,104,0,1,23993912,1122,48,0,0
24103338,1033,20,0,2,24080390,800,42,0,0
24083877,1191,44,0,3,24103883,716,23,0,0
24107437,1247,42,0,0,24070183,1147,32,0,0
24042676,2312,17,0,3,24108445,505,38,0,0
24013481,550,39,0,2,24044618,1819,58,0,0
24032501,1723,60,0,1,24021445,619,47,0,0
24050870,611,36,0,1,24006141,1846,116,0,0
24118954,316,73,0,4,24034173,1136,99,0,0
23986324,2116,48,0,5,24123242,1112,46,0,0
24078428,737,34,0,3,24008772,2593,27,0,0
24037865,1128,46,0,1,24002054,689,41,0,0
24037585,1486,57,0,8,24035766,809,32,0,0
24129524,291,85,0,3,24078217,1618,23,0,0
24033112,344,43,0,3,24111239,1335,25,0,0
24119221,1076,37,0,1,24098801,1627,64,0,0
24046127,219,43,0,2,24084295,1676,60,0,0
24127363,873,14,0,3,24028730,1048,33,0,0
24083417,1951,44,0,4,24051592,1159,69,0,0
24035167,564,43,0,0,24100545,1144,43,0,0
24097714,1026,70,0,2,23988427,770,29,0,0
24130104,1303,76,0,5,24001770,573,47,0,0
24060620,790,63,0,1,23988572,1097,29,0,0
23989272,1241,52,0,0,23989056,1989,40,0,0
24099795,930,38,0,0,24125009,1095,50,0,0
24094826,544,68,0,1,24066179,1453,45,0,0
24118246,660,28,0,1,24050679,652,44,0,0
24120011,876,58,0,5,24089294,1925,104,0,0
24011648,2425,39,0,0,24032904,238,29,0,0
24031816,1688,38,0,5,24024549,1815,84,0,0
24094430,1140,36,0,7,24118100,369,66,0,0
24043189,793,48,0,3,24023228,1186,58,0,0
23993434,2042,56,0,2,24133412,720,61,0,0
24073034,179,93,0,6,24053887,873,71,0,0
24059418,1148,45,0,0,24134079,1622,53,0,0
24029971,2094,67,0,0,24132359,1143,60,0,0
23993811,1362,49,0,0,24037463,634,41,0,0
23988593,1667,43,0,2,24013596,333,31,0,0
24052990,1491,33,0,1,24091520,788,62,0,0
24017725,1499,44,0,2,24134653,1981,50,0,0
24126029,1339,55,0,1,23988189,1548,21,0,0
24038889,1499,33,0,1,24058432,1391,54,0,0
24089372,799,41,0,4,24020888,934,36,0,0
24096532,379,29,0,4,24035056,897,69,0,0
23994270,858,100,0,3,24022366,1023,55,0,0
24121010,1602,21,0,1,24061161,2172,49,0,0
24122490,1157,37,0,1,24059278,681,58,0,0
24114401,653,48,0,0,24028227,131,82,0,0
24001489,1487,52,0,0,24050132,636,44,0,0
24070927,256,54,0,4,24089359,1997,33,0,0
23999359,799,63,0,0,24022137,1384,57,0,0
24124214,824,51,0,0,24096083,950,29,0,0
24133852,1832,41,0,1,24073210,260,56,0,0
23990270,617,29,0,0,24122943,1461,53,0,0
24041819,1546,42,0,2,24096747,784,79,0,0
24126347,2058,42,0,2,24031439,644,39,0,0
24085237,854,56,0,5,24084809,1128,77,0,0
24059734,898,37,0,0,24081629,2292,50,0,0
24106907,1205,55,0,6,24087248,1507,52,0,0
24084855,269,77,0,6,24086997,633,68,0,0
24029710,972,44,0,1,24062219,1745,62,0,0
23988278,778,74,0,0,24038792,443,33,0,0
24036279,1447,45,0,4,24135391,1027,44,0,0
24063505,1131,39,0,0,24068532,2108,35,0,0
24047094,539,70,0,2,24063247,957,91,0,0
24090980,1272,32,0,3,24007842,1007,54,0,0
24041611,1169,52,0,4,24078790,1575,47,0,0
24058997,832,23,0,3,24020377,636,62,0,0
24111120,1806,65,0,3,24089378,933,50,0,0
24035097,1889,33,0,0,24095648,1178,76,0,0
24000084,1171,73,0,14,23990376,866,34,0,0
24047438,421,43,0,5,24128348,235,63,0,0
24137906,1247,81,0,1,24056291,1371,103,0,0
24086762,873,18,0,2,24011825,1652,20,0,0
24005782,2226,22,0,5,24092072,1130,17,0,0
24104301,611,38,0,1,24047132,1182,69,0,0
24018931,419,32,0,0,24119404,675,110,0,0
24057794,238,73,0,6,24123921,670,58,0,0
24047833,2594,54,0,1,24000361,2184,66,0,0
24129761,1199,63,0,0,24004955,1065,39,0,0
24100074,906,33,0,1,24123971,832,85,0,0
24096313,1417,40,0,2,24130720,1498,43,0,0
24060729,1150,56,0,2,24023676,367,162,0,0
24059378,1253,50,0,9,24083685,2555,24,0,0
23991658,1471,30,0,0,24043265,1196,70,0,0
24043294,1629,25,0,1,24065197,1242,41,0,0
24061354,815,57,0,1,24001899,1483,19,0,0
24095459,677,50,0,2,24027605,1140,89,0,0
24063475,1416,26,0,5,24059691,1613,25,0,0
24069175,911,30,0,0,23998922,1279,57,0,0
24006324,1228,28,0,3,23990979,1717,61,0,0
24109740,349,44,0,0,24049935,1886,45,0,0
24081969,970,30,0,1,23997779,601,47,0,0
24025799,1487,62,0,0,24071281,1703,55,0,0
24118102,1621,89,0,4,24016076,1081,42,0,0
24127732,1510,24,0,4,24017133,1443,35,0,0
24034750,730,23,0,7,24063265,773,87,0,0
24104689,1523,34,0,6,24049599,1136,46,0,0
24047140,1650,100,0,3,24025438,475,74,0,0
24139188,292,37,0,0,24093993,1303,73,0,0
24110204,744,62,0,14,24053967,1150,92,0,0
24071156,1430,60,0,1,24099362,1104,58,0,0
24136938,1216,29,0,1,24104068,498,53,0,0
24007299,1037,30,0,0,24054658,606,17,0,0
24119980,495,68,0,3,24116238,942,62,0,0
24084724,1103,58,0,6,24025249,1085,67,0,0
24089891,968,77,0,2,24122406,1027,65,0,0
23999566,1267,82,0,3,24139266,553,57,0,0
23993941,1322,60,0,1,23995018,806,80,0,0
24071477,1566,26,0,1,24040579,1299,95,0,0
24031896,1106,37,0,1,24074160,439,37,0,0
24075081,1159,37,0,0,24116441,1672,22,0,0
24047928,1610,45,0,5,24100097,1763,57,0,0
24027971,1421,81,0,1,24135331,598,85,0,0
24031472,784,30,0,1,24139139,987,53,0,0
24003932,1306,52,0,0,24095382,1571,82,0,0
24128172,1639,41,0,3,24116968,1240,74,0,0
24138255,805,17,0,0,24140361,1153,29,0,0
24063377,779,17,0,1,24035688,640,61,0,0
24090923,960,48,0,2,24098387,655,26,0,0
24053613,583,80,0,1,24119184,1942,18,0,0
24089264,417,63,0,1,24129486,699,89,0,0
24122456,1154,30,0,0,24115994,779,43,0,0
24135051,546,80,0,8,24075028,684,25,0,0
24077528,718,41,0,2,24092486,1664,42,0,0
24122153,902,52,0,4,24138011,627,29,0,0
24036818,613,236,0,1,23996534,1624,336,0,0
24036294,2190,35,0,0,24079189,1959,75,0,0
24074710,937,55,0,2,24014435,1156,71,0,0
24037409,1655,30,0,1,24044644,561,43,0,0
24116537,1261,35,0,3,24011087,2074,79,0,0
24091548,610,61,0,4,24054891,1147,44,0,0
24030863,2176,42,0,1,24006348,1365,40,0,0
24018306,1007,33,0,6,24037540,1197,66,0,0
24122261,2238,26,0,4,24069770,2216,47,0,0
24082210,1779,62,0,2,24011457,339,45,0,0
24142142,207,70,0,0,24078982,1260,105,0,0
24082232,1762,77,0,0,24117687,1676,34,0,0
24093263,1128,49,0,0,24137302,954,38,0,0
24026216,1614,49,0,5,24019512,710,79,0,0
24027256,1445,45,0,9,24084557,1311,26,0,0
24056092,1316,44,0,1,24024890,947,56,0,0
24106740,1279,227,0,2,24020778,318,53,0,0
24001166,1485,78,0,2,24138902,890,47,0,0
24018651,1941,45,0,6,24000334,1959,44,0,0
24122928,787,55,0,0,24044698,1016,58,0,0
24130419,874,24,0,1,24003575,490,88,0,0
24091305,601,44,0,5,24116350,803,26,0,0
24002264,340,29,0,0,24069975,901,37,0,0
24073488,1368,46,0,1,24023550,833,94,0,0
24123473,822,44,0,7,24030472,2497,51,0,0
23996783,303,38,0,2,24010008,570,45,0,0
24104164,1395,43,0,3,24127497,1401,66,0,0
24060523,914,66,0,0,24063705,939,25,0,0
24082813,302,41,0,1,24001723,311,38,0,0
24035429,1091,52,0,1,24053672,1419,77,0,0
24059969,1593,57,0,1,24112945,172,24,0,0
24017976,1882,68,0,2,24018059,104,91,0,0
24135020,1008,40,0,1,24049256,409,70,0,0
24114295,319,34,0,8,24070275,2091,45,0,0
24015557,898,69,0,3,24003010,809,72,0,0
24111144,352,68,0,1,24012945,1180,30,0,0
24028965,969,25,0,3,24056708,1957,51,0,0
24104057,1132,65,0,1,24055526,660,71,0,0
24002067,572,35,0,3,23997077,557,32,0,0
24091116,2000,44,0,0,23998383,1263,78,0,0
24046937,1931,19,0,0,24127515,1773,48,0,0
24022888,630,22,0,1,24071953,1127,33,0,0
24131907,865,55,0,6,24071438,491,45,0,0
24141352,1235,79,0,2,24080405,395,73,0,0
24085602,323,40,0,7,24051315,1137,56,0,0
23995399,1722,59,0,0,24070185,862,51,0,0
24132799,834,19,0,1,24077087,1172,42,0,0
24092675,1152,47,0,3,24073625,1150,41,0,0
24069578,1730,46,0,0,24054405,770,28,0,0
24106627,722,61,0,2,24080850,488,32,0,0
24116924,758,81,0,11,24094163,671,28,0,0
24021535,529,46,0,0,24040079,688,23,0,0
24075403,999,77,0,3,24127224,639,39,0,0
24139429,1789,119,0,2,24132159,2283,55,0,0
24046422,960,43,0,3,24137331,1836,39,0,0
24086790,1933,19,0,11,24141708,2131,49,0,0
24104653,1433,44,0,2,24127665,2197,18,0,0
24080766,2602,53,0,2,24144667,1389,43,0,0
24085163,1385,56,0,3,24092316,2199,41,0,0
24075467,632,64,0,0,24132011,977,51,0,0
24122386,610,30,0,2,24094572,828,24,0,0
24032104,1535,27,0,7,24016804,2557,44,0,0
24118393,932,20,0,2,24016344,2186,49,0,0
24040209,422,77,0,3,24116063,371,76,0,0
24009651,602,35,0,5,24101263,1383,46,0,0
24089713,227,76,0,3,24001798,437,79,0,0
24136312,1832,51,0,0,24120466,478,43,0,0
24024602,743,49,0,0,24010859,572,44,0,0
24061916,813,72,0,3,24025112,693,85,0,0
24040114,990,46,0,0,24123318,836,29,0,0
24108323,1729,31,0,3,24063460,687,75,0,0
24127553,2266,26,0,1,24080262,2117,43,0,0
24144385,2214,47,0,0,24006495,1632,62,0,0
24110552,1524,51,0,1,24022965,693,28,0,0
24063304,1671,59,0,11,24028948,491,24,0,0
24002338,1927,34,0,1,24026782,1724,107,0,0
24009871,1126,56,0,1,24086597,1411,41,0,0
24048917,1658,27,0,1,24048163,1439,49,0,0
24047296,1558,24,0,0,24026173,1529,40,0,0
24022017,1498,62,0,2,24071434,948,49,0,0
24009851,981,46,0,1,24054350,483,36,0,0
24033649,1135,21,0,1,24030743,579,25,0,0
24128075,1580,45,0,1,24112237,652,59,0,0
24101824,1443,42,0,1,24113460,1211,27,0,0
24090174,1158,59,0,2,24006246,1422,24,0,0
24003705,840,65,0,0,24148544,1170,21,0,0
24136961,472,48,0,0,24060567,1231,41,0,0
24048562,1294,102,0,2,24006470,866,25,0,0
24097143,685,42,0,3,24007099,647,40,0,0
24092103,664,54,0,1,24017904,1892,20,0,0
24128433,381,97,0,2,24010902,1574,35,0,0
24080010,1291,41,0,1,24130550,812,46,0,0
24051177,1491,82,0,3,24080831,1925,46,0,0
24081779,1181,38,0,9,24042692,1389,30,0,0
24146092,1105,50,0,1,24000091,607,59,0,0
24131332,803,47,0,3,24149557,662,42,0,0
24012513,1122,53,0,3,24020557,1691,42,0,0
24120312,959,45,0,0,24110684,1461,26,0,0
24083629,1201,33,0,1,24133306,1085,339,0,0
24012318,1363,31,0,1,24034271,1726,32,0,0
24049095,2167,46,0,5,24043127,1552,43,0,0
24100768,519,32,0,0,24046335,486,27,0,0
24105298,649,48,0,8,24126788,1581,49,0,0
24052586,1631,26,0,1,24030396,827,39,0,0
24048561,1278,11,0,4,24130870,865,34,0,0
24065940,1669,36,0,13,24093995,1541,22,0,0
24099531,1401,39,0,0,24039605,1199,63,0,0
24116346,669,105,0,0,24067028,1223,42,0,0
24114752,886,29,0,4,24012519,1509,100,0,0
24143549,1668,24,0,1,24075020,1129,25,0,0
24136501,1047,61,0,0,24100499,1112,46,0,0
24002544,1295,43,0,1,24027810,671,80,0,0
24051646,1629,17,0,12,24072562,708,34,0,0
24090771,1548,40,0,2,24097540,1668,61,0,0
24064565,615,43,0,3,24085876,1547,32,0,0
24123112,1152,73,0,0,24016117,900,37,0,0
24134323,1464,42,0,4,24015216,1986,62,0,0
24141932,1081,83,0,0,24123038,1139,42,0,0
24084625,657,39,0,0,24128844,1379,45,0,0
24029008,904,32,0,3,24049672,777,20,0,0
24020637,198,88,0,1,24088379,1642,54,0,0
24126252,1034,56,0,1,24100744,1169,51,0,0
24112992,1312,71,0,0,24116517,1457,36,0,0
24038402,741,58,0,1,24037563,1652,33,0,0
24121957,955,44,0,1,24106283,909,61,0,0
24150065,1807,44,0,0,24020171,828,61,0,0
24040806,1980,34,0,1,24127414,936,79,0,0
24103833,1968,63,0,1,24104399,1279,46,0,0
24120015,1291,74,0,0,24069947,933,52,0,0
24077448,2316,87,0,1,24022266,2150,29,0,0
24079799,391,59,0,4,24146689,426,135,0,0
24104064,1666,38,0,1,24066954,658,40,0,0
24090452,740,21,0,1,24003526,928,51,0,0
24036584,1032,16,0,0,24023963,842,74,0,0
24076713,609,43,0,2,24110121,860,22,0,0
24076370,607,24,0,2,24060664,1032,17,0,0
24120293,972,31,0,13,24105943,580,54,0,0
24059416,1219,32,0,1,24131122,311,44,0,0
24148841,330,18,0,2,24107801,1015,72,0,0
24017000,588,30,0,1,24053857,1802,40,0,0
24010282,918,43,0,0,24065198,917,76,0,0
24031583,879,38,0,2,24100434,689,39,0,0
24035076,1027,32,0,1,24093030,1714,25,0,0
24069227,293,34,0,2,24044920,215,27,0,0
24015298,1476,49,0,2,24037600,1720,45,0,0
24034746,814,74,0,4,24104667,1673,123,0,0
24010172,1677,35,0,4,24053830,603,67,0,0
24121446,332,37,0,5,24087210,772,88,0,0
24128722,1102,33,0,0,24085005,1340,55,0,0
24005677,689,90,0,2,24126283,1804,45,0,0
24062733,401,80,0,10,24012285,1153,47,0,0
24122730,1162,32,0,1,24133047,946,46,0,0
24081818,588,44,0,1,24002841,1720,50,0,0
24063546,987,45,0,3,24038240,689,37,0,0
24034623,201,43,0,0,24095400,110,63,0,0
24100182,649,57,0,2,24140453,1893,38,0,0
24076198,854,41,0,2,24021538,673,53,0,0
24129728,1190,21,0,1,24043623,333,52,0,0
24129403,660,31,0,1,24031077,810,47,0,0
24073708,695,44,0,2,24014772,321,41,0,0
24100713,1041,41,0,0,24126341,1307,34,0,0
24004161,864,54,0,0,24004146,1650,52,0,0
24031132,669,31,0,10,24026862,1441,38,0,0
24066914,801,74,0,1,24020956,1774,80,0,0
24120805,1348,54,0,1,24130709,897,48,0,0
24126874,693,26,0,1,24033509,1477,109,0,0
24115804,1689,62,0,2,24030997,1547,35,0,0
24046455,869,42,0,0,24152088,1671,71,0,0
24054239,2052,54,0,3,24086546,2160,40,0,0
24018283,1972,40,0,0,24118405,410,39,0,0
24074270,1406,39,0,1,24081880,1441,42,0,0
24024835,1819,53,0,2,24078246,2142,32,0,0
24088040,322,86,0,1,24111194,1155,19,0,0
24098057,998,40,0,1,24025499,1395,39,0,0
24020571,1699,80,0,1,24152077,1339,22,0,0
24080661,761,362,0,2,24072492,1681,72,0,0
24048718,1454,30,0,1,24140230,1513,34,0,0
24128455,799,32,0,3,24065809,1273,37,0,0
24026052,2171,40,0,1,24150638,1371,59,0,0
24054418,1736,41,0,1,24078654,1981,27,0,0
24153292,1665,94,0,4,24135805,1905,106,0,0
24063254,728,30,0,0,24038542,221,49,0,0
24119502,469,52,0,6,24133488,1088,51,0,0
24101590,658,39,0,5,24138365,1779,47,0,0
24139371,768,69,0,1,24069773,1893,26,0,0
24053180,237,94,0,0,24056077,1816,98,0,0
24012208,1775,33,0,2,24002954,757,28,0,0
24107739,1477,41,0,1,24045767,1244,66,0,0
24053861,898,49,0,4,24115882,1312,44,0,0
24028225,1053,28,0,1,24053406,2284,67,0,0
24014027,1103,37,0,5,24061981,892,62,0,0
24048519,2455,34,0,0,24107094,554,70,0,0
24143955,367,28,0,0,24003862,152,61,0,0
24024995,2545,33,0,4,24120161,861,57,0,0
24098286,1406,45,0,3,24068418,1440,35,0,0
24043034,1049,75,0,1,24118503,2249,75,0,0
24058533,1271,17,0,4,24086926,826,55,0,0
24130379,505,38,0,2,24020432,837,40,0,0
24031443,1770,38,0,3,24054260,592,60,0,0
24084843,1169,33,0,2,24062014,904,53,0,0
24046596,685,28,0,0,24086078,658,26,0,0
24148464,1904,17,0,0,24140709,719,104,0,0
24084737,721,103,0,3,24147248,431,59,0,0
24057486,1840,26,0,2,24044670,2185,28,0,0
24072411,326,62,0,1,24019804,1147,41,0,0
24125453,1031,25,0,4,24021008,2188,28,0,0
24026292,662,52,0,0,24123631,1125,32,0,0
24052873,606,51,0,0,24096492,1275,62,0,0
24020315,185,36,0,3,24059344,727,27,0,0
24049563,1009,74,0,11,24102933,1294,19,0,0
24080674,1654,117,0,1,24031763,1310,43,0,1
24009786,281,37,0,5,24036984,2104,23,0,0
24074387,672,52,0,0,24056512,1290,46,0,0
24033777,1076,53,0,1,24117026,1712,35,0,0
24073127,2227,77,0,1,24051015,1188,91,0,0
24113063,176,55,0,1,24131345,1080,39,0,0
24117321,433,90,0,1,24081557,600,36,0,0
24053907,915,43,0,4,24051965,1323,71,0,0
24010046,1769,56,0,0,24034195,2193,35,0,0
24018463,1282,30,0,4,24128660,1716,66,0,0
24022766,1042,21,0,5,24083663,526,71,0,0
24085958,1185,60,0,0,24017941,1704,31,0,0
24069187,526,59,0,1,24136601,1219,53,0,0
24121922,556,29,0,3,24100176,1612,53,0,0
24136331,2289,49,0,2,24012939,1686,68,0,0
24079879,1116,68,0,1,24070786,1594,40,0,0
24094380,1146,24,0,2,24050120,1139,51,0,0
24116835,1423,32,0,0,24052225,1207,96,0,0
24139100,560,52,0,3,24138590,559,36,0,0
24118162,307,37,0,1,24148909,610,24,0,0
24106815,1270,66,0,17,24017307,1071,86,0,0
24107565,1351,21,0,5,24054542,2514,21,0,0
24090269,2401,40,0,1,24021161,990,27,0,0
24091178,616,25,0,0,24122872,1211,91,0,0
24028830,1365,44,0,0,24085582,1018,54,0,0
24029873,371,43,0,2,24079273,699,104,0,0
24099165,624,27,0,4,24137632,575,47,0,0
24020909,1061,35,0,0,24061457,1659,40,0,0
24099931,2392,35,0,6,24121522,825,51,0,0
24102499,2429,60,0,0,24030039,944,40,0,0
24109169,655,32,0,1,24071752,1136,68,0,0
24040378,600,41,0,4,24060483,841,41,0,0
24087423,909,55,0,2,24055689,1626,53,0,0
24010644,2645,47,0,3,24066838,997,55,0,0
24022690,1078,89,0,15,24074785,471,63,0,0
24159596,331,28,0,3,24081650,1357,18,0,0
24036080,1085,48,0,3,24026997,1972,46,0,0
24115844,2155,46,0,1,24101725,1502,50,0,0
24037120,1818,19,0,4,24109617,1038,35,0,0
24073363,1073,86,0,0,24132087,499,64,0,0
24061680,1594,36,0,0,24031999,2390,43,0,0
24012559,1662,32,0,1,24030108,477,65,0,0
24154754,801,40,0,0,24015417,1174,62,0,0
24147832,688,43,0,2,24043806,1109,16,0,0
24014089,972,19,0,1,24155770,739,14,0,0
24036119,1529,23,0,4,24028008,999,27,0,0
24158920,235,60,0,2,24025887,986,57,0,0
24039553,414,51,0,5,24024294,578,77,0,0
24115982,962,34,0,6,24121317,1122,41,0,0
24160048,1795,53,0,0,24034751,973,37,0,0
24043444,1230,65,0,4,24110413,2160,45,0,0
24149677,2536,33,0,7,24112850,1194,53,0,0
24145188,1198,18,0,3,24152755,803,44,0,0
24149293,515,57,0,1,24083603,1549,40,0,0
24122337,1210,31,0,1,24010839,718,71,0,0
24080020,1644,45,0,2,24091559,133,33,0,0
24111106,651,22,0,3,24032968,717,27,0,0
24018714,1102,35,0,0,24018862,1287,24,0,0
24059231,777,55,0,2,24092628,1163,39,0,0
24148831,2115,37,0,2,24067124,192,59,0,0
24152355,1019,30,0,0,24090583,868,59,0,0
24102177,1325,33,0,1,24096033,1106,24,0,0
24113664,649,30,0,2,24162482,1353,47,0,0
24012693,323,99,0,1,24160833,1178,63,0,1
24009745,2115,34,0,0,24010378,1872,42,0,0
24017526,1870,46,0,0,24013623,2078,79,0,0
24082442,1045,47,0,0,24085807,381,22,0,0
24079200,787,29,0,9,24077262,1434,42,0,0
24059587,1951,65,0,4,24141246,2598,83,0,0
24071542,1851,48,0,4,24117314,839,48,0,0
24098107,2013,17,0,3,24040728,2246,51,0,0
24017294,408,73,0,1,24100172,265,38,0,0
24061659,919,68,0,1,24111966,1910,43,0,0
24111008,907,49,0,5,24158794,1185,19,0,0
24117606,969,37,0,2,24069101,1592,59,0,0
24109798,1263,30,0,0,24155814,1636,50,0,0
24094098,1308,74,0,4,24052136,743,35,0,0
24101009,1106,75,0,5,24015581,255,51,0,0
24049810,146,101,0,3,24127956,2118,41,0,0
24055197,736,73,0,4,24142238,500,38,0,0
24043206,978,21,0,4,24087380,673,24,0,0
24087054,1607,45,0,1,24033833,629,38,0,0
24011887,872,49,0,2,24041865,951,106,0,0
24015704,1762,37,0,2,24077657,2205,50,0,0
24123594,2544,27,0,1,24037693,979,50,0,0
24114889,1836,53,0,2,24034994,1336,30,0,0
24114423,1083,60,0,2,24041996,742,45,0,0
24160822,1365,34,0,3,24013848,987,43,0,0
24012278,498,37,0,0,24092560,1931,42,0,0
24062798,2250,43,0,1,24156701,934,24,0,0
24071594,2310,58,0,7,24161033,927,53,0,0
24160309,1811,42,0,0,24072755,400,55,0,0
24164254,847,70,0,1,24035521,743,52,0,0
24123130,315,87,0,1,24063535,1882,61,0,0
24070763,1879,34,0,1,24154704,476,45,0,0
24110967,617,141,0,1,24110318,967,17,0,0
24110168,921,51,0,0,24031239,983,43,0,0
24040719,1112,78,0,0,24103741,1149,99,0,0
24133615,601,55,0,1,24072131,1242,47,0,0
24133924,1093,25,0,3,24079124,1200,74,0,0
24085884,948,91,0,2,24117851,1181,55,0,0
24127832,853,59,0,1,24067824,2386,63,0,0
24112491,795,40,0,8,24131144,903,245,0,0
24066391,793,49,0,1,24087328,260,22,0,0
24054856,1463,39,0,10,24036956,1137,126,0,0
24080896,855,240,0,3,24122896,629,52,0,0
24062760,1698,76,0,1,24085687,375,34,0,0
24121991,808,42,0,2,24083067,2439,17,0,0
24108790,1265,39,0,3,24034583,1516,47,0,0
24141175,543,133,0,2,24071561,1644,50,0,0
24136744,961,63,0,1,24031515,1855,48,0,0
24127099,1850,31,0,1,24055886,875,29,0,0
24153916,829,78,0,4,24022613,1194,80,0,0
24140262,383,99,0,0,24055080,842,83,0,0
24116745,1934,40,0,4,24144601,638,46,0,0
24143927,2255,44,0,5,24110436,979,63,0,0
24087660,783,33,0,2,24032721,1268,27,0,0
24072930,500,406,0,8,24040905,273,189,0,0
24141031,619,40,0,1,24086171,864,51,0,0
24121836,1779,27,0,0,24092817,1216,52,0,0
24134071,1416,39,0,2,24082894,898,81,0,0
24165814,655,24,0,1,24030709,703,244,0,0
24085336,572,57,0,1,24135235,827,35,0,0
24100344,692,85,0,1,24130096,303,31,0,0
24036695,838,28,0,2,24149408,1578,42,0,0
24106328,1521,25,0,3,24081735,1788,64,0,0
24117298,1073,99,0,0,24115497,1199,15,0,0
24116107,829,58,0,1,24112106,816,51,0,0
24034046,1246,57,0,0,24021417,884,55,0,0
24111713,1546,52,0,3,24104637,1160,42,0,0
24100596,723,36,0,2,24124949,1834,25,0,0
24106067,1011,89,0,2,24141040,1413,30,0,0
24033249,297,18,0,0,24074099,385,59,0,0
24031627,1418,29,0,0,24149306,1149,73,0,0
24076001,1738,37,0,1,24096016,2015,39,0,0
24092962,2155,67,0,3,24050712,1272,22,0,0
24018711,863,21,0,5,24150727,1196,47,0,0
24036434,978,45,0,9,24054282,1739,54,0,0
24146259,359,55,0,0,24077344,665,64,0,0
24066308,981,14,0,2,24050382,514,87,0,0
24056758,1146,44,0,0,24092702,2135,21,0,0
24078786,298,65,0,3,24088339,2183,56,0,0
24042144,1238,28,0,2,24160547,956,65,0,0
24110117,1281,41,0,2,24039296,1739,50,0,0
24077545,2062,66,0,2,24093512,420,79,0,0
24126017,919,36,0,0,24071000,764,76,0,0
24134308,1969,28,0,3,24030181,886,28,0,0
24057803,1132,73,0,1,24126876,934,62,0,0
24047286,1068,27,0,9,24105750,2058,66,0,0
24132828,668,49,0,0,24044835,1175,25,0,0
24132820,888,38,0,4,24059961,196,35,0,0
24057990,1052,60,0,0,24094160,776,45,0,0
24119553,2416,44,0,3,24135376,1292,46,0,0
24105532,1022,200,0,1,24020705,1550,74,0,0
24111814,607,68,0,0,24097943,803,39,0,0
24164249,1327,60,0,1,24041484,1122,45,0,0
24070460,1738,31,0,5,24058802,1290,76,0,0
24070840,880,69,0,5,24100325,1213,61,0,0
24104884,387,30,0,2,24165207,1690,58,0,0
24057603,1064,43,0,2,24105546,921,35,0,0
24123831,1340,56,0,9,24102610,811,47,0,0
24105089,465,24,0,2,24046445,707,45,0,0
24164835,634,43,0,4,24073252,946,65,0,0
24165443,990,42,0,3,24077715,1747,56,0,0
24135008,2242,33,0,1,24091919,1690,102,0,1
24025714,766,68,0,3,24051433,1374,39,0,0
24102604,1582,50,0,2,24117283,1810,64,0,0
24125673,1673,32,0,2,24069372,671,64,0,0
24062337,870,45,0,5,24030701,617,42,0,0
24109278,1634,20,0,0,24108639,2470,43,0,0
24059494,624,53,0,2,24061886,1009,51,0,0
24100720,1269,30,0,4,24151194,258,63,0,0
24130293,1484,69,0,1,24117385,1679,21,0,0
24038760,1123,35,0,3,24026090,946,16,0,0
24036369,1383,24,0,1,24056413,892,78,0,0
24149685,613,43,0,1,24088288,1440,50,0,0
24124434,289,68,0,0,24042564,950,51,0,0
24075083,620,56,0,1,24035602,2585,91,0,0
24054872,905,24,0,3,24040656,574,55,0,0
24062807,493,36,0,1,24035373,1608,76,0,0
24105164,1049,36,0,3,24054867,524,37,0,0
24022616,921,51,0,0,24025261,886,82,0,0
24067184,1223,39,0,1,24093823,1518,24,0,0
24160641,1264,25,0,0,24126772,1283,56,0,0
24141386,848,102,0,0,24023986,763,57,0,0
24125272,2257,29,0,1,24068497,1086,21,0,0
24095821,932,42,0,2,24081624,241,47,0,0
24136995,1143,52,0,0,24095757,1002,31,0,0
24060376,1072,61,0,0,24114102,1559,13,0,0
24125979,1117,44,0,0,24031894,1394,27,0,0
24075472,443,28,0,0,24039573,1156,77,0,0
24065311,1144,28,0,3,24031101,1675,49,0,0
24167149,1122,39,0,2,24082532,968,46,0,0
24050542,182,82,0,2,24025255,349,62,0,0
24027512,1363,27,0,0,24104972,785,48,0,0
24150996,390,30,0,4,24120586,1170,63,0,0
24023133,1702,30,0,0,24110601,1223,45,0,0
24089285,1036,82,0,3,24107819,460,60,0,0
24093247,1072,31,0,4,24030989,1772,57,0,0
24056278,988,25,0,2,24155797,1564,12,0,0
24037051,257,48,0,0,24020212,669,59,0,0
24088773,899,35,0,1,24145811,1858,23,0,0
24158648,1188,28,0,3,24168671,646,53,0,0
24170882,1229,30,0,3,24028501,1649,118,0,0
24113572,991,59,0,1,24161655,625,48,0,0
24053900,666,108,0,4,24118153,1176,32,0,0
24132449,1364,49,0,1,24051564,1380,66,0,0
24136635,1401,54,0,4,24099768,1078,51,0,0
24118425,293,30,0,1,24056884,1341,19,0,0
24116135,1064,29,0,1,24172433,1294,39,0,0
24147728,1445,18,0,6,24155613,1398,111,0,0
24116944,1777,42,0,1,24074334,2494,35,0,0
24034784,2250,43,0,1,24114468,977,27,0,0
24099340,678,42,0,0,24114075,785,56,0,0
24034780,2131,41,0,2,24134558,670,63,0,0
24041954,2563,30,0,0,24150475,1104,55,0,0
24078720,565,54,0,4,24056842,630,27,0,0
24048827,1138,40,0,1,24037944,1647,44,0,0
24099108,1607,184,0,1,24081258,1101,34,0,0
24061714,1374,49,0,1,24049642,699,68,0,0
24161207,1550,54,0,2,24172157,828,55,0,0
24021000,1043,58,0,11,24029749,1836,32,0,0
24138443,284,62,0,3,24080564,758,35,0,0
24057160,1750,55,0,2,24112029,1991,39,0,0
24073767,916,30,0,1,24107052,2059,33,0,0
24082864,1198,91,0,0,24119865,941,67,0,0
24071563,1964,41,0,4,24091814,525,28,0,0
24061273,471,43,0,0,24083062,422,45,0,0
24091929,1012,67,0,0,24155091,351,38,0,0
24169387,1888,36,0,2,24059615,579,50,0,0
24087584,937,67,0,1,24053176,877,18,0,0
24083998,1177,29,0,3,24151842,419,40,0,0
24066046,1432,22,0,2,24058073,247,72,0,0
24038578,889,38,0,4,24094082,1100,38,0,0
24084240,1282,40,0,3,24153763,364,27,0,0
24143687,1679,88,0,0,24026650,1775,33,0,0
24106558,249,84,0,2,24065316,1795,45,0,0
24063336,736,64,0,3,24111791,1007,46,0,0
24096210,200,24,0,1,24112525,1158,27,0,0
24076040,2288,12,0,0,24115688,690,78,0,0
24146599,1014,60,0,0,24147175,1367,39,0,0
24073709,1353,29,0,5,24101351,806,26,0,0
24024816,2211,40,0,3,24054053,1423,61,0,0
24123379,699,36,0,2,24103310,2117,17,0,0
24106834,1463,53,0,4,24036787,1635,39,0,0
24062571,926,33,0,4,24054167,434,96,0,0
24122082,236,55,0,0,24032609,690,52,0,0
24141263,489,17,0,2,24048203,1861,47,0,0
24048973,918,30,0,1,24141027,936,44,0,0
24113684,613,90,0,1,24026759,579,36,0,0
24094916,936,38,0,0,24067702,487,48,0,0
24118942,568,59,0,1,24148760,1988,23,0,0
24058343,1426,26,0,0,24125550,105,17,0,0
24053417,734,19,0,0,24106796,1014,30,0,0
24052959,1126,54,0,5,24159336,364,22,0,0
24082640,1624,27,0,1,24150954,1728,36,0,0
24071801,1446,48,0,2,24149111,696,18,0,0
24107703,940,20,0,0,24145425,1475,40,0,0
24097517,1382,69,0,8,24089520,1165,70,0,0
24083089,1172,30,0,1,24029563,2296,50,0,0
24136982,392,73,0,0,24033769,1478,27,0,0
24125968,1062,30,0,4,24089734,422,38,0,0
24139136,943,36,0,0,24174442,1368,39,0,0
24154109,1233,67,0,0,24113638,828,19,0,0
24044537,1109,44,0,1,24113239,2058,53,0,0
24092954,983,25,0,1,24049329,582,71,0,0
24085632,687,23,0,1,24060192,178,47,0,0
24071930,738,51,0,2,24024005,1606,34,0,0
24089093,2183,47,0,0,24127262,944,12,0,0
24079076,594,35,0,1,24053241,765,65,0,0
24056163,1374,42,0,0,24091124,1628,61,0,0
24067768,1616,24,0,4,24174732,464,55,0,0
24099827,651,45,0,0,24099907,1348,80,0,0
24161294,802,66,0,1,24102450,1887,25,0,0
24086464,1145,43,0,4,24156961,998,35,0,0
24044279,643,20,0,5,24095642,744,55,0,0
24156672,1288,22,0,4,24095486,1609,52,0,0
24046671,2198,28,0,5,24130190,940,24,0,0
24120849,1191,47,0,1,24093875,1185,53,0,0
24070282,693,18,0,3,24174943,618,35,0,0
24039112,933,97,0,0,24139502,576,57,0,0
24107518,898,40,0,3,24116783,872,66,0,0
24087773,775,47,0,4,24141125,852,86,0,0
24050276,896,31,0,2,24144338,1847,60,0,0
24136082,895,48,0,1,24115713,602,43,0,0
24088493,2300,32,0,1,24048886,1283,55,0,0
24170920,1156,59,0,1,24086662,1101,39,0,0
24177000,1220,41,0,2,24175646,1101,124,0,0
24129026,273,98,0,1,24057719,408,36,0,0
24027406,707,104,0,3,24140168,2064,38,0,0
24074576,1806,70,0,2,24066184,1187,43,0,0
24142078,1294,56,0,1,24133406,1377,75,0,0
24116710,1166,50,0,6,24057109,1153,59,0,0
24078340,1189,39,0,12,24049125,1193,52,0,0
24061124,705,40,0,5,24096721,959,19,0,0
24138223,690,36,0,4,24172373,1522,58,0,0
24090883,1473,233,0,2,24110679,635,28,0,0
24078857,1186,162,0,2,24043576,1163,34,0,0
24177757,917,39,0,1,24118028,1728,29,0,0
24107040,286,28,0,0,24083120,2215,18,0,0
24047569,757,41,0,1,24084344,346,67,0,0
24178279,1645,24,0,0,24130263,707,39,0,0
24175109,1474,52,0,2,24142326,1769,37,0,0
24091618,1634,55,0,3,24030258,2055,76,0,0
24087161,2127,62,0,0,24137886,1049,49,0,0
24144817,1299,42,0,4,24059384,1542,72,0,0
24059576,2226,40,0,4,24062292,903,41,0,0
24157674,1294,45,0,6,24065117,958,33,0,0
24069672,1193,48,0,3,24139452,1102,52,0,0
24085730,2011,18,0,3,24110273,670,44,0,0
24095184,682,45,0,4,24101369,1259,34,0,0
24116240,309,71,0,2,24082268,922,26,0,0
24160941,823,40,0,0,24046577,722,19,0,0
24034879,2066,39,0,2,24037947,1872,32,0,0
24139992,330,36,0,1,24059303,1229,67,0,0
24176595,1225,60,0,2,24114791,610,44,0,0
24079265,2120,28,0,3,24094151,1152,33,0,0
24153008,2175,55,0,0,24114002,620,120,0,0
24109837,1880,28,0,2,24118329,1027,62,0,0
24064909,1000,141,0,2,24076752,1892,34,0,0
24082144,1620,72,0,0,24034420,906,82,0,0
24035439,878,88,0,1,24042624,1104,55,0,0
24049587,1248,23,0,2,24141204,975,49,0,0
24166249,562,53,0,0,24067107,1874,44,0,0
24071993,1431,51,0,1,24140209,2271,45,0,0
24151911,1605,24,0,1,24058692,1582,66,0,0
24079745,1349,29,0,1,24173199,510,56,0,0
24062124,1541,59,0,3,24065868,1006,102,0,0
24079090,658,27,0,8,24115135,1408,39,0,0
24040311,767,22,0,5,24031862,1118,88,0,0
24062719,481,54,0,2,24030664,1910,53,0,0
24166532,1299,69,0,3,24116091,1740,67,0,0
24086037,712,43,0,2,24154264,2172,49,0,0
24060143,471,21,0,2,24036338,890,63,0,0
24178834,735,44,0,3,24091136,812,34,0,0
24043859,961,35,0,2,24112211,757,46,0,0
24149931,1970,30,0,7,24038765,692,71,0,0
24110897,1467,95,0,2,24097937,847,47,0,0
24134152,1391,45,0,5,24108888,1324,34,0,0
24116476,175,32,0,1,24079456,1662,64,0,0
24173182,1325,33,0,1,24096045,1626,32,0,0
24102243,1706,37,0,2,24106193,1126,20,0,0
24110538,2076,36,0,3,24111813,406,36,0,0
24115883,1517,64,0,0,24159232,918,38,0,0
24158519,1327,80,0,3,24073817,429,65,0,0
24060628,2394,25,0,0,24103826,1394,37,0,0
24168394,347,43,0,0,24102496,1173,14,0,0
24126910,987,61,0,5,24074975,1348,52,0,0
24169168,1135,27,0,1,24145797,1235,49,0,0
24047228,2462,16,0,2,24154493,1694,91,0,0
24107326,685,64,0,1,24152285,995,36,0,0
24157543,699,18,0,0,24073018,1958,43,0,0
24147067,1236,52,0,1,24146401,1818,52,0,0
24153641,371,18,0,1,24037258,1449,64,0,0
24130306,832,47,0,1,24156992,1815,57,0,0
24112213,2128,27,0,2,24074161,1381,34,0,0
24127226,2193,29,0,2,24117708,360,43,0,0
24113860,714,56,0,0,24073255,2123,45,0,0
24045815,685,46,0,5,24124748,652,42,0,0
24035958,1224,79,0,2,24123782,2035,46,0,0
24104178,1100,33,0,1,24138524,902,27,0,0
24060166,898,28,0,2,24176633,2407,24,0,0
24064333,684,41,0,2,24134799,918,35,0,0
24179753,678,19,0,4,24144421,627,29,0,0
24064915,1067,19,0,0,24164192,1254,54,0,0
24096814,1157,30,0,2,24174968,1104,35,0,0
24176573,1184,48,0,0,24140545,1798,51,0,0
24055505,980,78,0,3,24067246,117,84,0,0
24141665,730,46,0,3,24132602,1052,39,0,0
24150477,2196,41,0,1,24077581,1380,120,0,0
24116191,2447,35,0,7,24062323,817,72,0,0
24035640,1060,42,0,9,24053509,908,83,0,0
24067264,1078,68,0,3,24076245,751,34,0,0
24143959,773,57,0,1,24148209,305,67,0,0
24127215,930,80,0,2,24049380,1758,23,0,0
24097806,1482,44,0,1,24057064,459,37,0,0
24121853,743,27,0,1,24178286,1108,35,0,0
24162794,107,71,0,1,24183393,1113,75,0,0
24060878,1642,30,0,3,24053711,1177,40,0,0
24129152,1100,42,0,3,24040633,216,47,0,0
24142486,1940,34,0,1,24162784,745,50,0,0
24046121,651,40,0,1,24078733,981,20,0,0
24089318,1147,20,0,3,24067604,1194,33,0,0
24061102,1159,30,0,0,24152055,511,66,0,0
24173288,617,89,0,0,24067760,1137,106,0,0
24162844,720,17,0,0,24066220,670,26,0,0
24035506,478,39,0,2,24110754,1288,70,0,0
24115657,884,39,0,1,24125867,623,48,0,0
24034540,648,86,0,0,24170675,456,72,0,0
24056303,126,57,0,1,24048852,623,27,0,0
24078792,452,48,0,3,24124594,1811,44,0,0
24090562,869,21,0,1,24184268,225,106,0,0
24130880,1114,51,0,0,24119014,980,21,0,0
24060514,500,149,0,3,24108693,1013,45,0,0
24135776,957,45,0,1,24040625,634,51,0,0
24102073,1823,36,0,3,24085223,840,72,0,0
24155079,855,72,0,2,24039532,941,38,0,0
24105104,1697,47,0,2,24115080,1088,31,0,0
24111238,632,51,0,4,24071125,781,16,0,0
24165324,1188,38,0,1,24111204,204,52,0,0
24165048,895,121,0,0,24103342,1565,51,0,0
24181728,1123,47,0,6,24050788,1625,90,0,0
24047104,998,28,0,0,24164803,1257,94,0,0
24054265,1217,36,0,4,24096270,1867,48,0,0
24081729,1994,41,0,4,24157623,1067,29,0,0
24107711,2161,72,0,4,24088760,659,158,0,0
24163151,875,39,0,2,24134649,1883,42,0,0
24109494,1619,64,0,0,24129828,2011,47,0,0
24146844,1641,36,0,0,24136600,1146,16,0,0
24133014,540,57,0,3,24066932,707,41,0,0
24073850,903,30,0,1,24045481,1198,53,0,0
24154234,630,36,0,1,24082286,991,46,0,0
24183326,766,79,0,3,24136188,1018,37,0,0
24073383,1989,27,0,0,24121840,2114,26,0,0
24172360,1433,35,0,11,24089307,2305,39,0,0
24110074,741,42,0,3,24086482,1645,41,0,0
24051750,911,63,0,2,24090823,1650,39,0,0
24117467,1026,69,0,3,24133955,682,97,0,0
24109230,1414,42,0,0,24124319,1017,28,0,0
24119304,792,50,0,0,24155586,487,41,0,0
24066373,732,25,0,0,24086289,994,74,0,0
24117144,996,41,0,1,24163407,1129,46,0,0
24119018,1398,18,0,3,24120779,1953,38,0,0
24091917,1123,32,0,1,24121058,1963,29,0,0
24047940,1023,23,0,1,24181554,776,59,0,0
24085418,288,83,0,0,24169401,1149,73,0,0
24133784,1314,67,0,1,24134046,1170,37,0,0
24045939,1670,92,0,2,24122874,318,33,0,0
24097284,1296,40,0,2,24180804,632,16,0,0
24120455,1697,17,0,2,24055359,875,47,0,0
24178528,954,21,0,1,24129335,659,38,0,0
24138669,1214,40,0,2,24184364,1680,53,0,0
24109534,917,73,0,0,24158795,1534,26,0,0
24078374,1733,99,0,1,24154009,680,60,0,0
24052634,855,138,0,3,24094106,1595,27,0,0
24040566,879,29,0,5,24156603,1659,50,0,0
24093005,1246,32,0,7,24099701,1798,41,0,0
24067935,1001,48,0,3,24047547,1439,26,0,0
24105627,785,52,0,1,24154716,1450,58,0,0
24128477,652,82,0,4,24173198,868,38,0,0
24067872,1086,51,0,1,24140693,920,63,0,0
24071962,920,46,0,2,24153984,737,58,0,0
24079447,1510,47,0,2,24089769,2510,60,0,0
24101153,1787,37,0,1,24119274,317,42,0,0
24038901,2233,30,0,1,24153603,1509,87,0,0
24048722,1787,58,0,1,24121353,692,95,0,0
24157950,551,51,0,4,24046498,1693,46,0,0
24133600,912,50,0,1,24105204,371,26,0,0
24106207,1194,46,0,4,24041052,1616,46,0,0
24043515,873,50,0,1,24136186,1682,52,0,0
24082282,2577,63,0,3,24140255,830,57,0,0
24101500,867,40,0,4,24124228,1205,71,0,0
24044245,1949,67,0,4,24065238,2131,33,0,0
24135314,893,43,0,3,24127729,1910,49,0,0
24132339,1540,46,0,2,24132163,1101,93,0,0
24118839,1096,39,0,1,24135449,1220,27,0,0
24074075,1082,31,0,2,24065063,1310,22,0,0
24073389,943,90,0,3,24092545,1003,30,0,0
24160316,1326,42,0,5,24068390,1786,33,0,0
24050973,1150,44,0,1,24062043,857,38,0,0
24076158,1007,26,0,1,24058583,701,47,0,0
24049280,1192,71,0,0,24061393,686,229,0,0
24079369,1962,26,0,5,24188686,1431,63,0,0
24146915,1365,23,0,1,24166922,863,28,0,0
24135811,955,63,0,1,24056213,2124,66,0,0
24117801,305,20,0,1,24127893,1447,82,0,0
24105813,2279,67,0,6,24165136,1362,23,0,0
24129468,672,23,0,0,24044156,1965,38,0,0
24120172,648,68,0,1,24083220,711,33,0,0
24172173,1127,29,0,2,24056735,1092,28,0,0
24097563,862,39,0,0,24125454,1433,63,0,0
24122723,1621,66,0,6,24048413,666,71,0,0
24096297,698,33,0,1,24173265,1795,94,0,0
24054927,973,271,0,2,24044646,1696,38,0,0
24140073,159,85,0,1,24160110,1592,55,0,0
24077047,1910,40,0,3,24093413,1498,53,0,0
24142659,495,33,0,1,24042483,1409,18,0,0
24067564,540,59,0,0,24087674,1148,52,0,0
24100274,978,18,0,2,24157259,839,35,0,0
24184389,1666,92,0,1,24155621,1669,38,0,0
24065921,661,24,0,5,24077015,1365,25,0,0
24045100,1117,36,0,0,24050495,1216,28,0,0
24059575,479,50,0,2,24187671,1393,58,0,0
24097104,1304,42,0,3,24181709,639,41,0,0
24116270,1285,73,0,2,24103970,676,39,0,0
24122917,1587,19,0,1,24140963,1685,30,0,0
24104869,645,22,0,0,24090897,910,50,0,0
24138683,829,29,0,1,24164747,1101,46,0,0
24164035,2111,33,0,1,24178021,1739,95,0,0
24053656,778,69,0,4,24088762,1308,53,0,0
24173581,960,54,0,6,24097539,1016,53,0,0
24072702,701,68,0,0,24167993,1158,54,0,0
24046593,210,59,0,2,24040449,1302,27,0,0
24163803,1126,12,0,0,24062402,620,76,0,0
24041738,950,27,0,0,24078440,1098,53,0,0
24107403,233,36,0,0,24159097,1196,35,0,0
24084788,992,50,0,1,24161723,2174,25,0,0
24109134,1120,44,0,4,24165007,494,54,0,0
24093906,703,60,0,0,24157931,531,29,0,0
24070373,1171,72,0,3,24175882,636,43,0,0
24111109,999,31,0,6,24096917,1622,24,0,0
24068218,1491,40,0,5,24155893,2031,25,0,0
24112326,1187,72,0,9,24078618,917,47,0,0
24051832,668,95,0,3,24165013,974,85,0,0
24142542,527,101,0,0,24159286,758,67,0,0
24176474,1948,47,0,2,24080627,351,46,0,0
24178056,847,25,0,1,24147770,166,112,0,0
24133826,1165,32,0,0,24136662,1142,25,0,0
24182798,1274,72,0,1,24159623,299,66,0,0
24097551,976,44,0,9,24049496,1616,63,0,0
24157217,922,75,0,0,24080433,832,37,0,0
24116045,452,47,0,2,24179028,194,17,0,0
24169298,2577,43,0,4,24191655,573,28,0,0
24121398,514,47,0,10,24085823,732,29,0,0
24056106,416,122,0,0,24045157,1196,23,0,0
24190625,1141,59,0,1,24125676,1097,72,0,0
24190399,1775,33,0,1,24118074,1869,53,0,0
24175032,685,41,0,3,24112455,635,40,0,0
24188722,1078,98,0,0,24168070,374,69,0,0
24123039,1806,66,0,0,24134894,1653,50,0,0
24114540,2140,28,0,0,24192253,620,29,0,0
24105010,1125,50,0,2,24070081,1311,25,0,0
24047580,828,30,0,1,24130863,1419,111,0,0
24098611,1663,54,0,0,24129463,1180,34,0,0
24049908,374,58,0,1,24159824,932,39,0,0
24173048,1036,61,0,8,24085613,1574,41,0,0
24163485,583,27,0,2,24141468,677,54,0,1
24105967,553,22,0,0,24072319,993,91,0,0
24151458,1576,27,0,16,24185697,1296,33,0,0
24095748,1021,28,0,1,24153893,940,119,0,0
24119264,1158,66,0,1,24113999,1272,60,0,0
24065958,936,121,0,0,24180017,305,52,0,0
24171929,623,48,0,1,24098327,1540,87,0,0
24160388,1506,18,0,1,24179285,1061,20,0,0
24113593,643,54,0,4,24188507,1713,42,0,0
24170859,2472,45,0,4,24129105,1132,21,0,0
24154044,476,54,0,6,24178400,1086,24,0,0
24095832,1973,22,0,3,24162676,1326,29,0,0
24110548,1373,42,0,1,24181079,713,35,0,0
24121525,932,55,0,2,24084570,683,31,0,0
24114105,616,59,0,3,24089944,959,65,0,0
24072531,1382,42,0,6,24052633,832,39,0,0
24139823,609,46,0,3,24079609,837,32,0,0
24098400,1897,28,0,3,24189761,1296,72,0,0
24053779,1230,38,0,1,24171465,1331,48,0,0
24113741,2519,59,0,7,24062320,1099,34,0,0
24176106,382,15,0,0,24083791,2084,45,0,0
24092451,1272,52,0,0,24102612,617,66,0,0
24129814,786,34,0,3,24126215,1267,82,0,0
24085525,1512,58,0,0,24058382,306,75,0,0
24063151,2028,48,0,1,24097388,2180,53,0,0
24127811,894,60,0,2,24153343,946,43,0,0
24107976,752,50,0,4,24050580,675,60,0,0
24137905,994,73,0,2,24110400,803,24,0,0
24146406,1684,41,0,2,24062654,1567,21,0,0
24153042,1762,43,0,3,24107195,1360,47,0,0
24147249,1072,39,0,4,24158398,797,24,0,0
24068103,780,81,0,5,24194286,1755,25,0,0
24092870,1034,41,0,10,24086326,1459,64,0,0
24085041,647,51,0,2,24139971,1322,24,0,0
24070665,762,49,0,0,24117700,1648,46,0,0
24187660,1150,67,0,0,24178206,1644,78,0,0
24184823,1718,54,0,0,24055855,376,28,0,0
24183455,1029,27,0,0,24122953,307,49,0,0
24173559,2129,31,0,1,24057883,1028,50,0,0
24142164,537,102,0,1,24080841,736,358,0,0
24075045,857,74,0,1,24151663,195,45,0,0
24145992,732,31,0,1,24071475,520,86,0,0
24182379,1463,24,0,7,24136816,1894,34,0,0
24170277,613,94,0,7,24118224,711,44,0,0
24186537,1608,43,0,0,24064726,1310,47,0,0
24186099,1907,39,0,3,24110641,789,121,0,0
24059043,1974,40,0,0,24125378,839,48,0,0
24087794,373,36,0,1,24174760,961,36,0,0
24065897,963,48,0,0,24189297,541,59,0,0
24083821,1462,57,0,1,24159195,1605,54,0,0
24187039,1544,39,0,0,24192934,2181,51,0,0
24163101,1866,44,0,1,24055225,379,124,0,0
24151508,1564,61,0,2,24167688,902,42,0,0
24158775,1071,59,0,3,24191837,449,59,0,0
24071714,1018,14,0,2,24105731,641,81,0,0
24194177,610,82,0,5,24106258,1101,46,0,0
24065330,1239,38,0,3,24058479,1884,37,0,0
24080695,1852,49,0,6,24169218,912,49,0,0
24195277,681,110,0,0,24142381,1015,48,0,0
24088282,782,38,0,1,24058369,712,40,0,0
24113140,1303,59,0,1,24059579,785,36,0,0
24105100,2481,41,0,7,24119365,1059,43,0,0
24125881,1861,51,0,4,24066270,1065,44,0,0
24170428,592,35,0,2,24081934,821,99,0,0
24121208,294,35,0,2,24117354,1913,39,0,0
24062545,806,29,0,3,24084209,1018,48,0,0
24174993,2405,58,0,3,24182130,931,54,0,0
24180799,282,21,0,0,24085544,1607,53,0,0
24185821,1196,61,0,1,24087661,857,67,0,0
24121457,1602,43,0,3,24159420,1201,11,0,0
24070252,542,34,0,4,24172998,1195,55,0,0
24133446,102,56,0,5,24075967,600,52,0,0
24132843,1006,72,0,4,24081239,739,28,0,0
24149925,1698,28,0,4,24136755,671,44,0,0
24094784,394,96,0,2,24065835,1087,43,0,0
24049393,883,42,0,3,24157470,653,20,0,0
24130001,1881,59,0,5,24077380,1045,38,0,0
24101157,650,25,0,6,24096553,2558,47,0,0
24095472,746,39,0,1,24100605,744,61,0,0
24050151,1158,67,0,2,24089286,676,18,0,0
24101271,526,41,0,2,24175295,1534,66,0,0
24067329,538,29,0,1,24145959,762,76,0,0
24145263,818,26,0,0,24157337,1098,26,0,0
24137915,1009,41,0,4,24150453,2298,50,0,0
24153032,1481,106,0,5,24142721,685,39,0,0
24103493,1820,103,0,1,24132738,1280,15,0,0
24123714,1761,30,0,2,24093706,662,51,0,0
24165612,1956,35,0,3,24149760,400,16,0,0
24175294,462,62,0,0,24075362,614,39,0,0
24178580,1168,39,0,4,24177531,1508,48,0,0
24089984,1227,25,0,0,24160345,1107,53,0,0
24191291,873,63,0,0,24082960,516,66,0,0
24184952,829,47,0,13,24100152,874,23,0,0
24094349,735,73,0,2,24166491,1231,101,0,0
24182709,1621,36,0,2,24188997,2478,62,0,0
24064865,1526,29,0,3,24077981,859,50,0,0
24177423,941,37,0,4,24114215,882,27,0,0
24076992,999,51,0,4,24192425,987,40,0,0
24071880,1066,53,0,0,24092825,1467,40,0,0
24098566,341,48,0,5,24166920,1313,30,0,0
24118419,554,29,0,11,24154409,1115,34,0,0
24168784,1508,74,0,0,24096403,1216,19,0,0
24068919,932,49,0,1,24194763,1053,19,0,0
24086139,1203,21,0,17,24073992,1370,59,0,0
24116938,972,95,0,1,24146291,391,83,0,0
24054824,893,87,0,0,24152875,1468,77,0,0
24163043,725,46,0,4,24152245,1202,37,0,0
24170251,1615,88,0,1,24188210,343,41,0,0
24120428,1228,45,0,0,24106592,238,75,0,0
24074577,189,39,0,0,24051990,437,29,0,0
24076418,1233,41,0,1,24068711,2243,47,0,0
24088880,1762,51,0,3,24140761,2056,30,0,0
24161337,688,62,0,6,24180485,1085,44,0,0
24073805,1254,61,0,1,24071739,840,57,0,0
24103021,640,56,0,3,24195183,1322,73,0,0
24158318,715,60,0,1,24177241,875,65,0,0
24162725,878,66,0,1,24198283,1218,54,0,0
24085230,1190,45,0,2,24171090,705,37,0,0
24092550,809,67,0,1,24079341,1240,35,0,0
24154052,2173,60,0,0,24195508,168,26,0,0
24173508,926,46,0,0,24071658,2524,71,0,0
24116538,1330,27,0,0,24111822,1198,42,0,0
24118943,1101,68,0,1,24108233,1128,33,0,0
24118370,2341,23,0,0,24125395,623,61,0,0
24168137,1378,52,0,1,24172210,700,50,0,0
24127345,960,43,0,4,24129566,1039,41,0,0
24108490,182,62,0,4,24200532,980,84,0,0
24194916,1629,50,0,2,24138702,1688,38,0,0
24068986,2320,84,0,4,24187188,1153,48,0,0
24120347,1118,40,0,3,24122046,960,227,0,0
24133591,1510,48,0,0,24051683,800,36,0,0
24167534,408,61,0,0,24144028,1974,39,0,0
24100128,1064,22,0,1,24161528,977,41,0,0
24200468,766,96,0,0,24180806,633,25,0,0
24160626,1667,89,0,0,24140315,211,46,0,0
24127157,864,42,0,1,24185601,1987,38,0,0
24157384,1455,51,0,1,24069951,1862,43,0,0
24054177,879,54,0,2,24168910,1163,26,0,0
24171589,933,43,0,1,24079622,509,44,0,0
24195664,1154,45,0,1,24176246,331,101,0,0
24067748,959,61,0,2,24167878,763,53,0,0
24126225,1381,44,0,1,24058223,1099,41,0,0
24068501,1695,63,0,2,24082845,2502,20,0,0
24074305,1061,43,0,1,24083994,2118,112,0,0
24145950,1666,31,0,1,24085270,2143,63,0,0
24055624,1941,11,0,2,24187950,433,50,0,0
24089238,1918,23,0,2,24098126,1648,22,0,0
24103393,765,86,0,0,24172368,1994,19,0,0
24068902,537,56,0,4,24095487,1189,53,0,0
24181275,536,42,0,1,24193223,1493,19,0,0
24174096,2087,82,0,0,24057462,801,37,0,0
24139996,1267,39,0,4,24077500,1221,49,0,0
24185822,893,38,0,0,24150702,852,68,0,0
24099452,910,19,0,3,24095942,988,34,0,0
24124260,1944,34,0,1,24139397,332,47,0,0
24069869,849,49,0,6,24161798,980,38,0,0
24056923,1636,75,0,6,24079740,1014,36,0,0
24189340,761,53,0,1,24196128,1011,29,0,0
24163437,2112,19,0,3,24070208,1629,40,0,0
24143587,1526,24,0,0,24199383,721,51,0,0
24186651,796,36,0,3,24094656,716,28,0,0
24182187,877,29,0,2,24110220,1022,56,0,0
24173411,615,34,0,3,24149282,2147,51,0,0
24083368,1067,70,0,1,24097307,502,68,0,0
24147731,2075,34,0,2,24101569,1916,57,0,0
24134889,900,63,0,4,24141120,678,33,0,0
24133018,852,22,0,1,24172240,298,49,0,0
24073415,1454,61,0,1,24086334,624,35,0,0
24069472,1356,21,0,0,24194940,645,51,0,0
24084118,1704,41,0,12,24080201,1422,43,0,0
24065709,550,38,0,3,24198301,1164,61,0,0
24175084,1984,59,0,0,24085345,530,83,0,0
24058174,1686,23,0,3,24082723,889,81,0,0
24100108,993,14,0,3,24173608,981,23,0,0
24160506,1513,48,0,3,24187499,1622,76,0,0
24123121,736,36,0,1,24082874,1607,26,0,0
24090815,1851,43,0,4,24140611,131,96,0,0
24093483,1398,35,0,0,24098456,1186,84,0,0
24099157,1663,40,0,0,24092423,225,44,0,0
24080493,1259,61,0,3,24098043,349,38,0,0
24054756,1852,56,0,2,24181514,989,43,0,0
24134279,1614,59,0,2,24128846,2278,27,0,0
24135996,1136,18,0,1,24126927,651,79,0,0
24084468,378,34,0,1,24073711,1297,34,0,0
24057892,1668,59,0,5,24058908,1086,39,0,0
24182251,1607,50,0,2,24151302,1077,55,0,0
24171163,1548,24,0,0,24177478,646,37,0,0
24087962,1218,56,0,0,24177275,776,60,0,0
24115282,329,66,0,6,24136025,571,166,0,0
24200467,2264,44,0,3,24104414,1031,19,0,0
24097655,956,85,0,9,24139147,1523,58,0,0
24080409,433,46,0,1,24059060,1473,26,0,0
24073392,646,78,0,4,24122118,987,81,0,0
24106561,2168,105,0,5,24194232,703,52,0,0
24097713,487,38,0,1,24127742,1611,18,0,0
24188869,2245,37,0,2,24152485,2416,33,0,0
24165745,2168,22,0,2,24061150,912,50,0,0
24102836,1467,56,0,4,24192497,1199,51,0,0
24086884,799,47,0,1,24129097,967,17,0,0
24205226,1311,43,0,4,24184736,1060,85,0,0
24188282,1067,43,0,4,24101001,2011,19,0,0
24177823,2151,41,0,1,24159950,1184,53,0,0
24182441,1365,41,0,0,24110463,1139,89,0,0
24175081,1609,66,0,3,24205253,2178,67,0,0
24184369,656,55,0,3,24171107,837,22,0,0
24131464,1540,63,0,5,24074408,1669,56,0,0
24188309,1468,41,0,7,24070094,1185,27,0,0
24177509,1516,89,0,5,24095591,1210,40,0,0
24124439,645,118,0,5,24111003,947,43,0,0
24078663,1526,34,0,8,24140578,818,26,0,0
24114058,863,37,0,7,24077118,233,24,0,0
24174399,1190,38,0,0,24098214,2144,51,0,0
24069712,1728,59,0,1,24201252,1011,27,0,0
24136352,1051,33,0,6,24133404,913,30,0,0
24123082,618,63,0,0,24206139,1045,66,0,0
24120578,670,53,0,5,24067312,1617,31,0,0
24197226,1176,36,0,9,24108423,107,39,0,0
24063449,822,30,0,6,24066040,1647,40,0,0
24059618,378,47,0,3,24109713,663,51,0,0
24185809,1738,62,0,0,24105667,1639,73,0,0
24176127,576,58,0,3,24192370,1653,31,0,0
24185948,1050,40,0,5,24155732,1014,57,0,0
24068347,1896,33,0,2,24198566,1416,33,0,0
24201541,2338,79,0,5,24087466,1785,63,0,0
24128134,812,31,0,1,24159231,747,25,0,0
24159749,1507,44,0,1,24178814,936,36,0,0
24192347,1307,58,0,3,24105244,751,36,0,0
24079833,752,56,0,1,24170430,501,66,0,0
24198627,736,31,0,3,24100080,1168,94,0,0
24171824,795,53,0,1,24191537,2121,37,0,0
24124944,2444,29,0,0,24065903,451,27,0,0
24154649,286,68,0,1,24206060,1241,37,0,0
24175716,1325,62,0,3,24139931,1111,143,0,0
24080600,615,69,0,0,24070524,1524,25,0,0
24102206,1568,41,0,5,24160562,799,80,0,0
24152992,1511,48,0,1,24161277,360,49,0,0
24092314,1042,39,0,0,24133156,1216,41,0,0
24073454,750,28,0,2,24175468,1109,28,0,0
24148596,1431,55,0,1,24126557,1631,24,0,0
24136460,1005,21,0,8,24179757,475,47,0,0
24174662,1700,57,0,0,24193375,1160,48,0,0
24208585,560,65,0,3,24099160,727,31,0,0
24151110,1482,44,0,3,24130966,360,54,0,0
24105739,621,49,0,1,24078327,694,35,0,0
24128188,310,71,0,1,24202218,1433,12,0,0
24187452,909,30,0,6,24130959,1282,84,0,0
24069861,2132,46,0,1,24141023,1129,46,0,0
24124810,2203,77,0,4,24150839,1129,25,0,0
24209484,2170,37,0,6,24177238,368,50,0,0
24147774,1115,22,0,1,24174367,1328,28,0,0
24188169,1724,43,0,6,24209029,750,70,0,0
24065262,1945,88,0,2,24114249,1214,15,0,0
24189708,739,265,0,1,24097434,560,35,0,0
24182923,605,35,0,0,24104180,1339,44,0,0
24093807,2034,46,0,0,24063805,1199,97,0,0
24068830,1915,29,0,2,24125032,1038,39,0,0
24083396,920,22,0,1,24073108,221,53,0,0
24138191,1919,43,0,1,24146772,940,39,0,0
24171089,1249,30,0,2,24136815,786,47,0,0
24145533,1881,41,0,1,24153348,2077,69,0,0
24177598,1963,31,0,1,24187250,1628,65,0,0
24176593,305,65,0,3,24129979,1152,44,0,0
24180720,981,37,0,2,24138535,514,57,0,0
24207465,1052,48,0,1,24187042,1640,69,0,0
24074693,2473,59,0,2,24136970,374,33,0,0
24203457,1262,43,0,3,24198105,1080,47,0,0
24160017,512,49,0,3,24141121,1706,32,0,0
24166855,966,54,0,3,24147086,350,46,0,0
24073571,2585,41,0,0,24085888,2369,21,0,0
24139454,2189,42,0,4,24129409,1918,60,0,0
24098318,1693,60,0,2,24100841,2038,34,0,0
24166706,714,49,0,4,24207685,999,28,0,0
24176462,1179,47,0,1,24098310,974,42,0,0
24184921,249,65,0,1,24118922,278,67,0,0
24077307,2040,50,0,4,24065472,1297,38,0,0
24184403,873,38,0,0,24107328,1454,50,0,0
24160382,812,44,0,2,24189960,2460,34,0,0
24070273,1958,14,0,12,24087755,900,40,0,0
24210159,880,28,0,1,24089141,1036,44,0,0
24095002,2195,28,0,0,24196702,199,55,0,0
24141601,679,44,0,2,24175787,1066,48,0,0
24076514,120,36,0,3,24084065,726,58,0,0
24091930,255,58,0,5,24162550,442,50,0,0
24158298,266,63,0,3,24169082,1839,35,0,0
24104099,740,42,0,2,24156890,823,26,0,0
24139099,877,35,0,1,24179083,991,51,0,0
24209031,630,43,0,2,24206996,1795,38,0,0
24188209,1720,37,0,4,24092013,999,27,0,0
24070672,2194,33,0,1,24122983,2194,92,0,0
24172657,1038,40,0,0,24168870,758,87,0,0
24183206,1968,41,0,3,24120688,878,20,0,0
24173823,1673,23,0,4,24148962,320,45,0,0
24189840,421,18,0,1,24174036,879,32,0,0
24126964,793,36,0,9,24193361,945,29,0,0
24128336,1298,35,0,0,24176988,1025,40,0,0
24092891,1698,29,0,1,24082399,841,48,0,0
24177876,611,54,0,1,24083536,1680,53,0,0
24180661,1235,17,0,1,24164822,605,46,0,0
24188662,1100,36,0,8,24066630,678,35,0,0
24148693,1223,28,0,0,24065375,343,60,0,0
24064957,503,41,0,2,24193488,905,60,0,0
24111272,1544,28,0,2,24174114,564,26,0,0
24209079,1392,13,0,2,24179221,466,71,0,0
24101092,1534,29,0,0,24138489,1308,27,0,0
24075409,690,58,0,0,24101566,1331,28,0,0
24097622,543,72,0,4,24160028,1788,80,0,0
24172833,585,29,0,2,24085471,1670,39,0,1
24134791,907,25,0,2,24071184,1485,66,0,0
24191386,862,82,0,5,24080798,754,25,0,0
24209338,1280,25,0,0,24124899,1881,60,0,0
24079579,680,49,0,10,24077148,1019,35,0,0
24164405,1732,66,0,1,24148465,1063,45,0,0
24201707,301,34,0,4,24199563,525,55,0,0
24103735,1056,50,0,0,24088709,400,30,0,0
24179217,601,25,0,2,24172050,964,37,0,0
24181127,1211,37,0,1,24081249,1327,26,0,0
24069594,599,37,0,1,24081321,2165,63,0,0
24149014,1125,31,0,5,24160145,837,40,0,0
24182755,214,61,0,6,24200251,271,91,0,0
24198475,615,38,0,0,24138200,867,49,0,0
24113378,970,38,0,2,24124047,1721,47,0,0
24146286,414,63,0,0,24162170,1203,45,0,0
24128606,141,31,0,2,24118000,1194,31,0,0
24081926,1260,29,0,0,24143361,1775,30,0,0
24084213,668,42,0,2,24155510,603,34,0,0
24069085,1306,23,0,1,24201259,2118,12,0,0
24194129,1284,20,0,2,24101300,982,35,0,0
24076316,321,32,0,1,24145513,430,32,0,0
24081794,1465,60,0,4,24125833,403,101,0,0
24213827,747,62,0,1,24213088,1136,51,0,0
24169608,1288,37,0,1,24145086,1147,62,0,0
24188059,1119,33,0,2,24181354,1035,34,0,0
24086860,1703,64,0,8,24138568,857,45,0,0
24105355,529,10,0,0,24150983,1546,104,0,0
24149223,1882,21,0,1,24143450,1325,23,0,0
24196706,976,42,0,3,24184857,675,79,0,0
24084791,1794,22,0,0,24079985,515,33,0,0
24210610,521,46,0,3,24213997,1131,85,0,0
24083908,809,246,0,0,24072245,1144,37,0,0
24215190,626,58,0,4,24072713,1267,50,0,0
24208909,706,63,0,0,24130844,2317,63,0,0
24128363,1227,67,0,3,24208917,1346,51,0,0
24129213,948,42,0,2,24123083,215,33,0,0
24123630,1325,57,0,2,24194086,794,34,0,0
24144879,895,35,0,3,24116759,1668,33,0,0
24160397,1311,159,0,1,24128209,805,82,0,0
24210203,1196,27,0,1,24193622,1699,28,0,0
24182819,944,22,0,6,24205630,625,18,0,0
24079023,1263,41,0,7,24088715,1892,50,0,0
24201793,1318,40,0,2,24184654,246,53,0,0
24137496,2311,92,0,4,24083228,861,43,0,0
24200598,816,21,0,3,24183726,1486,64,0,0
24072399,599,51,0,1,24154275,917,72,0,0
24118536,2363,54,0,3,24152983,1791,63,0,0
24075372,654,55,0,8,24183297,1272,64,0,0
24117172,731,71,0,1,24207388,516,48,0,0
24156101,556,37,0,1,24125417,1865,35,0,0
24135312,1359,40,0,5,24089128,1542,25,0,0
24100568,523,30,0,1,24141567,257,107,0,0
24095370,417,79,0,0,24114675,1697,44,0,0
24143536,1198,65,0,3,24139124,551,79,0,0
24126649,608,24,0,0,24138661,1095,44,0,0
24180938,366,56,0,4,24160328,312,98,0,0
24148553,276,81,0,1,24117472,408,38,0,0
24215765,1258,30,0,2,24191170,1129,68,0,0
24142410,762,89,0,3,24083260,531,24,0,0
24092001,1568,41,0,15,24087336,463,34,0,0
24091746,300,41,0,1,24145127,868,51,0,0
24085763,1475,23,0,2,24150899,791,44,0,0
24154837,1227,92,0,2,24112663,510,53,0,0
24079890,1115,72,0,0,24215203,1350,36,0,0
24189797,1672,30,0,3,24195537,733,58,0,0
24187205,772,117,0,0,24198574,608,44,0,0
24170934,783,32,0,4,24096733,823,35,0,0
24173133,1285,64,0,0,24113498,150,98,0,0
24094300,1138,55,0,0,24106927,935,15,0,0
24180067,803,36,0,1,24212651,2186,22,0,0
24185696,839,49,0,0,24136991,2088,37,0,0
24082953,1700,23,0,5,24173264,995,42,0,0
24176454,1899,33,0,0,24076748,2236,33,0,0
24145357,2479,51,0,6,24163228,473,24,0,0
24137935,1597,50,0,1,24124424,1333,55,0,0
24126829,1932,38,0,11,24134906,399,62,0,0
24101925,1286,34,0,4,24147517,850,39,0,0
24177810,671,46,0,0,24122533,1646,21,0,0
24126189,1772,33,0,5,24195810,2081,53,0,0
24137879,396,36,0,2,24140824,1920,22,0,0
24088286,2505,38,0,2,24135989,724,26,0,0
24150195,323,28,0,1,24096132,1353,56,0,0
24181178,1908,29,0,1,24070331,1001,37,0,0
24210014,1688,27,0,4,24122861,2116,28,0,0
24200260,672,67,0,1,24134683,434,30,0,0
24106986,1242,29,0,1,24079442,912,34,0,0
24077756,2408,48,0,2,24124966,999,58,0,0
24102101,878,44,0,0,24182223,427,24,0,0
24131244,1211,17,0,0,24102491,1062,103,0,0
24100906,925,76,0,2,24198190,1722,27,0,0
24112517,1899,41,0,0,24152722,1680,49,0,0
24072677,1318,38,0,12,24093622,304,125,0,0
24176397,887,47,0,1,24170063,1604,81,0,0
24086226,1421,45,0,0,24130668,639,58,0,0
24094234,1110,47,0,3,24163811,1228,22,0,0
24193699,1613,78,0,2,24151198,415,75,0,0
24171129,1070,27,0,4,24194426,103,79,0,0
24184706,986,40,0,0,24137529,1978,45,0,0
24220640,1809,58,0,1,24095523,609,31,0,0
24147170,1315,48,0,1,24167279,330,34,0,0
24124883,1689,27,0,3,24149137,867,28,0,0
24147835,1213,46,0,0,24132929,651,67,0,0
24174880,2245,27,0,1,24101537,370,59,0,0
24156513,690,62,0,2,24193319,606,38,0,0
24111430,1005,113,0,1,24165923,891,72,0,0
24189541,1128,106,0,1,24080704,540,26,0,0
24120166,597,35,0,3,24072725,845,37,0,0
24149058,563,51,0,0,24075903,1193,31,0,0
24156497,822,42,0,0,24108711,1798,74,0,0
24083105,850,50,0,3,24110828,646,14,0,0
24171421,1694,36,0,2,24208233,1180,20,0,0
24089776,1022,102,0,0,24072120,1688,75,0,0
24180915,747,53,0,3,24128646,966,14,0,0
24147694,1957,95,0,3,24170539,1652,49,0,0
24156677,2598,27,0,3,24136937,1338,82,0,0
24140955,2113,88,0,7,24196439,1620,57,0,0
24080090,791,41,0,2,24109346,1191,44,0,0
24118346,1431,51,0,0,24215884,1203,50,0,0
24197728,832,38,0,0,24210919,1007,33,0,0
24179522,2015,109,0,4,24102917,1397,42,0,0
24148385,628,93,0,1,24115198,512,61,0,0
24110531,354,26,0,4,24082704,1979,24,0,0
24160727,1137,15,0,5,24136148,1033,40,0,0
24173520,685,51,0,4,24159276,1512,32,0,0
24141670,998,44,0,0,24096041,666,107,0,0
24218414,1465,23,0,2,24176715,1074,44,0,0
24080046,983,51,0,1,24221357,1573,48,0,0
24128576,852,62,0,5,24169317,929,35,0,0
24137200,1067,38,0,1,24157035,2133,42,0,0
24122543,1001,38,0,0,24216590,1147,23,0,0
24100379,1881,68,0,4,24146458,807,38,0,0
24204538,1473,41,0,7,24119616,192,166,0,0
24148729,763,38,0,10,24158649,1631,55,0,0
24160796,973,29,0,1,24075991,1892,25,0,0
24141311,670,84,0,4,24148159,1110,76,0,0
24221271,791,58,0,5,24116779,1138,104,0,0
24190169,1026,42,0,0,24190057,1230,58,0,0
24203694,1042,35,0,0,24207752,177,32,0,0
24142312,811,58,0,0,24136525,393,36,0,0
24182264,1121,33,0,1,24155207,1136,45,0,0
24083777,385,47,0,2,24159967,855,37,0,0
24217397,682,83,0,0,24165667,1291,22,0,0
24210133,2111,43,0,0,24100664,982,123,0,0
24123327,843,43,0,0,24189553,860,59,0,0
24118118,2248,49,0,0,24176006,491,79,0,0
24192166,232,28,0,3,24112734,830,31,0,0
24140635,978,51,0,3,24201124,1364,39,0,0
24110085,716,80,0,3,24143954,2086,67,0,0
24167483,1089,36,0,1,24181893,1520,74,0,0
24109076,1769,47,0,3,24146454,1858,60,0,0
24084923,1792,26,0,1,24080336,585,20,0,0
24206481,2311,83,0,1,24150062,721,26,0,0
24205925,1088,45,0,0,24171249,1037,41,0,0
24077323,1598,26,0,3,24179524,680,53,0,0
24186526,1457,27,0,2,24218981,1363,71,0,0
24107007,912,54,0,5,24115757,1738,26,0,0
24079072,1426,24,0,6,24127590,1692,57,0,0
24186566,1070,22,0,0,24166725,643,19,0,0
24109966,1635,42,0,4,24188822,747,56,0,0
24092535,1830,36,0,5,24112516,259,30,0,0
24160269,629,99,0,0,24186752,1332,40,0,0
24210016,1131,80,0,2,24102586,413,22,0,0
24075389,172,53,0,6,24119051,631,26,0,0
24195794,1942,27,0,2,24076345,1655,143,0,0
24212100,1291,43,0,0,24113003,1481,22,0,0
24145454,2189,98,0,2,24216189,1121,21,0,0
24136234,1109,46,0,2,24100588,990,91,0,0
24166217,911,25,0,3,24128990,1855,44,0,0
24203961,763,80,0,2,24221078,671,58,0,0
24173253,1124,28,0,0,24084826,666,42,0,0
24105450,541,40,0,2,24183256,1672,66,0,0
24223024,2378,26,0,2,24181857,197,41,0,0
24155574,1162,26,0,3,24128381,976,23,0,0
24088965,1871,31,0,1,24083992,663,63,0,0
24226565,2028,36,0,6,24146527,1994,17,0,0
24153746,1372,102,0,3,24130544,1306,45,0,0
24205003,1452,54,0,2,24118799,1254,18,0,0
24223140,774,23,0,6,24192261,710,107,0,0
24125134,778,41,0,3,24198909,1451,14,0,0
24184294,1161,44,0,4,24183960,1043,44,0,0
24158467,1321,86,0,2,24110655,747,49,0,0
24109171,666,52,0,2,24206095,1315,30,0,0
24085654,1172,57,0,1,24094879,273,57,0,0
24202376,437,53,0,2,24182042,1521,79,0,0
24116384,1424,68,0,4,24221516,913,40,0,0
24129699,787,83,0,0,24080180,1747,24,0,0
24126294,265,52,0,0,24221613,958,52,0,0
24186702,833,36,0,8,24086841,111,29,0,0
24120489,450,45,0,1,24224744,1356,51,0,0
24144011,1676,37,0,1,24167834,1266,18,0,0
24093167,600,38,0,0,24084200,1034,32,0,0
24103681,2180,65,0,5,24163965,807,83,0,0
24144546,665,47,0,1,24139491,1675,32,0,0
24111929,1999,44,0,1,24155353,324,106,0,0
24093186,2112,35,0,4,24187147,677,76,0,0
24175270,1752,25,0,4,24159763,1748,57,0,0
24080902,1157,152,0,5,24127752,128,38,0,0
24197729,1121,57,0,0,24122890,1704,61,0,0
24141453,1766,32,0,2,24218191,2235,61,0,0
24161993,649,109,0,3,24091656,960,46,0,0
24198172,1339,75,0,4,24104365,265,60,0,0
24199325,1205,26,0,1,24095688,1574,29,0,0
24098984,1269,68,0,2,24107882,2086,52,0,0
24122520,1761,55,0,0,24078994,1660,57,0,0
24174078,1967,25,0,1,24204831,1337,43,0,0
24128379,2122,18,0,1,24098322,991,32,0,0
24224530,523,59,0,0,24166663,749,31,0,0
24156580,219,122,0,3,24223597,363,56,0,0
24150872,1703,24,0,2,24118960,1349,21,0,0
24142766,479,66,0,5,24201468,1629,26,0,0
24177405,1130,25,0,0,24174492,615,60,0,0
24096551,123,122,0,0,24164779,1092,58,0,0
24156114,1255,71,0,1,24183120,1031,20,0,0
24217030,826,42,0,6,24193212,1216,32,0,0
24129547,676,50,0,15,24207053,1437,48,0,0
24115223,1863,37,0,5,24084422,2532,36,0,0
24189030,1290,65,0,1,24116446,1239,40,0,0
24188640,1262,55,0,3,24205289,831,24,0,0
24141771,322,34,0,0,24221789,1110,28,0,0
24099518,2112,41,0,3,24128299,644,20,0,0
24117602,934,49,0,2,24170452,1765,28,0,0
24079698,798,32,0,1,24079649,482,41,0,0
24139572,1117,45,0,2,24130650,750,55,0,0
24119985,990,46,0,3,24199166,900,78,0,0
24181276,1745,68,0,1,24083071,1177,41,0,0
24136726,604,70,0,6,24090490,1211,31,0,0
24209874,433,38,0,1,24194276,1508,68,0,0
24202729,672,36,0,0,24176678,2274,22,0,0
24210991,1192,74,0,0,24170785,753,36,0,0
24130588,1232,44,0,0,24103803,2403,65,0,0
24112616,160,21,0,4,24184297,508,55,0,0
24168535,1037,29,0,0,24087839,487,46,0,0
24092440,1048,20,0,2,24162534,906,75,0,0
24140310,160,61,0,9,24183414,1722,50,0,0
24177473,405,45,0,1,24107298,722,67,0,0
24211716,1120,50,0,0,24110407,1373,47,0,0
24149550,720,20,0,2,24218005,1108,32,0,0
24162931,640,50,0,10,24107235,1335,44,0,0
24178150,1428,60,0,3,24193753,1624,24,0,0
24189138,710,22,0,2,24154896,657,51,0,0
24105716,509,39,0,0,24136823,1089,34,0,0
24095918,764,28,0,1,24181271,1296,25,0,0
24193466,1792,34,0,5,24165361,1025,26,0,0
24204224,1074,34,0,2,24213063,1130,55,0,0
24201608,116,86,0,1,24147958,992,80,0,0
24081693,1926,21,0,8,24141933,578,41,0,0
24112289,472,46,0,0,24172887,2495,63,0,0
24230588,1798,79,0,0,24214754,1853,66,0,0
24089004,661,211,0,2,24104359,2143,20,0,0
24179962,1946,51,0,6,24116868,1698,66,0,0
24160748,817,50,0,3,24165527,1122,34,0,0
24152534,1168,79,0,1,24129558,826,31,0,0
24151099,866,36,0,1,24088949,1786,17,0,0
24168256,909,60,0,0,24209857,1143,81,0,0
24117989,835,15,0,6,24156342,1639,39,0,0
24210949,1124,62,0,0,24112893,878,63,0,0
24172305,757,55,0,1,24126911,2220,51,0,0
24187140,1708,39,0,1,24089123,570,36,0,0
24192399,1375,117,0,2,24195464,712,55,0,1
24091647,2437,20,0,2,24207156,1366,17,0,0
24226979,549,20,0,1,24145906,971,57,0,0
24189758,1829,56,0,1,24094411,383,52,0,0
24209099,2130,42,0,1,24200437,1080,28,0,0
24091126,350,83,0,1,24151359,1597,32,0,0
24174645,1153,59,0,2,24119695,886,111,0,0
24205526,1674,84,0,7,24224070,945,53,0,0
24139678,2168,23,0,2,24123627,631,57,0,0
24190077,858,29,0,1,24194301,676,44,0,0
24227625,2056,41,0,2,24210312,1968,41,0,0
24227824,1459,36,0,0,24096682,540,94,0,0
24177327,872,28,0,3,24205649,1069,52,0,0
24083958,1942,17,0,0,24125225,571,58,0,0
24103708,863,35,0,0,24105544,1479,68,0,0
24122137,1376,41,0,5,24154462,414,86,0,0
24090950,1080,34,0,2,24136655,217,35,0,0
24219976,1127,69,0,0,24097536,2420,41,0,0
24229783,625,92,0,4,24192193,692,79,0,0
24184818,265,21,0,0,24173023,1525,39,0,0
24228540,806,18,0,9,24131959,2067,70,0,0
24181797,1264,57,0,0,24155967,913,71,0,0
24098248,577,45,0,6,24198639,1347,53,0,0
24123422,516,44,0,2,24101411,1075,20,0,0
24173681,2454,27,0,5,24156073,1137,37,0,2
24220592,1402,32,0,0,24221732,841,26,0,0
24231109,2521,46,0,0,24185307,2233,24,0,0
24115434,1273,63,0,1,24155911,2058,45,0,0
24220613,605,24,0,3,24133484,1003,69,0,0
24138482,1835,27,0,1,24194106,1007,57,0,0
24133324,694,49,0,4,24179824,912,77,0,0
24126701,1238,39,0,1,24084999,805,59,0,0
24124721,1976,25,0,5,24202023,301,34,0,0
24130063,352,24,0,2,24184094,1814,25,0,0
24228699,521,64,0,0,24121019,207,70,0,0
24135117,927,21,0,4,24215678,1013,85,0,0
24188266,960,66,0,5,24139612,1846,85,0,0
24182993,850,45,0,1,24184043,1232,47,0,0
24091586,1967,65,0,1,24173244,2539,64,0,0
24219422,272,24,0,1,24165158,117,42,0,0
24219485,1843,42,0,4,24155972,619,115,0,0
24097619,760,43,0,5,24142080,1333,27,0,0
24209137,851,57,0,4,24145519,945,85,0,0
24113920,912,67,0,1,24137638,1253,34,0,0
24192498,239,60,0,1,24222705,1287,67,0,0
24116140,923,61,0,2,24219014,550,26,0,0
24171899,1008,62,0,1,24228126,850,39,0,0
24156656,948,23,0,2,24225591,1669,30,0,0
24147466,843,26,0,3,24190477,1143,52,0,0
24126921,2118,53,0,1,24226939,1728,45,0,0
24184325,1629,22,0,1,24151076,1599,46,0,0
24120960,622,28,0,2,24134096,664,92,0,0
24184412,1609,18,0,1,24127556,1197,39,0,0
24100216,1614,21,0,1,24181725,1080,62,0,0
24225115,2033,84,0,1,24228204,675,46,0,0
24209674,2100,37,0,3,24088896,228,108,0,0
24225807,2106,54,0,0,24101060,353,61,0,0
24132558,685,54,0,0,24224239,1217,65,0,0
24142879,978,63,0,3,24135243,768,39,0,0
24140125,588,21,0,1,24226005,1362,22,0,0
24130800,1015,79,0,6,24129451,639,34,0,0
24180760,1365,40,0,0,24176689,867,44,0,0
24104618,790,79,0,4,24205733,1239,43,0,0
24173569,2671,25,0,3,24217781,804,21,0,0
24087879,959,44,0,0,24200305,1396,30,0,0
24141085,611,77,0,4,24123520,859,67,0,0
24159181,1200,31,0,2,24171638,1241,29,0,0
24194034,176,97,0,0,24154513,1790,20,0,0
24098932,1121,71,0,2,24198335,699,71,0,0
24097720,1200,83,0,3,24190177,908,35,0,0
24206975,561,59,0,6,24103596,1201,39,0,0
24175712,1139,36,0,6,24186695,1539,31,0,0
24085951,433,53,0,1,24152892,1766,57,0,0
24203250,652,61,0,2,24189765,463,51,0,0
24185244,1067,76,0,1,24091852,1277,36,0,0
24087454,1511,29,0,1,24117747,1150,39,0,0
24154320,1100,43,0,3,24232376,665,72,0,0
24233916,770,46,0,3,24130083,124,49,0,0
24181308,1104,46,0,13,24107867,1109,38,0,0
24214772,1062,24,0,3,24222372,1224,39,0,0
24170869,2073,32,0,3,24227789,687,43,0,0
24146184,660,48,0,1,24185000,655,35,0,0
24089380,1264,49,0,0,24150276,850,26,0,0
24227551,514,74,0,1,24112878,930,24,0,0
24187061,1714,31,0,4,24134398,151,50,0,0
24212535,1703,25,0,2,24121573,1016,26,0,0
24133317,653,44,0,4,24140765,1817,31,0,1
24090723,1546,69,0,0,24125103,600,69,0,0
24190307,761,74,0,1,24170977,1452,15,0,0
24136448,1858,50,0,1,24175660,898,58,0,0
24101272,251,52,0,1,24201439,971,44,0,0
24159274,295,35,0,1,24110859,209,21,0,0
24101908,1100,36,0,1,24096399,1595,44,0,0
24127966,869,19,0,2,24189552,284,44,0,0
24125449,1389,75,0,1,24176002,179,30,0,0
24226801,869,48,0,0,24141123,1353,55,0,0
24162945,803,47,0,8,24189964,1171,33,0,0
24115563,918,55,0,1,24153521,862,29,0,0
24133667,2022,39,0,2,24216263,1307,32,0,0
24110766,1323,60,0,3,24158496,1151,22,0,0
24214057,1201,46,0,3,24147917,359,40,0,0
24192428,810,29,0,4,24209380,943,43,0,0
24179385,2171,41,0,1,24218521,1694,25,0,0
24103709,620,32,0,2,24115027,2176,36,0,0
24177015,1469,32,0,0,24182859,603,53,0,0
24206310,875,79,0,0,24216748,1229,71,0,0
24208113,1423,39,0,0,24136264,1312,53,0,0
24233649,1102,31,0,2,24089198,718,42,0,0
24124855,1224,61,0,0,24228909,1601,27,0,0
24228836,1363,27,0,0,24213899,722,47,0,0
24119028,1348,52,0,1,24151405,1372,48,0,0
24168357,885,20,0,2,24216353,823,43,0,0
24230489,1235,27,0,2,24237133,1899,26,0,0
24090034,353,57,0,3,24105905,2077,101,0,0
24102904,1620,25,0,0,24183718,417,27,0,0
24128298,302,54,0,0,24174159,1125,23,0,0
24096855,1572,58,0,1,24152040,1089,74,0,0
24146459,961,128,0,2,24109770,1155,35,0,0
24184938,1361,32,0,1,24203150,994,28,0,0
24129768,762,24,0,1,24183567,1833,68,0,0
24149810,1374,73,0,3,24171503,1120,63,0,0
24113720,1175,71,0,0,24219942,895,115,0,0
24233057,1181,41,0,0,24117134,556,15,0,0
24109894,1081,43,0,2,24114413,1021,46,0,0
24136874,769,56,0,1,24187457,884,90,0,0
24151298,1965,24,0,0,24117844,984,86,0,0
24128345,661,77,0,3,24175375,1696,53,0,0
24160553,791,16,0,3,24108041,845,25,0,0
24198499,2116,97,0,1,24238887,211,73,0,0
24202900,1240,22,0,1,24149979,1120,64,0,0
24236289,594,22,0,1,24127076,1220,70,0,0
24107337,2211,59,0,2,24147323,936,60,0,0
24162238,1140,20,0,4,24207473,1242,80,0,0
24222914,422,21,0,4,24205185,888,32,0,0
24091786,652,52,0,9,24127091,409,42,0,0
24109324,265,82,0,4,24157169,807,19,0,0
24214609,2088,28,0,0,24198271,746,39,0,0
24200494,781,74,0,1,24092348,1627,30,0,0
24153666,1132,62,0,3,24117950,1005,54,0,0
24097877,927,91,0,3,24163529,689,50,0,0
24224233,505,52,0,5,24108334,1712,54,0,0
24186333,680,33,0,2,24110152,1864,46,0,0
24231082,1995,35,0,1,24096737,1366,70,0,0
24115793,2040,38,0,6,24207293,1315,43,0,0
24148668,2366,15,0,4,24130542,436,99,0,0
24102115,1412,23,0,1,24150714,666,67,0,0
24166437,982,31,0,1,24239436,1176,81,0,0
24121877,1565,61,0,1,24106690,900,35,0,0
24103264,607,48,0,3,24125994,1132,83,0,0
24169466,1027,39,0,0,24127108,1000,54,0,0
24131552,1694,86,0,2,24185937,1246,25,0,0
24137598,570,45,0,10,24186992,888,46,0,0
24157028,1320,51,0,1,24182084,1807,32,0,0
24202990,587,94,0,2,24157777,2373,27,0,0
24101497,1119,64,0,3,24171815,360,20,0,0
24182617,2154,20,0,0,24172088,687,43,0,0
24215599,1348,38,0,1,24175692,251,58,0,0
24146553,1613,55,0,4,24163019,1734,19,0,0
24203991,1419,42,0,1,24184588,2240,27,0,0
24229194,852,56,0,2,24118626,610,43,0,0
24195617,965,37,0,1,24191146,446,43,0,0
24203073,950,43,0,10,24177463,650,18,0,0
24193641,1861,41,0,2,24111575,343,80,0,0
24232590,1668,74,0,3,24127718,1352,30,0,0
24170169,178,50,0,1,24220250,1216,46,0,0
24132371,1048,49,0,5,24209324,1007,54,0,0
24167744,1211,29,0,1,24205535,713,74,0,0
24171136,1106,38,0,1,24132613,1534,47,0,0
24212028,259,37,0,9,24116981,814,22,0,0
24115646,1442,69,0,0,24216549,1515,35,0,0
24127866,955,114,0,3,24121606,1113,49,0,0
24183850,1140,59,0,1,24140671,1417,76,0,0
24238076,1642,26,0,2,24232871,971,56,0,0
24131426,932,48,0,5,24224833,1104,48,0,0
24239761,1688,23,0,0,24209978,983,91,0,0
24128749,1527,53,0,1,24239087,191,33,0,0
24229594,295,64,0,5,24239233,2590,45,0,0
24146935,2114,89,0,2,24102719,1429,64,0,0
24135263,486,23,0,4,24093043,1756,66,0,0
24139148,1002,19,0,1,24098639,299,86,0,0
24170565,461,18,0,2,24176640,752,99,0,0
24191582,1126,38,0,2,24227456,1149,71,0,0
24137411,989,68,0,0,24195370,593,52,0,0
24184553,1834,86,0,1,24138319,826,57,0,0
24121611,1308,68,0,3,24095516,957,61,0,0
24102979,1631,31,0,0,24215606,1087,40,0,0
24093467,1709,48,0,6,24207749,1268,52,0,0
24107622,1287,47,0,2,24116816,954,148,0,0
24180302,1385,38,0,3,24122922,1568,48,0,0
24212204,959,43,0,2,24193233,1793,26,0,0
24125538,1557,37,0,3,24212947,1124,24,0,0
24210644,1045,54,0,1,24234862,1195,36,0,0
24170784,755,61,0,2,24205248,2104,33,0,0
24215659,1554,47,0,2,24104878,390,33,0,0
24109143,2574,26,0,1,24179185,1809,42,0,0
24110638,884,66,0,1,24218933,1628,69,0,0
24162961,775,47,0,1,24122663,1228,45,0,0
24191604,1591,49,0,2,24207525,1479,33,0,0
24239186,453,26,0,1,24241026,1443,20,0,0
24194056,1066,26,0,1,24154063,528,58,0,0
24104201,1461,39,0,1,24183095,1742,35,0,0
24149922,218,32,0,3,24138614,868,59,0,0
24150366,1086,65,0,1,24231349,1636,38,0,0
24139520,800,17,0,1,24139624,936,55,0,0
24204708,1234,43,0,0,24142630,407,67,0,0
24154254,1301,16,0,1,24146893,1479,25,0,0
24174210,688,57,0,7,24216602,816,46,0,0
24152711,852,63,0,1,24157011,1198,43,0,0
24219127,925,60,0,1,24193857,944,37,0,0
24167535,1041,27,0,5,24163086,1235,41,0,0
24095988,1995,41,0,2,24108091,1660,45,0,0
24160111,1502,67,0,3,24231137,982,24,0,0
24216988,1222,39,0,1,24129350,804,31,0,0
24206745,646,52,0,2,24110910,186,38,0,0
24170537,745,29,0,0,24215583,607,24,0,0
24219486,284,77,0,2,24165220,1515,95,0,0
24145265,760,62,0,5,24129064,645,23,0,0
24170491,736,46,0,1,24170095,1194,30,0,0
24216332,640,40,0,3,24238614,735,23,0,0
24103714,887,143,0,3,24207415,646,47,0,0
24210892,1285,41,0,2,24098861,502,47,0,0
24137782,2025,63,0,1,24197061,1457,44,0,0
24154816,851,50,0,1,24246040,909,47,0,0
24216510,2517,35,0,8,24184981,576,34,0,0
24169052,1725,29,0,2,24111981,1029,125,0,0
24202014,1431,26,0,1,24240159,1111,51,0,0
24173627,914,37,0,1,24181960,1410,25,0,0
24123359,1626,95,0,1,24238511,573,37,0,0
24221383,1439,17,0,1,24160156,158,143,0,0
24207099,697,38,0,5,24115770,1918,26,0,0
24243892,1105,30,0,8,24129227,1673,45,0,0
24156728,1457,21,0,0,24226965,850,56,0,0
24201111,371,23,0,5,24186028,1366,80,0,0
24136381,656,74,0,0,24185783,985,50,0,0
24124497,1049,55,0,2,24220623,618,55,0,0
24193495,1480,25,0,4,24159253,607,99,0,0
24100391,887,38,0,1,24124309,1573,34,0,0
24197773,986,26,0,2,24170791,521,26,0,0
24233605,1171,47,0,6,24203890,565,77,0,0
24201904,159,505,0,1,24114812,875,39,0,0
24176140,1108,24,0,1,24168391,1669,31,0,0
24201505,1092,44,0,1,24229991,1497,63,0,0
24115936,776,30,0,0,24108594,1138,65,0,0
24200294,831,23,0,1,24224565,579,77,0,0
24244060,1664,25,0,0,24181533,1634,74,0,0
24202470,1730,70,0,3,24116883,1194,57,0,0
24149792,1337,60,0,2,24132986,1106,27,0,0
24102788,217,59,0,3,24215707,1512,24,0,0
24238621,124,33,0,2,24221224,639,85,0,0
24184564,995,42,0,6,24178900,810,35,0,0
24239670,914,79,0,1,24104684,1764,55,0,0
24218513,1294,33,0,2,24186123,847,38,0,0
24146948,519,51,0,2,24113326,1686,19,0,0
24153336,1907,57,0,0,24117449,503,69,0,0
24156568,607,50,0,3,24147592,593,45,0,0
24167496,559,43,0,8,24154087,827,40,0,0
24161198,963,37,0,1,24124187,1565,38,0,0
24186332,1502,48,0,6,24174184,1201,18,0,0
24139484,597,58,0,3,24160208,606,51,0,0
24221866,275,30,0,1,24099163,1515,41,0,0
24116755,1727,63,0,0,24240314,1066,40,0,0
24218220,1161,29,0,5,24249831,515,68,0,0
24232536,1519,34,0,4,24145003,890,46,0,0
24195199,1053,69,0,0,24117401,785,68,0,0
24213790,1083,73,0,4,24193208,771,34,0,0
24250403,1992,116,0,6,24138904,1627,25,0,0
24185778,1181,37,0,1,24223852,1431,43,0,0
24124068,1231,21,0,3,24152946,1183,67,0,1
24206707,1510,48,0,1,24106825,587,51,0,0
24214234,2156,38,0,3,24235699,1276,56,0,0
24125061,235,47,0,3,24170450,1346,22,0,0
24103657,644,29,0,2,24193301,1653,45,0,0
24101633,1807,35,0,0,24147123,782,20,0,0
24225223,2222,33,0,7,24153239,1333,49,0,0
24101105,763,31,0,6,24118537,1550,37,0,0
24201358,258,88,0,5,24238239,161,35,0,0
24236062,1597,64,0,1,24157447,1164,58,0,0
24249617,1439,53,0,0,24167657,270,37,0,0
24251756,1648,65,0,1,24160946,997,40,0,0
24195375,1918,40,0,0,24105819,1601,28,0,0
24225023,1196,32,0,1,24108109,935,47,0,0
24170547,1155,49,0,1,24180801,251,57,0,0
24237205,1644,22,0,1,24192219,1106,58,0,0
24194171,1285,40,0,1,24241442,1695,20,0,0
24124237,283,47,0,0,24223149,2143,33,0,0
24111453,1026,24,0,7,24131525,801,194,0,0
24181731,1612,49,0,0,24170279,1606,50,0,0
24118589,294,66,0,1,24197251,773,68,0,0
24225851,1195,48,0,5,24221036,614,48,0,0
24228843,1026,83,0,1,24207967,1662,28,0,0
24140460,748,44,0,1,24241138,2423,50,0,0
24114678,958,76,0,1,24252866,471,27,0,0
24160738,2126,42,0,5,24206196,1121,57,0,0
24180218,1064,81,0,1,24195077,2553,21,0,0
24165552,285,37,0,3,24174305,1977,36,0,0
24117436,639,54,0,0,24203021,1188,22,0,0
24175422,282,84,0,0,24205905,474,42,0,0
24227745,1519,78,0,5,24217246,2155,78,0,0
24117292,776,26,0,2,24146352,1672,56,0,0
24226743,1661,43,0,1,24202298,1057,48,0,0
24209504,1453,46,0,2,24126206,447,58,0,0
24154210,314,48,0,0,24207619,424,68,0,0
24239039,870,58,0,1,24254099,1210,67,0,0
24229357,1691,27,0,7,24224270,133,21,0,0
24191442,1106,59,0,0,24124136,547,51,0,0
24126632,1821,51,0,0,24220003,986,46,0,0
24135641,1889,39,0,0,24189921,1118,186,0,0
24219199,1690,63,0,0,24174348,1077,21,0,0
24129198,1401,32,0,4,24181231,1430,59,0,0
24156557,1140,26,0,1,24230507,2315,57,0,0
24157573,693,69,0,2,24243770,753,51,0,0
24120360,691,31,0,1,24130492,979,30,0,0
24205600,854,27,0,6,24102472,1385,33,0,0
24237134,1074,65,0,2,24125138,1544,23,0,0
24116314,1255,45,0,7,24214364,1794,57,0,0
24178545,950,40,0,12,24103386,1323,35,0,0
24102209,138,35,0,1,24158022,891,31,0,0
24207077,534,64,0,3,24156881,404,64,0,0
24193029,464,43,0,3,24244659,1002,45,0,0
24243055,1147,66,0,9,24203230,2121,27,0,0
24196495,630,54,0,1,24196902,1583,39,0,0
24203782,688,56,0,4,24229626,578,50,0,0
24117816,476,34,0,0,24201130,1098,37,0,0
24222541,1302,52,0,1,24176433,1646,26,0,0
24205071,1796,44,0,1,24232974,665,66,0,0
24129374,1603,35,0,0,24121872,1918,55,0,0
24194620,263,78,0,0,24233783,926,47,0,0
24239199,397,39,0,1,24144439,748,37,0,0
24245815,1511,64,0,1,24225371,715,88,0,0
24140141,778,23,0,1,24202003,1799,41,0,0
24111671,1034,30,0,0,24252609,1638,40,0,0
24127083,1365,69,0,4,24184550,791,41,0,0
24240998,2065,34,0,2,24236789,1946,34,0,0
24194555,1702,44,0,2,24116030,2288,36,0,0
24209411,911,58,0,3,24173717,1687,40,0,0
24242343,1127,56,0,2,24129610,996,71,0,0
24125982,409,62,0,7,24160003,1207,51,0,0
24145971,885,66,0,1,24151660,299,17,0,0
24158136,1483,40,0,3,24158623,457,34,0,0
24234992,1183,86,0,3,24251007,1586,41,0,0
24193149,1045,38,0,4,24112605,973,29,0,0
24241559,1178,42,0,4,24254231,1435,80,0,0
24223077,989,32,0,3,24133374,491,92,0,0
24184972,1142,168,0,4,24110376,867,37,0,0
24171741,2151,31,0,1,24199031,1051,143,0,0
24172000,2090,32,0,2,24170601,1383,58,0,0
24217206,1007,74,0,1,24120067,1363,28,0,0
24107817,909,28,0,6,24214605,621,18,0,0
24153552,1417,66,0,3,24246371,847,129,0,0
24152403,436,31,0,13,24168035,1850,39,0,0
24190620,1772,78,0,1,24205669,1221,24,0,0
24191673,1021,66,0,0,24109860,1127,54,0,0
24195825,1552,23,0,2,24114452,693,61,0,0
24169412,777,21,0,2,24213810,872,39,0,0
24159548,756,97,0,3,24160918,1980,16,0,0
24217527,2134,74,0,4,24189564,549,34,0,0
24191494,657,44,0,0,24113291,1924,76,0,0
24104975,2158,44,0,3,24191986,756,37,0,0
24220682,1160,63,0,0,24130782,818,86,0,0
24187498,856,41,0,3,24219324,662,61,0,0
24133102,426,163,0,9,24145958,1232,22,0,0
24233150,856,113,0,0,24219201,913,51,0,0
24184912,1081,49,0,2,24229163,743,61,0,0
24193336,665,16,0,1,24255073,2045,55,0,0
24202738,1709,18,0,7,24204412,1769,34,0,0
24200700,420,85,0,1,24181908,509,31,0,0
24187280,820,132,0,2,24139079,618,65,0,0
24126078,2289,41,0,1,24230663,241,59,0,0
24131172,1245,67,0,0,24115828,1103,57,0,0
24192894,1377,25,0,3,24235977,2190,61,0,0
24185789,2493,56,0,5,24141011,806,55,0,0
24216554,1240,45,0,4,24115440,1678,81,0,0
24227750,1879,35,0,4,24172636,1160,19,0,0
24128317,693,20,0,2,24126234,865,58,0,0
24107549,834,53,0,0,24124128,651,195,0,0
24231002,1365,48,0,2,24113636,1783,59,0,0
24184278,1182,181,0,1,24234417,1747,24,0,0
24153721,963,27,0,5,24201866,603,76,0,0
24110475,1966,34,0,1,24147850,1200,30,0,0
24218110,1149,58,0,7,24174846,1378,32,0,0
24193369,748,20,0,3,24233901,724,83,0,0
24114155,1905,42,0,1,24127606,1655,67,0,0
24135277,1273,62,0,5,24248914,423,38,0,0
24227473,964,39,0,9,24129284,1491,28,0,0
24123366,2067,30,0,2,24243705,1673,20,0,0
24201136,1291,32,0,3,24219383,1069,48,0,0
24179316,1282,41,0,1,24247860,949,41,0,0
24202273,1373,19,0,5,24191174,1418,40,0,0
24150691,1908,71,0,6,24230042,1074,49,0,0
24185955,656,55,0,1,24126235,1160,27,0,0
24118272,2563,20,0,1,24237287,1585,43,0,0
24191686,1127,24,0,2,24112940,1533,63,0,0
24245259,932,86,0,1,24258388,109,28,0,0
24108036,651,148,0,0,24187902,673,41,0,0
24125827,620,84,0,2,24112586,462,32,0,0
24114265,953,44,0,5,24188528,1748,53,0,0
24157287,146,49,0,0,24139038,1136,43,0,0
24236025,612,45,0,1,24254676,607,113,0,0
24159207,659,88,0,0,24205102,2392,62,0,0
24129051,1413,73,0,3,24166128,1275,85,0,0
24164521,729,31,0,4,24239401,673,26,0,0
24132248,1242,78,0,1,24240106,1655,56,0,0
24199200,730,49,0,3,24203609,2212,40,0,0
24160276,2134,43,0,0,24234457,1047,56,0,0
24174077,1394,40,0,0,24248101,1121,33,0,0
24238958,492,45,0,0,24173607,1675,37,0,0
24164216,1059,33,0,0,24243734,1760,48,0,0
24234110,1075,50,0,1,24190743,1187,84,0,0
24199310,1124,74,0,1,24179453,539,59,0,0
24231175,797,76,0,1,24114431,973,34,0,0
24215538,1470,29,0,2,24206477,2522,60,0,0
24176116,980,29,0,2,24172783,1211,20,0,0
24251646,1656,38,0,3,24194627,2009,63,0,0
24236509,885,49,0,6,24239048,1692,37,0,0
24129187,1684,27,0,1,24224957,649,67,0,0
24194866,1621,33,0,3,24231198,1271,40,0,0
24244182,2185,26,0,1,24127860,387,32,0,0
24191662,1465,27,0,0,24173415,139,71,0,0
24168460,2413,25,0,1,24258525,1570,28,0,0
24180180,632,51,0,1,24138495,631,99,0,0
24235226,510,53,0,4,24206602,643,48,0,0
24216664,1051,36,0,4,24162069,439,66,0,0
24207020,736,68,0,1,24251104,1168,68,0,0
24259515,2602,64,0,2,24123614,1344,58,0,0
24167399,553,58,0,0,24133764,386,94,0,0
24203920,1465,33,0,2,24258956,484,25,0,0
24126490,857,40,0,2,24169968,863,21,0,0
24113978,1190,42,0,2,24259688,1577,34,0,0
24161700,564,52,0,1,24182508,931,45,0,0
24230953,860,24,0,2,24199486,1271,20,0,0
24161435,369,47,0,1,24243890,815,20,0,0
24194654,1330,54,0,5,24254390,641,64,0,0
24184761,1135,64,0,0,24243311,455,67,0,0
24186435,542,98,0,3,24179127,210,26,0,0
24164301,1136,33,0,2,24168797,1160,29,0,0
24222462,1677,54,0,2,24220862,851,31,0,0
24235808,763,39,0,12,24217406,817,26,0,0
24173040,1785,42,0,3,24150918,1360,74,0,0
24160518,713,40,0,1,24125365,1469,42,0,0
24118804,658,69,0,0,24178725,1113,31,0,0
24180110,364,59,0,0,24237634,1149,57,0,0
24234261,758,45,0,0,24219226,2299,58,0,0
24177321,986,46,0,4,24113118,1740,37,0,0
24200068,2108,76,0,10,24126731,1742,58,0,0
24145220,1150,24,0,1,24141492,1031,32,0,0
24161972,1661,16,0,1,24158898,704,63,0,0
24161904,1107,46,0,1,24115052,1267,48,0,0
24232728,1531,39,0,4,24145655,2190,32,0,0
24185598,783,38,0,3,24246542,1050,70,0,0
24203855,1436,82,0,11,24258222,1658,15,0,0
24247117,262,56,0,6,24190719,627,36,0,0
24256493,174,37,0,0,24115391,1147,77,0,0
24181471,1186,21,0,4,24170835,2519,42,0,0
24263504,1082,56,0,0,24179675,1572,91,0,0
24226088,994,26,0,1,24148727,576,69,0,0
24118875,700,63,0,1,24171588,1654,49,0,0
24218008,2256,66,0,3,24243341,2237,46,0,0
24175262,844,40,0,1,24163845,2133,29,0,0
24261230,870,16,0,3,24198660,1206,76,0,0
24262438,2114,26,0,2,24248835,1615,83,0,0
24253186,445,65,0,3,24254754,1396,80,0,0
24127601,1302,83,0,0,24251153,1618,54,0,0
24142176,1141,43,0,0,24194791,747,108,0,0
24159693,751,36,0,0,24115267,1512,47,0,0
24115699,170,41,0,4,24141241,430,95,0,0
24242912,993,33,0,3,24121663,519,72,0,0
24150023,1091,32,0,2,24159683,918,80,0,0
24236693,514,65,0,1,24248357,705,47,0,0
24258870,539,33,0,0,24210814,768,68,0,0
24177666,1618,41,0,5,24208677,241,112,0,0
24231936,360,58,0,4,24129867,660,21,0,0
24245042,480,70,0,1,24175261,2154,53,0,0
24241634,2185,33,0,4,24133165,803,67,0,0
24244154,1356,51,0,8,24133430,1691,29,0,0
24202782,986,38,0,4,24259643,703,87,0,0
24235076,470,145,0,4,24132348,178,67,0,0
24225939,412,26,0,0,24195276,1640,44,0,0
24237825,1831,53,0,1,24143772,1133,39,0,0
24222851,1209,30,0,5,24191250,586,45,0,0
24266679,1617,39,0,4,24174770,581,47,0,0
24122668,1328,36,0,2,24259798,2004,44,0,0
24131580,669,27,0,2,24230603,840,65,0,0
24159310,223,17,0,1,24200358,908,28,0,0
24225670,2118,20,0,1,24117452,1506,45,0,0
24181027,894,44,0,1,24120708,1259,32,0,0
24182201,979,33,0,1,24148781,1062,74,0,0
24165985,1118,56,0,1,24260410,2388,27,0,0
24260481,1163,47,0,1,24228464,1150,28,0,0
24174319,1145,69,0,1,24133663,768,43,0,0
24117054,1337,28,0,1,24228888,543,25,0,0
24248470,654,38,0,9,24157048,363,52,0,0
24264782,1854,67,0,5,24148874,907,30,0,0
24257542,617,39,0,1,24177302,1440,22,0,0
24120871,525,74,0,2,24238850,643,93,0,0
24213934,1448,42,0,1,24124730,564,33,0,0
24260864,1633,249,0,1,24266727,1896,37,0,0
24216663,1623,52,0,0,24199887,728,32,0,0
24212940,1198,27,0,2,24258758,2430,32,0,0
24263835,303,22,0,0,24117576,319,46,0,0
24224488,639,49,0,0,24173007,1136,55,0,0
24117015,1654,37,0,1,24201120,305,47,0,0
24145777,706,34,0,2,24229714,1469,46,0,0
24211634,1719,55,0,1,24142799,661,39,0,0
24204000,465,25,0,0,24189131,1532,31,0,0
24216254,249,65,0,5,24259758,1913,48,0,0
24172988,767,27,0,5,24229284,203,33,0,0
24170776,212,27,0,2,24197990,719,92,0,0
24200594,1416,44,0,4,24217274,1440,70,0,0
24214793,813,58,0,9,24253269,698,40,0,0
24267300,2157,41,0,0,24195124,1233,46,0,0
24192069,850,38,0,5,24257411,431,68,0,0
24168122,1545,29,0,0,24180115,993,28,0,0
24170171,2096,23,0,2,24258977,2569,41,0,0
24130928,882,26,0,3,24197823,282,61,0,0
24230857,670,70,0,3,24141000,838,25,0,0
24190488,857,93,0,2,24222941,1672,40,0,0
24209436,841,84,0,0,24200496,809,31,0,0
24145486,1148,41,0,1,24131899,1186,84,0,0
24149438,436,99,0,0,24221967,958,74,0,0
24168617,2126,83,0,7,24159273,1415,34,0,0
24229642,1572,53,0,4,24217425,444,73,0,0
24132816,2368,14,0,0,24255334,1008,34,0,0
24256433,1256,23,0,0,24165784,1064,98,0,0
24244702,639,61,0,0,24207089,1366,69,0,0
24179728,1795,56,0,1,24138137,715,33,0,0
24259210,1043,52,0,0,24209802,1004,64,0,0
24243554,1118,95,0,0,24194213,138,31,0,0
24239353,1045,51,0,1,24154822,1070,63,0,0
24232892,698,70,0,3,24258781,935,55,0,0
24134963,935,36,0,1,24204336,940,43,0,0
24157073,2027,63,0,2,24242531,1541,38,0,0
24175990,922,73,0,1,24123483,2113,38,0,0
24268788,1119,19,0,4,24148959,1911,56,0,0
24171221,207,32,0,0,24184684,1167,42,0,0
24188952,1025,32,0,1,24219046,630,44,0,0
24205863,286,38,0,3,24169726,744,68,0,0
24199604,155,55,0,3,24148361,1443,37,0,0
24199130,442,149,0,0,24255128,1648,31,0,0
24269927,1241,31,0,3,24262983,1132,46,0,0
24144611,1807,41,0,0,24175052,641,20,0,0
24175559,1786,31,0,0,24191993,779,32,0,0
24248538,200,38,0,1,24217848,461,51,0,0
24224062,602,45,0,1,24145891,1170,40,0,0
24134982,1769,81,0,3,24129936,1602,46,0,0
24129917,1127,50,0,1,24256130,1749,40,0,0
24150028,1161,27,0,1,24179428,1906,27,0,0
24247479,956,65,0,0,24124505,1759,64,0,0
24182432,1137,33,0,1,24174833,492,64,0,0
24142905,464,39,0,2,24182824,1101,89,0,0
24184388,1847,32,0,0,24236210,685,48,0,0
24162592,1248,24,0,0,24198344,1591,43,0,0
24146456,1518,17,0,1,24250268,2388,45,0,0
24224200,862,43,0,4,24227063,1267,46,0,0
24211336,1363,52,0,2,24126947,862,89,0,0
24158561,1651,37,0,1,24236515,2435,50,0,0
24245497,941,41,0,0,24186577,788,61,0,0
24170481,1667,78,0,4,24196424,104,47,0,0
24230480,992,51,0,2,24187100,201,73,0,0
24265402,557,31,0,8,24208299,1251,45,0,0
24234997,618,30,0,1,24228825,1479,50,0,0
24247404,2156,47,0,0,24126894,919,65,0,0
24208527,616,45,0,1,24209430,2135,36,0,0
24162929,728,30,0,3,24268413,2302,31,0,0
24192243,1235,24,0,0,24175561,246,35,0,0
24217306,1469,55,0,5,24148094,1093,34,0,0
24161653,1497,93,0,5,24226282,610,30,0,0
24213268,2345,24,0,2,24146835,1087,50,0,0
24232582,977,31,0,1,24151809,1638,35,0,0
24122648,857,49,0,3,24252504,1447,52,0,0
24159150,1523,47,0,11,24142072,1786,54,0,0
24258104,924,40,0,1,24122325,883,21,0,0
24121235,628,23,0,1,24196345,1501,32,0,0
24243266,1753,77,0,0,24200569,1664,55,0,0
24149089,1153,24,0,1,24236046,1146,27,0,0
24153045,966,34,0,2,24206819,536,38,0,0
24208365,821,70,0,1,24170886,1436,27,0,0
24164954,578,68,0,3,24233728,2314,37,0,0
24130004,1209,84,0,4,24237091,308,46,0,0
24129874,635,39,0,3,24182204,924,216,0,0
24136299,1342,72,0,1,24224302,1560,53,0,0
24155759,1200,42,0,4,24241482,1882,14,0,0
24166565,677,51,0,1,24231692,1182,56,0,0
24197258,866,61,0,1,24204282,969,35,0,0
24208327,599,43,0,7,24201264,104,19,0,0
24228671,883,59,0,1,24124190,1087,34,0,0
24150410,927,122,0,3,24224345,649,44,0,0
24143383,1603,19,0,3,24243402,969,56,0,0
24179095,895,73,0,3,24231170,220,46,0,0
24176080,990,33,0,2,24238941,1201,39,0,0
24164873,900,75,0,1,24201399,822,137,0,0
24145200,1053,45,0,2,24208356,929,50,0,0
24145892,968,27,0,3,24185671,1135,31,0,0
24262757,1558,39,0,2,24232597,883,31,0,0
24146125,761,83,0,4,24252071,448,82,0,0
24210667,1384,63,0,3,24122947,1440,42,0,0
24227219,448,29,0,0,24140908,1674,26,0,0
24216989,562,45,0,1,24160196,1558,50,0,0
24208344,1570,24,0,0,24178727,922,27,0,0
24242692,526,41,0,4,24137802,1180,48,0,0
24194793,937,56,0,1,24140022,1531,20,0,0
24205865,1159,78,0,0,24127726,385,143,0,0
24177676,1886,24,0,0,24167064,1485,49,0,0
24125758,741,65,0,1,24202740,1396,15,0,0
24248438,948,79,0,0,24250671,1321,47,0,0
24225376,1298,28,0,8,24164599,821,31,0,0
24237975,1012,52,0,3,24246342,2188,51,0,0
24252867,2101,56,0,5,24260467,1185,87,0,0
24167710,667,36,0,0,24169315,1314,50,0,0
24225052,866,35,0,0,24192392,467,39,0,0
24183777,1473,46,0,2,24228218,1291,68,0,0
24184738,779,53,0,2,24219733,1928,45,0,0
24154729,1003,41,0,1,24176069,1535,37,0,0
24179402,447,31,0,1,24144677,612,62,0,0
24158358,824,55,0,0,24184283,668,33,0,0
24126455,1689,73,0,1,24228906,758,69,0,0
24149127,589,45,0,1,24129571,692,46,0,0
24175537,1345,18,0,9,24192702,2406,45,0,0
24153820,1559,31,0,1,24172301,1999,59,0,0
24168431,744,59,0,1,24141604,1911,34,0,0
24155809,1285,28,0,5,24213159,708,50,0,0
24235322,634,14,0,1,24183252,1870,18,0,0
24225752,2107,50,0,1,24209868,453,81,0,0
24147360,477,72,0,0,24146494,1073,37,0,0
24226687,1998,13,0,2,24230204,872,38,0,0
24238485,2406,40,0,0,24199574,729,28,0,0
24210981,678,36,0,0,24139389,1427,25,0,0
24198423,1007,74,0,1,24131984,1027,48,0,0
24191056,1333,37,0,0,24198610,607,35,0,0
24273907,2262,57,0,2,24170167,1097,115,0,0
24271025,461,45,0,2,24209719,639,40,0,0
24231290,579,53,0,1,24250467,1454,58,0,0
24214988,453,35,0,2,24231103,795,54,0,0
24192122,910,65,0,1,24274287,1149,53,0,0
24147599,1076,69,0,6,24160427,1796,46,0,0
24179239,660,58,0,1,24231848,1468,44,0,0
24132996,1678,23,0,0,24163855,822,100,0,0
24191544,1118,53,0,10,24234948,454,17,0,0
24133173,1667,28,0,4,24134936,1126,28,0,0
24175150,410,54,0,1,24270193,1586,50,0,0
24220524,507,55,0,0,24258434,116,153,0,0
24264076,2552,35,0,3,24202115,527,48,0,0
24165242,687,32,0,4,24126885,711,47,0,0
24207632,1539,55,0,1,24178841,714,115,0,0
24221021,1559,40,0,0,24156876,1441,34,0,0
24211356,1450,173,0,3,24258319,1214,25,0,0
24243312,817,41,0,3,24160775,251,82,0,0
24270241,909,57,0,0,24160287,825,42,0,0
24222641,1652,48,0,0,24253509,1092,55,0,0
24157177,1651,61,0,1,24227435,178,76,0,0
24127346,1367,66,0,0,24212336,1438,53,0,0
24206166,1291,61,0,1,24270545,632,48,0,0
24195652,1132,54,0,1,24210908,1599,25,0,0
24233627,386,32,0,4,24166353,1163,21,0,0
24195575,354,45,0,1,24267546,759,58,0,0
24190914,1197,21,0,1,24176098,1472,67,0,0
24201580,1051,40,0,2,24242238,429,39,0,0
24273532,524,53,0,1,24169889,1809,42,0,0
24177633,599,56,0,1,24170109,2561,58,0,0
24261844,1160,58,0,1,24249678,1185,36,0,0
24209493,1785,19,0,1,24135227,2197,97,0,0
24213749,886,120,0,2,24264201,1793,34,0,0
24229887,644,67,0,2,24253083,750,85,0,0
24269183,2185,55,0,1,24220697,1366,169,0,0
24240834,1122,59,0,3,24216921,1867,26,0,0
24278184,685,36,0,0,24186325,876,48,0,0
24264829,1188,72,0,1,24248749,949,52,0,0
24169637,2083,42,0,2,24272060,1350,25,0,0
24278552,1830,44,0,2,24183921,371,109,0,0
24221949,2056,37,0,0,24251733,529,66,0,0
24225394,818,44,0,1,24158583,837,52,0,0
24231768,502,14,0,3,24250727,605,81,0,0
24228299,1658,46,0,1,24224604,787,68,0,0
24239698,1319,29,0,4,24240518,1618,33,0,0
24184842,1828,34,0,3,24163255,361,138,0,0
24216586,1007,43,0,0,24160177,709,45,0,0
24165286,2482,26,0,0,24201246,862,94,0,0
24136235,1319,29,0,2,24141741,1211,43,0,0
24248561,2179,22,0,0,24261679,1435,18,0,0
24215027,1249,39,0,4,24147479,313,21,0,0
24173139,1308,23,0,5,24135813,994,59,0,0
24183310,2001,63,0,4,24149317,692,71,0,0
24269312,1179,72,0,1,24168652,1518,107,0,0
24194782,2113,57,0,8,24270228,1344,11,0,0
24200108,380,53,0,3,24196191,1375,62,0,0
24219169,162,84,0,2,24210404,689,50,0,0
24174681,1784,36,0,2,24202021,600,24,0,0
24263271,187,62,0,3,24151485,1698,85,0,0
24138888,572,65,0,3,24177138,2497,14,0,0
24153078,1013,82,0,1,24172689,566,47,0,0
24150172,1132,67,0,5,24159511,1595,56,0,0
24146006,203,83,0,5,24171156,1106,17,0,0
24191846,996,36,0,1,24178889,973,75,0,0
24151507,1227,46,0,3,24164203,318,18,0,0
24236918,926,29,0,3,24242824,483,43,0,0
24193217,2085,50,0,1,24275290,731,75,0,0
24172896,1723,30,0,2,24235694,445,75,0,0
24221855,1009,80,0,1,24200765,2193,77,0,0
24138688,1471,88,0,7,24263668,1637,41,0,0
24177408,293,16,0,1,24264186,326,54,0,0
24129482,1743,42,0,0,24176074,1357,33,0,0
24202118,688,17,0,9,24168081,1106,25,0,0
24250529,1035,62,0,1,24158520,999,60,0,0
24234865,1035,51,0,0,24135045,1143,46,0,0
24251525,1443,45,0,9,24136218,666,54,0,0
24204562,661,64,0,2,24238966,486,57,0,0
24208701,344,72,0,2,24273489,1050,72,0,0
24198963,1781,58,0,1,24133780,1292,22,0,0
24157305,1013,35,0,2,24235310,1049,59,0,0
24161657,632,54,0,3,24165348,1043,33,0,0
24277166,1355,29,0,3,24225169,662,54,0,0
24249252,1057,54,0,2,24144031,1342,31,0,0
24167291,1169,60,0,0,24175491,2563,45,0,0
24150272,2057,41,0,1,24184859,1286,46,0,0
24268115,428,44,0,0,24176600,1426,64,0,0
24149323,1005,71,0,6,24173462,266,97,0,0
24164213,501,35,0,1,24255538,606,60,0,0
24202147,649,25,0,2,24196611,711,65,0,0
24261915,888,22,0,0,24224220,1025,43,0,0
24273620,511,59,0,1,24220583,872,60,0,0
24264294,1879,40,0,0,24138726,1736,26,0,0
24198433,1020,32,0,1,24238486,1376,46,0,0
24266332,907,80,0,0,24257549,2241,38,0,0
24281648,735,57,0,5,24206423,709,28,0,0
24259266,1396,58,0,6,24238921,1179,22,0,0
24280632,912,31,0,3,24207727,744,85,0,0
24271056,2464,22,0,1,24233146,1005,52,0,0
24169355,868,23,0,3,24259245,885,41,0,0
24264520,1284,98,0,6,24273612,947,41,0,0
24175654,1022,51,0,2,24150365,117,80,0,0
24181618,812,51,0,3,24138527,850,59,0,0
24228070,1123,100,0,3,24224580,607,45,0,0
24157100,1287,34,0,2,24241247,1386,49,0,0
24237628,613,39,0,2,24246801,1016,40,0,0
24182216,1921,79,0,5,24178132,794,107,0,0
24150197,1167,34,0,1,24213751,1152,75,0,0
24194883,1288,45,0,1,24137543,1065,97,0,0
24147043,1370,32,0,2,24184321,1178,32,0,0
24172271,1165,53,0,0,24208655,1679,37,0,0
24222975,2173,48,0,1,24277648,1392,17,0,0
24230065,1051,20,0,3,24251996,979,28,0,0
24264338,2203,83,0,0,24197603,408,52,0,0
24242707,2199,43,0,0,24248703,2591,62,0,0
24202809,702,37,0,2,24183172,1553,96,0,0
24228412,1135,34,0,1,24234570,487,56,0,0
24253828,801,29,0,8,24264118,837,77,0,0
24268585,1906,63,0,1,24228387,1724,31,0,0
24192769,1746,56,0,0,24199608,861,63,0,0
24156697,480,28,0,1,24256976,925,58,0,0
24154879,997,23,0,0,24188256,2026,27,0,0
24191197,1492,63,0,1,24277157,1070,56,0,0
24185424,1157,107,0,1,24136807,572,33,0,0
24269453,1233,37,0,0,24155989,1287,38,0,0
24193978,652,29,0,3,24250863,1477,42,0,0
24244329,1000,44,0,2,24196390,216,56,0,0
24159022,769,48,0,1,24242477,386,74,0,0
24219419,1826,77,0,2,24257482,1504,54,0,0
24168770,595,60,0,1,24136610,1975,56,0,0
24201080,148,28,0,2,24134576,944,35,0,0
24203244,1203,130,0,1,24152071,1601,61,0,0
24187207,1068,81,0,2,24232650,1270,57,0,0
24174129,842,27,0,1,24204941,768,40,0,0
24254083,1630,33,0,1,24180008,1753,40,0,0
24189751,1807,39,0,2,24164037,937,47,0,0
24283735,764,26,0,3,24133568,606,69,0,0
24280297,1443,41,0,1,24220122,1067,14,0,0
24157994,443,74,0,6,24186748,672,68,0,0
24245231,447,48,0,4,24190038,681,38,0,0
24277311,243,38,0,4,24168426,831,50,0,0
24228991,873,40,0,3,24225328,805,37,0,0
24231710,1086,75,0,4,24198994,167,41,0,0
24216813,1189,78,0,2,24275248,1430,36,0,0
24268713,927,43,0,3,24206976,865,34,0,0
24208559,618,48,0,6,24163682,343,26,0,0
24205340,850,45,0,2,24190218,1110,43,0,0
24226651,868,36,0,3,24158395,993,46,0,0
24249730,606,84,0,0,24192482,339,58,0,0
24177255,918,23,0,3,24224303,1114,57,0,0
24177447,1111,68,0,2,24168899,1850,31,0,0
24200110,454,134,0,2,24198877,2148,40,0,0
24163411,935,19,0,3,24234812,1318,63,0,0
24228141,802,75,0,17,24176317,1923,39,0,0
24258510,1226,46,0,1,24150834,935,37,0,0
24151841,1178,44,0,0,24242290,287,48,0,0
24149524,1184,59,0,5,24250927,1726,15,0,0
24254704,561,30,0,5,24228879,1643,61,0,0
24192011,1179,25,0,3,24234035,713,62,0,0
24233378,1146,77,0,1,24179469,2351,26,0,0
24225874,1245,31,0,7,24226942,432,52,0,0
24225342,447,52,0,0,24234186,908,52,0,0
24214798,1693,45,0,2,24270594,523,60,0,0
24231796,533,53,0,2,24243045,2130,22,0,0
24253190,824,55,0,0,24264809,1380,62,0,0
24150687,1077,19,0,2,24140103,1047,86,0,0
24151070,686,72,0,8,24239213,1904,44,0,0
24232913,1099,54,0,1,24180870,997,34,0,0
24183223,733,92,0,0,24163374,1889,40,0,0
24163424,790,45,0,3,24163568,998,47,0,0
24188413,1216,29,0,1,24264188,321,89,0,0
24262818,955,41,0,0,24194314,621,72,0,0
24186075,1132,38,0,0,24189089,1423,52,0,0
24221923,127,96,0,6,24236330,633,28,0,0
24147775,2346,42,0,0,24250555,825,68,0,0
24197428,1315,87,0,6,24272376,2121,26,0,0
24203953,455,106,0,2,24174223,1571,21,0,0
24270458,1471,81,0,0,24245124,1733,60,0,0
24233753,1067,48,0,5,24170650,2318,25,0,0
24207028,1139,65,0,0,24198818,505,124,0,0
24173209,583,69,0,4,24164480,1441,14,0,0
24186465,1229,59,0,1,24191024,1839,40,0,0
24285966,1271,46,0,2,24227880,2004,53,0,0
24231260,1645,20,0,1,24185982,1910,34,0,0
24173064,717,54,0,4,24177020,1446,52,0,0
24267635,796,44,0,1,24213654,1255,62,0,0
24248594,1118,48,0,2,24243310,1922,43,0,0
24159193,1508,26,0,0,24177525,976,43,0,0
24202499,2116,29,0,2,24165679,1795,26,0,0
24171069,1632,67,0,1,24188275,1056,34,0,0
24198590,1108,42,0,4,24174015,584,40,0,0
24199414,1106,29,0,1,24274923,798,16,0,0
24139445,1182,41,0,4,24267456,697,83,0,0
24288939,1020,41,0,1,24141742,679,49,0,0
24259416,723,47,0,2,24215673,1261,35,0,0
24150873,990,57,0,4,24139522,840,51,0,0
24157503,882,47,0,0,24203880,650,25,0,0
24274998,571,92,0,1,24264928,798,72,0,0
24267084,600,42,0,0,24286977,1059,45,0,0
24158736,2197,40,0,1,24268817,2107,29,0,0
24144765,1512,49,0,0,24155478,1083,70,0,0
24174194,140,39,0,3,24273203,700,39,0,0
24213641,1313,73,0,6,24176056,1143,37,0,0
24164785,1279,41,0,2,24284277,610,36,0,0
24208549,1642,51,0,2,24283877,809,32,0,0
24272437,1222,60,0,2,24152877,2058,38,0,0
24192042,561,49,0,4,24204038,1771,71,0,0
24263780,1190,24,0,2,24144177,189,117,0,0
24139875,913,74,0,7,24279613,705,80,0,0
24267170,411,84,0,1,24192909,1441,50,0,0
24164371,612,56,0,6,24251437,1765,34,0,0
24268537,1506,30,0,2,24288493,1146,69,0,0
24266308,1082,61,0,4,24247014,941,43,0,0
24203700,1805,34,0,1,24178149,1118,78,0,0
24159728,1650,33,0,0,24253610,1267,59,0,0
24145902,1307,32,0,7,24201812,907,35,0,0
24285813,1147,30,0,3,24172750,2193,49,0,0
24240003,1364,70,0,1,24277923,669,45,0,0
24220657,272,68,0,0,24280084,1050,81,0,0
24210928,775,81,0,1,24152185,1167,39,0,0
24195716,330,32,0,4,24258748,789,20,0,0
24291413,682,30,0,3,24157751,2342,68,0,0
24248775,958,60,0,1,24149878,430,92,0,0
24263838,1649,72,0,3,24141187,211,99,0,0
24141983,1256,47,0,4,24186881,2063,28,0,0
24232633,2355,34,0,8,24287260,650,46,0,0
24271083,709,35,0,2,24234818,453,25,0,0
24232426,1224,54,0,0,24165080,1677,90,0,0
24254821,1353,32,0,1,24215814,1184,34,0,0
24229506,1930,56,0,5,24184677,1146,45,0,0
24145731,1179,54,0,4,24255842,351,35,0,0
24255962,1064,56,0,3,24196741,1553,21,0,0
24264320,800,40,0,1,24258809,1328,49,0,0
24176372,724,52,0,1,24184235,820,46,0,0
24265624,1444,38,0,1,24234084,1070,39,0,0
24274983,277,111,0,1,24251236,867,22,0,0
24176762,417,57,0,5,24147250,1078,62,0,0
24201873,764,59,0,1,24267009,956,48,0,0
24163328,2228,28,0,2,24287212,467,76,0,1
24221961,1259,57,0,2,24208535,1146,27,0,0
24248040,491,39,0,6,24227706,810,48,0,0
24248149,681,15,0,1,24209027,1657,13,0,0
24180230,2154,37,0,4,24282181,1920,19,0,0
24143199,535,35,0,2,24278337,682,51,0,0
24189037,1144,25,0,6,24203069,1068,61,0,0
24284748,1207,22,0,2,24251231,1107,25,0,0
24238988,2308,34,0,1,24255619,555,36,0,0
24249164,1741,39,0,8,24213707,1873,21,0,0
24234096,1563,29,0,4,24253268,1031,25,0,0
24216957,1651,43,0,0,24226499,1194,53,0,0
24269998,415,80,0,5,24202691,954,26,0,0
24142095,913,112,0,0,24143996,430,74,0,0
24197035,464,19,0,0,24161059,874,20,0,0
24289922,702,46,0,0,24252828,1184,31,0,0
24182177,2167,65,0,5,24240999,736,39,0,0
24174167,2335,41,0,1,24214878,758,27,0,0
24268005,1344,84,0,1,24282817,1187,40,0,0
24218758,1406,41,0,1,24272050,432,58,0,0
24276068,1534,85,0,1,24156636,922,21,0,0
24148031,1918,22,0,1,24277854,1376,55,0,0
24186966,1422,52,0,0,24209006,967,52,0,0
24247201,633,62,0,4,24247429,1002,48,0,0
24194983,1534,32,0,3,24291439,1374,36,0,0
24239581,1131,50,0,1,24176061,1397,103,0,0
24153553,807,49,0,1,24287677,1781,46,0,0
24167844,1635,26,0,2,24217250,1402,75,0,0
24288358,1155,35,0,4,24282528,1355,32,0,0
24226631,354,60,0,0,24220358,1395,25,0,0
24279959,954,16,0,6,24226784,509,44,0,0
24223894,2030,62,0,2,24287498,458,82,0,0
24284253,1234,53,0,0,24252844,2584,20,0,0
24184587,466,48,0,0,24224140,960,50,0,0
24163510,355,70,0,4,24189373,1671,23,0,0
24188007,1139,50,0,0,24164653,1586,47,0,0
24169771,852,24,0,8,24266897,2069,89,0,0
24207593,1355,29,0,0,24157383,1028,61,0,0
24162480,1344,130,0,1,24291561,158,52,0,0
24290940,846,41,0,1,24210301,826,53,0,0
24144237,619,32,0,0,24206908,770,87,0,0
24208229,1255,48,0,0,24267979,976,23,0,0
24228672,660,24,0,2,24274746,513,49,0,0
24223815,719,26,0,4,24204005,1274,28,0,0
24168024,976,105,0,0,24158959,1587,59,0,0
24230157,1300,56,0,1,24255291,642,48,0,0
24167859,1700,41,0,3,24151205,697,52,0,0
24190428,343,59,0,1,24172450,1896,50,0,0
24281246,1738,40,0,3,24186710,1151,30,0,0
24287703,849,32,0,1,24161503,373,56,0,0
24219196,752,52,0,2,24195535,629,79,0,0
24156637,524,23,0,4,24148400,1544,36,0,0
24284058,1165,42,0,3,24178769,1060,25,0,0
24284056,1105,39,0,4,24163969,492,32,0,0
24147818,932,42,0,3,24212197,1130,39,0,0
24189124,1232,27,0,12,24229606,1115,59,0,0
24228065,973,42,0,1,24206482,1108,69,0,0
24205313,1453,79,0,10,24204933,1376,46,0,0
24222121,490,42,0,0,24222748,1940,31,0,0
24256595,127,27,0,0,24238917,258,71,0,0
24193407,692,30,0,1,24233501,1503,31,0,0
24265290,743,63,0,1,24207159,570,37,0,0
24180391,1348,32,0,1,24232417,2243,46,0,0
24260210,561,25,0,3,24207689,1899,29,0,0
24240174,1261,53,0,2,24157531,742,32,0,0
24217556,1127,41,0,4,24250222,408,66,0,0
24185989,1058,48,0,2,24221098,1626,43,0,0
24265405,1556,38,0,5,24275087,1142,40,0,0
24148292,768,54,0,12,24216251,1119,23,0,0
24252146,1188,37,0,0,24150865,905,52,0,0
24232160,1125,42,0,0,24244421,654,38,0,0
24195966,1110,92,0,2,24256765,800,24,0,0
24189099,1468,70,0,2,24182082,953,36,0,0
24147911,843,147,0,2,24279045,622,129,0,0
24207429,1544,98,0,1,24279569,1342,27,0,0
24172851,266,43,0,0,24247020,969,51,0,0
24157988,473,26,0,1,24169388,258,60,0,0
24260720,723,40,0,1,24147895,1398,47,0,0
24164535,2117,29,0,0,24188781,701,29,0,0
24258848,1843,73,0,7,24153460,1158,28,0,0
24191801,1054,98,0,1,24159616,1699,67,0,0
24218308,1876,57,0,0,24290896,983,43,0,0
24238494,109,54,0,1,24275977,1160,46,0,0
24270206,798,78,0,1,24241533,2405,40,0,0
24274796,1403,66,0,2,24269826,2052,29,0,0
24226887,1266,25,0,1,24177085,349,52,0,0
24195038,781,24,0,3,24191128,1191,50,0,0
24178574,1691,64,0,1,24237278,850,34,0,0
24253942,1030,61,0,0,24259665,1059,41,0,0
24283542,976,25,0,1,24180883,976,47,0,0
24246914,2540,41,0,3,24205991,1326,65,0,0
24210965,1266,37,0,0,24277451,902,47,0,0
24271734,558,33,0,1,24228225,458,55,0,0
24206402,963,59,0,2,24162682,919,66,0,0
24164894,1471,33,0,0,24276420,884,93,0,0
24253365,716,72,0,6,24271018,997,70,0,0
24171326,314,79,0,0,24148704,1127,55,0,0
24233396,972,32,0,0,24174083,1342,70,0,0
24259761,1347,42,0,3,24195677,1720,43,0,0
24279426,738,47,0,4,24285721,471,32,0,0
24227810,623,53,0,2,24232778,874,25,0,0
24164552,940,68,0,0,24240804,1348,39,0,0
24149060,2190,55,0,6,24171620,2262,17,0,0
24264710,1613,35,0,1,24168835,1142,190,0,0
24236753,1700,68,0,0,24208283,1508,45,0,0
24268194,2093,55,0,4,24181129,2349,41,0,0
24277624,1131,48,0,1,24150974,804,69,0,0
24279456,1473,43,0,0,24205176,1714,53,0,0
24198728,2404,23,0,1,24221376,1390,38,0,0
24258915,704,51,0,2,24292702,1185,39,0,0
24216372,1314,20,0,1,24281647,776,63,0,0
24297536,671,51,0,0,24181988,1370,84,0,0
24163460,876,49,0,1,24210077,1676,48,0,0
24156500,1228,47,0,4,24216294,970,35,0,0
24210002,1146,40,0,1,24157331,1878,86,0,0
24199174,811,47,0,1,24167672,317,99,0,0
24178773,1866,37,0,1,24211896,1703,57,0,0
24159449,2098,39,0,3,24244631,1987,71,0,0
24196692,1577,25,0,1,24169001,469,48,0,0
24194954,1117,40,0,3,24201362,962,23,0,0
24249904,2264,32,0,1,24182785,872,33,0,0
24194544,832,90,0,2,24234004,910,27,0,0
24201006,1040,40,0,3,24243601,1397,39,0,0
24291115,999,69,0,0,24162780,1075,29,0,0
24205657,1977,30,0,3,24288903,817,13,0,0
24221740,754,42,0,0,24275976,1303,115,0,0
24244668,1588,44,0,2,24162942,1412,77,0,0
24277385,1393,39,0,1,24198600,1458,52,0,0
24266039,1499,25,0,1,24266029,528,17,0,0
24189033,674,105,0,1,24170075,215,60,0,0
24241503,1195,61,0,0,24198929,1052,86,0,0
24208313,551,29,0,1,24298223,1002,19,0,0
24205089,785,27,0,1,24179815,512,94,0,0
24214036,844,111,0,2,24258646,1666,32,0,0
24169058,317,74,0,0,24262774,1937,63,0,0
24230728,801,22,0,2,24178162,1364,117,0,0
24229743,696,69,0,7,24172160,1209,56,0,0
24243934,2260,50,0,4,24274567,1178,42,0,0
24192492,1661,25,0,1,24156254,863,47,0,0
24274093,1889,67,0,1,24291468,850,241,0,0
24253796,1440,69,0,3,24188159,749,52,0,0
24204804,1759,68,0,8,24160749,889,37,0,0
24261074,2194,40,0,10,24152919,909,40,0,0
24265247,532,33,0,4,24178866,692,54,0,0
24227129,939,77,0,0,24274331,1096,20,0,0
24213988,783,64,0,0,24197202,2004,21,0,0
24223819,1389,41,0,0,24221339,1185,20,0,0
24202933,729,32,0,3,24152494,1431,91,0,0
24213424,908,34,0,0,24269386,1288,47,0,0
24254239,969,44,0,2,24174516,677,57,0,0
24225979,1765,62,0,2,24180572,1764,55,0,0
24277193,763,57,0,0,24300805,583,39,0,0
24161689,1173,45,0,1,24224561,980,70,0,0
24190458,1259,36,0,1,24297370,155,28,0,0
24266974,2234,60,0,1,24167471,1145,47,0,0
24234421,948,29,0,1,24215296,1142,60,0,0
24234345,652,47,0,3,24261209,634,55,0,0
24254210,1345,68,0,0,24212091,1183,53,0,0
24299250,1808,45,0,5,24286090,606,50,0,0
24177360,2042,49,0,1,24189119,1929,45,0,0
24176420,936,54,0,2,24270601,796,78,0,0
24269724,722,46,0,1,24269271,1859,57,0,0
24274312,558,50,0,0,24287123,957,43,0,0
24186101,952,85,0,1,24197084,880,50,0,0
24164177,2190,52,0,5,24277999,964,34,0,0
24240332,1008,31,0,1,24267648,1463,64,0,0
24242056,1165,67,0,6,24176833,1445,48,0,0
24275524,1632,46,0,1,24292149,368,57,0,0
24280390,1309,47,0,10,24159564,756,92,0,0
24154848,910,43,0,1,24204339,1607,42,0,0
24179838,1338,89,0,1,24241416,1143,46,0,0
24235283,998,43,0,4,24276309,963,13,0,0
24276929,636,46,0,3,24183722,267,22,0,0
24277363,1666,53,0,0,24274379,1414,42,0,0
24205908,1458,32,0,4,24230872,926,40,0,0
24173095,990,18,0,1,24172666,1426,23,0,0
24208504,546,52,0,1,24282184,575,127,0,0
24248234,986,75,0,0,24261035,1632,47,0,0
24228658,715,49,0,1,24186162,963,31,0,0
24220731,1378,29,0,1,24302122,2124,47,0,0
24176263,1138,50,0,3,24268845,1241,47,0,0
24184542,639,17,0,1,24236378,597,48,0,0
24214317,373,57,0,0,24286538,1706,19,0,0
24254706,607,36,0,1,24277048,1116,50,0,0
24170576,898,46,0,0,24243303,1183,70,0,0
24174192,935,68,0,1,24275365,1682,39,0,0
24186942,597,32,0,1,24215603,993,65,0,0
24296948,1311,54,0,2,24200330,443,38,0,0
24185995,1309,20,0,1,24190649,887,20,0,0
24180211,1835,71,0,3,24159879,1140,72,0,0
24171491,1531,25,0,1,24240903,710,33,0,0
24157493,1281,31,0,12,24169579,818,37,0,0
24254912,899,36,0,11,24198041,615,43,0,0
24269746,450,31,0,3,24175195,981,44,0,0
24182908,774,51,0,0,24239951,380,60,0,0
24177901,1682,29,0,3,24197480,642,40,0,0
24274366,2563,62,0,0,24246266,2232,33,0,0
24198901,1225,64,0,2,24278279,1253,37,0,0
24258547,128,15,0,0,24260041,464,24,0,0
24238045,1111,35,0,2,24284094,1819,68,0,0
24262980,1801,76,0,1,24304287,299,102,0,0
24246883,615,82,0,3,24189482,1406,45,0,0
24218395,768,83,0,0,24182329,1157,108,0,0
24178357,644,27,0,7,24255084,1671,57,0,0
24291642,2153,18,0,3,24200749,1632,42,0,0
24246481,201,69,0,1,24205597,1564,51,0,0
24267317,1385,42,0,1,24194330,1054,65,0,0
24246233,1047,44,0,2,24173644,478,51,0,0
24208507,2197,35,0,1,24170182,1104,32,0,0
24179163,996,83,0,5,24187896,1188,57,0,0
24209599,971,38,0,5,24299654,1262,46,0,0
24214898,1536,21,0,10,24282047,1174,34,0,0
24230803,1827,33,0,2,24190636,600,58,0,0
24279862,627,34,0,1,24195573,904,64,0,0
24285249,891,45,0,6,24261163,1372,28,0,0
24302090,1027,61,0,6,24174211,694,16,0,0
24157903,662,22,0,3,24244959,537,41,0,0
24201549,1961,60,0,2,24207891,316,36,0,0
24170377,774,89,0,5,24227347,1557,83,0,0
24264349,642,20,0,1,24246384,673,81,0,0
24288810,445,51,0,6,24196966,1024,24,0,0
24169737,520,40,0,4,24167995,1025,42,0,0
24301538,1653,58,0,2,24210505,993,40,0,0
24250705,935,34,0,3,24305710,763,39,0,0
24234472,173,44,0,1,24252433,1184,58,0,0
24302998,2080,23,0,1,24290222,1174,20,0,0
24200842,1743,62,0,2,24252208,1177,46,0,0
24285529,1565,51,0,0,24203359,686,70,0,0
24236865,449,90,0,1,24167815,856,46,0,0
24230164,1707,39,0,2,24281808,1000,30,0,0
24165808,737,84,0,1,24180126,642,45,0,0
24229191,2376,43,0,0,24281095,1369,67,0,0
24260387,2436,30,0,1,24281590,1036,84,0,0
24160811,1121,66,0,1,24187062,1536,29,0,0
24306750,1274,34,0,1,24211839,1210,54,0,0
24281145,1052,65,0,0,24257825,1623,82,0,0
24181650,1902,44,0,5,24172704,975,31,0,0
24287127,1318,31,0,1,24238120,1223,24,0,0
24230492,470,44,0,7,24270760,655,38,0,0
24299575,558,68,0,1,24261498,847,47,0,0
24169996,987,25,0,3,24160770,1131,23,0,0
24305353,840,36,0,4,24238989,1156,39,0,0
24233979,2145,76,0,4,24219969,1144,24,0,0
24298567,217,69,0,1,24240914,1073,56,0,0
24183082,567,104,0,1,24294256,737,46,0,0
24267060,2207,58,0,3,24277774,1062,44,0,0
24177057,651,45,0,0,24219319,683,40,0,0
24199202,949,102,0,1,24184015,1156,44,0,0
24227250,1575,75,0,7,24160612,1564,61,0,0
24231661,1805,28,0,5,24176280,886,30,0,0
24273956,713,28,0,1,24259997,1689,50,0,0
24204227,2219,35,0,1,24180019,1225,47,0,0
24304488,1263,46,0,1,24171212,1570,39,0,0
24180564,736,24,0,0,24295252,1624,18,0,0
24281856,1101,66,0,0,24250157,2165,22,0,0
24215402,1158,90,0,4,24246510,1799,31,0,0
24276258,687,90,0,1,24168554,1940,100,0,0
24279310,885,35,0,2,24222495,834,41,0,0
24270642,1499,66,0,0,24166365,1182,25,0,0
24249527,642,36,0,0,24267689,471,28,0,0
24251779,1014,83,0,4,24213842,1014,39,0,0
24276005,503,34,0,1,24297119,1448,74,0,0
24256348,340,72,0,3,24292774,623,33,0,0
24297527,2529,21,0,8,24266107,805,38,0,0
24188268,1009,53,0,6,24308354,1145,24,0,0
24290223,1394,34,0,1,24203705,470,92,0,0
24163884,980,38,0,2,24219113,1764,50,0,0
24260546,992,55,0,1,24233108,260,43,0,0
24233759,876,48,0,4,24242071,930,29,0,0
24284508,613,61,0,1,24184289,1129,49,0,0
24193138,796,28,0,0,24214308,862,64,0,0
24301436,1378,88,0,1,24166650,814,79,0,0
24196361,833,39,0,4,24268499,245,123,0,0
24217791,801,27,0,2,24213332,433,55,0,0
24199732,1046,77,0,4,24233205,834,15,0,0
24198760,769,52,0,1,24302924,980,60,0,0
24247863,754,25,0,4,24201041,1631,17,0,0
24165582,1644,34,0,0,24277284,1029,57,0,0
24221765,568,58,0,0,24184792,1716,58,0,0
24200750,397,20,0,7,24205574,343,63,0,0
24162253,226,70,0,0,24277606,430,88,0,0
24302262,1787,27,0,0,24218681,541,171,0,0
24199301,1086,41,0,3,24224643,655,64,0,0
24282249,2137,39,0,3,24232465,1850,49,0,0
24258028,1924,35,0,0,24257440,1457,47,0,0
24298587,1575,51,0,4,24272424,1084,37,0,0
24228444,818,40,0,0,24191049,399,37,0,0
24300930,1178,89,0,0,24284432,644,34,0,0
24295509,754,50,0,2,24262325,1267,29,0,0
24221595,630,114,0,1,24260144,1163,37,0,1
24296470,556,70,0,2,24198465,1150,20,0,0
24292560,100,38,0,1,24199265,834,273,0,0
24162852,1232,69,0,4,24281649,310,61,0,0
24182497,102,28,0,0,24214539,572,62,0,0
24274706,792,40,0,2,24171450,221,52,0,0
24217675,991,35,0,4,24202728,420,13,0,0
24195467,1648,29,0,1,24192865,698,21,0,0
24202421,1660,65,0,3,24245841,402,32,0,0
24212855,2190,29,0,0,24249123,700,31,0,0
24283391,2067,25,0,1,24274548,917,35,0,0
24296535,1167,35,0,1,24293875,790,27,0,0
24229504,616,62,0,5,24272067,2003,34,0,0
24224808,834,71,0,1,24307123,1508,50,0,0
24185998,1489,47,0,2,24292494,2010,43,0,0
24174900,1386,63,0,2,24259200,1678,674,0,0
24261825,2102,53,0,0,24296272,1222,59,0,0
24187505,1366,76,0,0,24265898,1871,18,0,0
24241951,697,31,0,3,24269412,1243,39,0,0
24292111,409,61,0,1,24206812,1651,105,0,0
24180442,533,17,0,3,24233469,1792,34,0,0
24230855,1668,34,0,2,24293813,1065,69,0,0
24231706,1161,67,0,0,24249290,1394,36,0,0
24254320,845,60,0,2,24244155,1684,41,0,0
24192411,863,36,0,2,24218167,2173,71,0,0
24268790,250,57,0,0,24253890,368,70,0,0
24207636,255,33,0,8,24208539,636,63,0,0
24252102,987,19,0,1,24216114,1577,24,0,0
24167781,446,27,0,1,24268483,623,29,0,0
24249075,1614,29,0,0,24172629,1556,58,0,0
24216146,760,39,0,0,24212740,1287,15,0,0
24169880,513,18,0,1,24218807,738,112,0,0
24221328,841,41,0,0,24204019,1699,37,0,0
24238288,826,97,0,3,24271309,879,116,0,0
24299371,2320,37,0,0,24244965,1984,23,0,0
24310773,880,40,0,1,24272802,877,76,0,0
24255102,334,57,0,8,24196405,1195,91,0,0
24264915,1291,13,0,0,24199019,999,487,0,0
24208641,1633,27,0,0,24204075,1629,29,0,0
24194541,1660,19,0,0,24185741,661,38,0,0
24297556,1939,58,0,0,24250915,593,64,0,0
24169390,1424,45,0,2,24281569,1163,37,0,0
24270924,1132,17,0,6,24294200,184,90,0,0
24209044,590,60,0,3,24242160,2511,40,0,0
24292090,1210,48,0,4,24189502,977,41,0,0
24200210,1393,40,0,1,24215739,1055,44,0,0
24212959,1604,67,0,0,24193817,1613,38,0,0
24229875,1865,38,0,3,24284114,1034,38,0,0
24170962,284,63,0,0,24192520,678,178,0,0
24279637,628,64,0,1,24229349,1207,31,0,0
24245829,1053,41,0,3,24234702,1598,69,0,0
24283276,385,23,0,1,24165014,861,34,0,0
24216619,1720,118,0,2,24215743,1138,58,0,0
24248658,1094,22,0,3,24283516,992,39,0,0
24199304,2067,28,0,1,24263035,1520,121,0,0
24237605,313,59,0,8,24295043,2399,15,0,0
24204535,972,28,0,6,24285792,547,33,0,0
24286831,672,68,0,0,24303608,782,37,0,0
24262739,1479,22,0,1,24309912,507,24,0,0
24229768,883,30,0,3,24173814,1607,41,0,0
24209288,668,41,0,3,24306441,1936,68,0,0
24208206,412,61,0,3,24216865,844,22,0,0
24182556,524,27,0,2,24309736,950,39,0,0
24271882,1798,35,0,1,24290430,1981,38,0,0
24315858,576,18,0,8,24292952,691,36,0,0
24267535,1288,66,0,1,24238644,1650,36,0,0
24208232,924,85,0,0,24268165,1423,51,0,0
24273354,802,40,0,3,24267879,1871,31,0,0
24188943,1043,65,0,3,24260360,648,47,0,0
24213937,747,25,0,4,24189733,1230,61,0,0
24287284,563,69,0,1,24182872,1735,29,0,0
24228437,731,65,0,0,24272076,1851,33,0,0
24207808,1021,60,0,3,24202571,176,98,0,0
24214703,146,59,0,1,24310800,1128,65,0,0
24267801,725,65,0,2,24307090,329,36,0,0
24241176,537,73,0,6,24203097,1252,61,0,0
24287822,270,69,0,3,24209755,1216,51,0,0
24260223,1860,44,0,0,24171759,635,81,0,0
24265262,595,25,0,15,24230153,961,58,0,0
24271023,1418,67,0,2,24172585,1651,63,0,0
24217926,2275,37,0,8,24268758,1924,90,0,0
24266886,1487,35,0,2,24312933,926,61,0,0
24274874,1346,54,0,3,24299506,815,59,0,0
24308242,1208,24,0,1,24313825,490,36,0,0
24200032,1490,41,0,1,24256698,739,18,0,0
24295492,715,40,0,1,24295575,859,87,0,0
24205391,1769,22,0,1,24256867,1465,75,0,0
24181366,1592,50,0,7,24174521,1469,76,0,0
24232809,1232,38,0,2,24199377,692,171,0,0
24168948,816,43,0,5,24241351,707,22,0,0
24215607,1555,25,0,9,24258966,947,35,0,0
24179144,792,48,0,1,24296677,1695,24,0,0
24205580,1987,52,0,8,24269151,926,70,0,0
24317817,293,72,0,0,24179006,2514,70,0,0
24196028,681,85,0,0,24282082,975,41,0,0
24198008,779,54,0,3,24281164,792,58,0,0
24305913,1316,57,0,0,24316035,528,66,0,0
24193701,984,30,0,0,24246732,292,65,0,0
24254696,879,213,0,2,24182725,975,33,0,0
24182685,1949,34,0,0,24308666,846,35,0,0
24289762,1610,26,0,2,24209280,1060,57,0,0
24184434,1109,44,0,0,24239295,217,63,0,0
24205728,1052,20,0,0,24202751,1882,42,0,0
24271001,1153,45,0,2,24312414,790,74,0,0
24190112,1813,95,0,0,24213301,889,85,0,0
24304218,1689,55,0,4,24259353,1042,83,0,0
24278710,868,43,0,3,24312582,1343,41,0,0
24270859,643,47,0,1,24252041,829,19,0,0
24231563,1663,22,0,1,24197897,788,56,0,0
24313873,1699,50,0,3,24176665,1420,25,0,0
24284099,652,89,0,1,24260696,1366,29,0,0
24245878,1421,50,0,2,24260550,724,42,0,0
24209335,956,32,0,4,24173500,302,39,0,0
24317229,1216,34,0,0,24308735,911,107,0,0
24227615,1215,51,0,4,24291878,1365,30,0,0
24242917,1010,80,0,5,24188401,1389,72,0,0
24239608,1079,141,0,2,24249016,533,58,0,0
24308939,2005,54,0,5,24223160,964,47,0,0
24195616,1519,21,0,0,24310522,1079,78,0,0
24283779,542,42,0,1,24295411,1408,73,0,0
24309926,626,28,0,0,24293903,1137,31,0,0
24243530,1793,28,0,2,24252534,985,46,0,0
24292734,1146,78,0,9,24206927,1970,28,0,0
24193919,845,52,0,5,24262195,789,70,0,0
24301850,2173,42,0,0,24308684,575,56,0,0
24198743,1200,36,0,1,24198339,1169,39,0,0
24257187,541,110,0,1,24291523,110,42,0,0
24266508,1177,20,0,1,24256447,1077,36,0,0
24275477,1655,221,0,2,24284387,2039,32,0,0
24256483,666,39,0,0,24255970,894,83,0,0
24189397,717,48,0,3,24319078,1300,58,0,0
24257373,418,37,0,3,24194291,2134,32,0,0
24277440,719,59,0,1,24218986,869,30,0,0
24254120,460,71,0,3,24283562,916,39,0,0
24257784,215,57,0,3,24314710,828,30,0,0
24178154,1659,37,0,0,24313064,1290,49,0,0
24301605,2105,41,0,0,24225253,1187,63,0,0
24253729,803,42,0,3,24309981,638,62,0,0
24203047,1017,24,0,0,24195127,1148,23,0,0
24188728,1616,25,0,0,24240481,582,32,0,0
24205031,993,26,0,3,24185634,319,39,0,0
24272655,605,71,0,1,24310877,1734,41,0,0
24272081,1005,42,0,1,24281108,1375,51,0,0
24247880,521,59,0,6,24252297,1278,72,0,0
24287366,1605,25,0,3,24277842,947,76,0,0
24252876,1257,63,0,0,24204512,1599,59,0,0
24313631,1250,106,0,3,24219717,2586,26,0,0
24315030,1127,58,0,0,24222976,1355,83,0,0
24177326,2100,29,0,4,24284916,1077,62,0,0
24223656,833,39,0,0,24247238,1448,28,0,0
24240595,180,17,0,4,24240816,636,57,0,1
24210843,676,53,0,6,24177553,1056,28,0,0
24311566,1399,32,0,2,24179443,2120,46,0,0
24314771,1347,27,0,1,24322518,1154,53,0,0
24230866,877,74,0,1,24219846,806,74,0,0
24207820,920,28,0,12,24293652,647,34,0,0
24175631,1398,43,0,1,24213822,684,50,0,0
24279918,1257,34,0,0,24209646,802,97,0,0
24264120,1177,25,0,3,24192912,522,40,0,0
24189330,1282,49,0,0,24182360,1296,30,0,0
24261837,2302,62,0,3,24270572,120,40,0,0
24256518,1184,49,0,1,24203356,540,24,0,0
24184314,218,35,0,2,24260997,804,25,0,0
24259930,719,87,0,0,24307445,1624,35,0,0
24217603,793,60,0,1,24314841,1360,56,0,0
24317665,966,26,0,3,24185451,323,56,0,0
24222368,1180,35,0,2,24186725,854,37,0,0
24243536,1153,57,0,0,24295367,1390,40,0,0
24271323,863,28,0,1,24233344,1746,60,0,0
24273711,1297,46,0,3,24264148,785,67,0,0
24238135,1408,20,0,0,24276882,1381,23,0,0
24187503,1399,68,0,1,24255245,2277,55,0,0
24274283,1802,39,0,1,24243805,1003,49,0,0
24217457,1571,50,0,2,24222775,1511,38,0,0
24310571,363,34,0,1,24312223,1520,18,0,0
24233052,846,53,0,4,24244552,1169,34,0,0
24231294,1112,42,0,0,24290101,1291,35,0,0
24208201,415,27,0,2,24243165,678,56,0,0
24215637,1095,49,0,6,24249767,750,34,0,0
24176501,498,87,0,2,24313723,1850,36,0,0
24295458,1042,21,0,6,24254269,1519,58,0,0
24295514,706,106,0,11,24309554,2442,33,0,0
24224757,1098,43,0,0,24199549,190,57,0,0
24256740,1427,41,0,0,24248838,1224,55,0,0
24324373,615,60,0,1,24230059,1122,28,0,0
24224618,1567,56,0,1,24300744,873,39,0,0
24210601,1480,34,0,4,24249916,1825,60,0,0
24298495,1197,31,0,4,24199709,817,20,0,0
24320365,619,43,0,1,24290383,1695,43,0,0
24237819,1519,60,0,1,24204866,856,51,0,0
24323590,1410,38,0,1,24236924,1409,21,0,0
24199533,785,33,0,2,24307094,511,24,0,0
24241650,1549,38,0,1,24189775,1078,50,0,0
24272700,1506,32,0,2,24255197,2484,71,0,0
24219349,1968,62,0,3,24279700,460,59,0,0
24221131,610,46,0,1,24294298,1991,50,0,0
24298639,1688,75,0,6,24211473,1676,62,0,0
24226263,395,45,0,1,24318481,916,34,0,0
24234349,2056,30,0,1,24317025,690,51,0,0
24224421,1031,28,0,0,24288113,2580,41,0,0
24258124,600,27,0,2,24318600,1456,69,0,0
24266814,1102,30,0,1,24259329,683,29,0,0
24236811,1238,38,0,0,24277470,976,46,0,0
24306946,985,35,0,0,24183664,549,25,0,0
24301421,822,41,0,0,24191022,1448,35,0,0
24314705,650,23,0,1,24297232,514,58,0,0
24243931,792,28,0,5,24277527,1139,70,0,0
24192364,609,27,0,1,24187562,104,48,0,0
24275576,525,50,0,5,24187969,1039,24,0,0
24179834,857,40,0,5,24185395,249,28,0,0
24236756,1832,73,0,2,24269800,1566,72,0,0
24214990,2387,37,0,3,24195583,2492,35,0,0
24214619,892,31,0,0,24298746,615,17,0,0
24271639,1836,50,0,2,24199288,1687,38,0,0
24283761,1148,88,0,0,24201176,703,28,0,0
24304500,1151,41,0,0,24211242,1867,81,0,0
24291311,1426,45,0,3,24220446,1108,33,0,0
24237945,241,65,0,5,24265468,1640,29,0,0
24201353,1946,36,0,1,24189468,1060,56,0,0
24202271,2277,23,0,0,24187891,2229,93,0,0
24307102,756,36,0,0,24272758,148,80,0,0
24180834,1108,52,0,2,24220999,1219,53,0,0
24315062,2456,35,0,2,24317136,540,85,0,0
24322854,485,50,0,4,24256334,1458,43,0,0
24229445,1248,29,0,3,24274440,728,81,0,0
24247033,1295,39,0,1,24306956,689,42,0,0
24212446,673,34,0,3,24229157,1297,47,0,0
24220100,1207,40,0,2,24262369,1016,44,0,0
24288101,1655,45,0,3,24324009,1009,56,0,0
24291364,1176,43,0,4,24222230,2289,39,0,0
24192430,505,32,0,1,24291902,1933,89,0,0
24208318,1201,48,0,4,24264985,1306,35,0,0
24278906,1681,60,0,3,24294738,941,27,0,0
24213148,925,17,0,0,24241216,721,37,0,0
24196715,1692,53,0,4,24217492,1458,62,0,0
24182370,1464,46,0,2,24180944,622,30,0,0
24233532,460,67,0,6,24270355,493,27,0,0
24266644,1565,54,0,3,24183302,2155,46,0,0
24248969,625,24,0,3,24285559,801,41,0,0
24209568,836,64,0,1,24206037,833,22,0,0
24325250,1115,27,0,2,24216965,656,19,0,0
24201619,1022,73,0,2,24264151,1869,152,0,0
24229336,704,40,0,2,24304900,937,42,0,0
24303936,1266,65,0,1,24189324,1001,33,0,0
24298863,1069,45,0,1,24201502,1877,61,0,0
24240355,2197,67,0,4,24206777,275,120,0,0
24305895,1145,48,0,3,24243092,1926,43,0,0
24201065,969,62,0,8,24318822,720,39,0,0
24185161,658,49,0,1,24203773,696,30,0,0
24268871,854,88,0,14,24261198,1184,43,0,0
24210727,1313,41,0,1,24186867,1154,24,0,0
24255374,1195,71,0,1,24185464,1975,34,0,0
24254121,1611,49,0,2,24280908,944,31,0,0
24234509,872,64,0,2,24254082,812,26,0,0
24237003,2017,49,0,0,24215515,701,48,0,0
24278417,1665,45,0,1,24194353,623,48,0,0
24294655,1161,54,0,0,24218620,287,28,0,0
24236359,1433,26,0,2,24284469,1645,26,0,0
24293165,1378,27,0,2,24187240,1364,30,0,0
24288809,2134,39,0,3,24194260,1237,16,0,0
24187107,1485,24,0,2,24183738,1187,26,0,0
24312392,963,49,0,0,24329217,1628,42,0,0
24259350,991,57,0,1,24282781,1163,55,0,0
24308572,1517,76,0,3,24276897,873,80,0,0
24247943,1645,42,0,1,24252365,2130,74,0,0
24258732,813,57,0,2,24279854,1358,80,0,0
24189199,837,38,0,0,24195310,1381,65,0,0
24280866,2181,34,0,3,24303534,968,39,0,0
24253637,621,53,0,6,24185595,772,46,0,0
24269477,1414,53,0,1,24202621,1634,67,0,0
24297393,1172,71,0,6,24197606,797,30,0,0
24201741,1382,37,0,1,24301458,1620,30,0,0
24322957,1218,49,0,2,24246492,987,47,0,0
24197507,2286,76,0,3,24286740,755,77,0,0
24312881,919,45,0,1,24261555,412,46,0,0
24297665,423,39,0,2,24250252,2097,36,0,0
24225240,678,63,0,1,24233453,808,37,0,0
24189507,1087,67,0,1,24259925,2100,42,0,0
24233440,1657,18,0,4,24304691,1160,61,0,0
24303339,858,36,0,0,24288353,1304,31,0,0
24192771,714,20,0,3,24223994,644,28,0,0
24237657,1138,49,0,1,24257861,1803,105,0,0
24305383,661,47,0,1,24253585,1521,27,0,0
24215997,1936,44,0,2,24323171,481,32,0,0
24284743,916,53,0,1,24303054,2065,31,0,0
24191079,938,26,0,11,24207917,1720,51,0,0
24185604,1559,44,0,0,24303176,561,39,0,0
24309659,1053,31,0,1,24325669,631,76,0,0
24213382,641,60,0,1,24257685,213,30,0,0
24209762,993,72,0,1,24188776,1057,49,0,0
24248529,599,50,0,0,24210240,515,76,0,0
24243188,357,77,0,8,24187023,988,36,0,0
24232332,906,15,0,3,24191420,432,47,0,0
24282719,861,47,0,13,24273588,247,73,0,0
24190529,1629,52,0,0,24214645,1768,27,0,0
24239142,610,43,0,3,24311527,1195,28,0,0
24228021,691,80,0,2,24331581,1283,50,0,0
24211749,1615,24,0,2,24243058,612,32,0,0
24281693,873,34,0,1,24314243,1338,42,0,0
24192840,2193,47,0,5,24210983,947,49,0,0
24253172,404,84,0,0,24327483,1289,37,0,0
24299578,976,40,0,3,24309920,1806,48,0,0
24189094,619,58,0,2,24238046,864,65,0,0
24206555,1584,48,0,2,24291509,309,61,0,0
24205885,958,41,0,1,24227237,1108,61,0,0
24187548,466,36,0,0,24250351,691,40,0,0
24195025,1025,87,0,2,24288029,942,55,0,0
24253198,2191,43,0,0,24254713,1479,51,0,0
24267954,1613,42,0,3,24252976,777,38,0,0
24297684,853,32,0,0,24231606,1466,54,0,0
24311492,935,38,0,1,24323951,1308,30,0,0
24208429,699,66,0,3,24185839,1198,44,0,0
24240365,897,75,0,4,24229316,1065,55,0,0
24270747,704,56,0,0,24267794,1212,114,0,0
24276784,1279,22,0,0,24320685,1505,101,0,0
24212301,760,28,0,2,24185340,181,71,0,0
24203978,1104,52,0,5,24310010,1092,30,0,0
24296010,281,38,0,2,24215062,1180,45,0,0
24200577,1996,64,0,3,24241388,907,58,0,0
24317699,1560,21,0,12,24286677,1317,10,0,0
24282877,1092,26,0,1,24193403,1182,39,0,0
24334786,1625,25,0,1,24275564,749,51,0,0
24241204,173,59,0,0,24211765,270,88,0,0
24263118,1689,43,0,2,24323298,1980,18,0,0
24256222,835,29,0,0,24291171,1126,26,0,0
24297905,2134,60,0,2,24183580,1152,68,0,0
24260082,1686,38,0,1,24315653,1627,54,0,0
24303300,403,18,0,4,24293553,167,45,0,0
24294133,851,45,0,0,24309313,916,36,0,0
24193006,438,17,0,4,24286508,1531,90,0,0
24288067,402,79,0,0,24267197,995,57,0,0
24207610,1398,49,0,10,24185659,2061,41,0,0
24188681,924,32,0,0,24301065,2366,50,0,0
24307554,890,43,0,4,24290482,805,95,0,0
24228343,687,55,0,5,24268172,954,58,0,0
24259755,1030,99,0,1,24297775,1965,17,0,0
24297099,2163,34,0,2,24279558,565,41,0,0
24311007,2547,43,0,1,24252705,2164,35,0,0
24319756,331,77,0,3,24269263,1736,34,0,0
24219535,2158,35,0,0,24241063,1586,37,0,0
24315685,729,27,0,0,24219922,1178,81,0,0
24321815,1240,34,0,3,24196694,1239,42,0,0
24311559,1615,24,0,1,24197994,1601,37,0,0
24281202,2118,43,0,2,24249460,775,88,0,0
24257592,1466,22,0,1,24326662,1828,18,0,0
24212571,900,41,0,2,24190084,1392,71,0,0
24263756,1169,29,0,2,24294135,2052,40,0,0
24299434,755,84,0,1,24315601,489,49,0,0
24330766,884,63,0,0,24224435,1086,53,0,0
24246768,2129,61,0,1,24284625,2407,69,0,0
24209581,2128,45,0,1,24323925,1575,44,0,0
24284568,337,151,0,0,24193521,1750,29,0,0
24334633,455,63,0,4,24232750,1129,29,0,0
24294634,2407,37,0,0,24201213,597,45,0,0
24194265,897,53,0,4,24194947,1321,35,0,0
24327591,757,284,0,1,24302598,1446,46,0,1
24270496,1246,25,0,0,24282075,828,45,0,0
24251697,246,58,0,2,24268248,1347,56,0,0
24246996,1514,41,0,0,24235056,897,50,0,0
24336898,552,35,0,1,24195099,1075,60,0,0
24202201,1662,31,0,5,24219360,1039,33,0,0
24296880,1559,25,0,4,24300240,1483,67,0,0
24286702,344,26,0,2,24238767,488,59,0,0
24265124,489,68,0,0,24236585,654,77,0,0
24265031,676,63,0,4,24227872,772,29,0,0
24201735,973,158,0,0,24285613,441,110,0,0
24250197,1149,59,0,0,24276111,1976,22,0,0
24224319,1392,50,0,2,24243013,1151,24,0,0
24281256,1410,16,0,2,24327572,1435,65,0,0
24231966,1110,39,0,2,24263418,2192,25,0,0
24192316,860,25,0,0,24300720,951,176,0,0
24319073,642,65,0,0,24322457,452,79,0,0
24282585,1343,36,0,1,24240208,1623,54,0,0
24273729,446,40,0,1,24230608,551,36,0,0
24250583,1674,72,0,1,24304406,1726,34,0,0
24324848,1051,31,0,3,24232276,1218,32,0,0
24338830,854,46,0,0,24287166,1347,40,0,0
24310478,942,62,0,2,24239197,1082,74,0,0
24293020,607,20,0,0,24234601,1335,26,0,0
24257395,552,58,0,0,24229024,651,36,0,0
24336671,308,69,0,5,24281298,922,30,0,0
24222511,1528,33,0,2,24283199,1347,34,0,0
24216041,1481,23,0,0,24333401,2112,54,0,0
24198094,1471,93,0,2,24313094,1080,41,0,0
24190601,804,40,0,1,24251141,1762,39,0,0
24197501,1785,58,0,1,24237652,878,58,0,0
24266632,1111,51,0,5,24270417,899,32,0,0
24219998,924,27,0,1,24227609,513,52,0,0
24205540,1662,42,0,13,24276856,1469,96,0,0
24270650,1195,41,0,14,24329258,2221,45,0,0
24294809,719,20,0,0,24248166,675,73,0,0
24277075,550,81,0,3,24258153,1283,20,0,0
24263729,1213,21,0,5,24306851,795,91,0,0
24293800,1640,47,0,1,24293021,443,24,0,0
24220513,945,25,0,0,24266995,1192,52,0,0
24289488,802,42,0,7,24226829,1264,45,0,0
24329125,1543,68,0,0,24205927,1622,23,0,0
24287609,981,59,0,3,24286842,946,50,0,0
24309017,428,65,0,1,24276422,1915,33,0,0
24228154,1613,86,0,0,24217227,1445,50,0,0
24204495,1590,30,0,0,24276257,1237,37,0,0
24260613,947,59,0,2,24328812,1177,56,0,0
24331095,1144,50,0,2,24305060,253,72,0,0
24311669,859,37,0,0,24221833,716,54,0,0
24190036,1551,65,0,5,24310665,1181,27,0,0
24266744,1433,42,0,1,24324938,2110,30,0,0
24235576,967,93,0,10,24239441,1156,24,0,0
24278320,954,40,0,2,24309153,496,38,0,0
24224774,1004,50,0,1,24329933,699,42,0,0
24237785,1624,48,0,0,24283968,1500,23,0,0
24334979,1659,29,0,6,24192066,397,20,0,0
24259661,896,52,0,1,24209878,800,35,0,0
24257684,1014,31,0,1,24219650,902,34,0,0
24237016,1117,27,0,1,24205304,802,26,0,0
24305297,2119,33,0,1,24331059,977,19,0,0
24239472,1892,52,0,0,24259816,1156,84,0,0
24305723,1181,70,0,2,24201792,739,68,0,0
24304739,1561,33,0,2,24264609,916,34,0,0
24257379,1723,39,0,0,24239803,432,45,0,0
24202588,1963,30,0,0,24188855,1634,43,0,0
24241311,322,40,0,4,24294671,1629,67,0,0
24223000,632,18,0,0,24261634,959,46,0,0
24304225,607,32,0,8,24241094,1656,42,0,0
24220064,246,207,0,5,24320665,1155,48,0,0
24221254,2515,36,0,8,24239719,459,29,0,0
24286391,2176,49,0,3,24321446,1956,47,0,0
24191496,1237,31,0,0,24329207,1770,45,0,0
24284525,1043,39,0,5,24297108,2185,43,0,0
24305343,970,135,0,1,24243302,1991,25,0,0
24254491,662,98,0,3,24209432,639,74,0,0
24279691,1829,46,0,0,24330906,981,66,0,0
24256228,146,32,0,0,24305615,965,32,0,0
24296922,1130,29,0,0,24335959,363,45,0,0
24304296,1888,17,0,1,24315252,1273,40,0,0
24257838,1424,53,0,1,24252380,625,38,0,0
24261301,2105,44,0,1,24229497,1726,52,0,0
24308926,1284,130,0,1,24298292,932,39,0,0
24307786,2059,39,0,1,24192321,637,31,0,0
24271516,978,57,0,1,24343144,939,34,0,0
24246711,1319,21,0,0,24293117,642,29,0,0
24232369,1286,31,0,0,24269296,913,60,0,0
24198044,1327,25,0,1,24293665,1182,44,0,0
24231803,679,26,0,0,24302490,528,33,0,0
24314925,415,38,0,1,24232825,1238,68,0,0
24307537,703,55,0,0,24299872,795,70,0,0
24328018,763,20,0,2,24321416,667,28,0,0
24328576,1904,36,0,2,24293443,1933,35,0,0
24223473,840,39,0,8,24220755,1673,32,0,0
24289220,1209,26,0,4,24310363,1135,46,0,0
24191239,1672,74,0,0,24305361,521,37,0,0
24241405,1140,60,0,8,24302704,625,20,0,0
24311957,1605,29,0,3,24230963,1153,33,0,0
24311140,1360,41,0,1,24305139,1162,29,0,0
24288016,631,21,0,2,24243837,821,47,0,0
24341907,200,64,0,0,24331388,2303,31,0,0
24325413,675,96,0,3,24269465,907,45,0,0
24226277,1322,60,0,6,24244449,975,78,0,0
24248621,1155,56,0,2,24327821,1032,64,0,0
24341942,157,35,0,1,24226664,119,68,0,0
24306192,454,45,0,6,24324229,1039,19,0,0
24259411,570,43,0,1,24234872,1168,45,0,0
24305665,1102,35,0,3,24241181,628,45,0,0
24280118,1590,78,0,1,24193774,1120,71,0,0
24303419,1831,42,0,0,24296774,1124,17,0,0
24325189,1606,58,0,0,24251818,1930,41,0,0
24237799,480,48,0,0,24335962,2347,52,0,0
24245296,1137,47,0,2,24207050,2514,26,0,0
24209618,982,39,0,7,24274822,1809,22,0,0
24293707,1423,18,0,15,24216150,478,58,0,0
24195566,851,62,0,0,24338084,1831,29,0,0
24283357,1169,40,0,0,24215962,1139,46,0,0
24211301,569,31,0,0,24313968,1010,61,0,0
24299328,558,33,0,4,24331435,1564,34,0,0
24241993,525,44,0,0,24264073,996,54,0,0
24280577,645,25,0,1,24238927,705,55,0,0
24229304,1826,39,0,4,24338844,1735,84,0,0
24258041,1125,32,0,2,24198377,693,41,0,0
24282513,733,39,0,0,24286283,628,41,0,0
24275006,1758,55,0,0,24299518,1130,38,0,0
24335396,1671,123,0,3,24293391,717,74,0,0
24223598,1008,47,0,1,24323996,977,171,0,0
24299501,1452,31,0,4,24216413,709,37,0,0
24281789,1023,57,0,1,24239055,1081,68,0,0
24291269,953,43,0,3,24211691,587,26,0,0
24260154,2106,42,0,1,24295333,909,45,0,0
24312444,663,19,0,4,24299345,1297,68,0,0
24312938,1644,17,0,2,24306167,1413,26,0,0
24279088,271,240,0,3,24335438,963,50,0,0
24237952,1203,42,0,0,24298749,2433,17,0,0
24344012,1597,48,0,4,24308725,895,33,0,0
24298572,2511,21,0,5,24228405,941,38,0,0
24331369,1102,55,0,0,24306346,1657,27,0,0
24278707,276,18,0,5,24215933,1444,54,0,0
24263648,2404,40,0,8,24292538,1244,35,0,0
24281087,690,64,0,9,24218994,1826,70,0,0
24286766,901,37,0,10,24280911,835,76,0,0
24212366,780,53,0,1,24222881,1327,66,0,0
24238361,1144,24,0,1,24334921,1641,35,0,0
24215521,1273,128,0,3,24299705,1526,45,0,0
24278151,927,29,0,14,24227907,1550,69,0,0
24329024,975,51,0,1,24262545,223,71,0,0
24266731,849,39,0,1,24230292,1158,81,0,0
24218128,1857,49,0,2,24257794,1112,13,0,0
24347705,1602,47,0,3,24306253,795,53,0,0
24308619,1598,57,0,5,24306568,675,39,0,0
24211154,917,40,0,4,24242444,1670,76,0,0
24347969,2422,40,0,2,24311363,597,41,0,0
24279878,1808,110,0,1,24244133,766,70,0,0
24307312,428,79,0,2,24200163,873,27,0,0
24270056,1388,34,0,5,24278290,1235,55,0,0
24305054,924,58,0,9,24335510,1055,23,0,0
24257307,714,60,0,1,24269344,1626,49,0,0
24236098,1396,23,0,0,24313513,1267,27,0,0
24200626,654,43,0,1,24222273,298,33,0,0
24319154,848,44,0,0,24209625,1049,43,0,0
24219732,717,58,0,1,24255961,2190,54,0,0
24312502,1795,73,0,1,24233732,1603,31,0,0
24329296,1702,40,0,9,24222458,1257,35,0,0
24302670,506,83,0,1,24242344,987,51,0,0
24303993,406,44,0,2,24200706,915,38,0,0
24236310,2162,50,0,0,24326313,2095,71,0,0
24270179,1476,68,0,6,24291722,1292,45,0,0
24338557,744,65,0,2,24260318,646,50,0,1
24201813,951,83,0,1,24216809,669,76,0,0
24289426,781,41,0,0,24200866,616,51,0,0
24213738,1192,61,0,1,24216623,1302,94,0,0
24274378,516,19,0,5,24237274,1001,17,0,0
24265460,762,21,0,2,24313259,778,27,0,0
24269239,2039,49,0,3,24306302,1289,47,0,0
24247772,1743,51,0,1,24286145,1753,44,0,0
24265902,985,55,0,1,24221290,1055,57,0,0
24198838,1185,22,0,4,24280883,836,32,0,0
24213043,1779,36,0,2,24324002,913,42,0,0
24317768,1046,76,0,5,24227547,474,136,0,0
24222771,1279,32,0,3,24203468,1520,53,0,0
24237903,1236,40,0,2,24199710,650,67,0,0
24248044,1867,31,0,7,24306434,1179,48,0,0
24239297,1141,49,0,1,24228659,1124,44,0,0
24251066,357,70,0,0,24260887,849,49,0,0
24201517,1623,61,0,1,24304384,1853,21,0,0
24332712,1531,44,0,4,24314230,2568,24,0,0
24266555,2175,71,0,2,24297337,965,72,0,0
24255231,1670,26,0,1,24237932,1704,38,0,0
24243142,920,80,0,1,24338236,1558,60,0,0
24325471,1453,57,0,1,24310596,1107,114,0,0
24345737,1087,31,0,5,24219897,629,43,0,0
24339896,626,37,0,1,24218475,503,19,0,0
24338941,667,88,0,0,24344427,233,56,0,0
24327742,1964,37,0,3,24222753,2132,27,0,0
24249469,1666,33,0,1,24235518,1945,32,0,0
24347749,581,28,0,1,24266202,640,80,0,0
24284117,2538,64,0,5,24246330,1340,60,0,0
24292601,580,33,0,2,24320537,1399,56,0,0
24208392,1230,28,0,0,24233980,313,47,0,0
24310874,711,32,0,3,24287501,1552,40,0,0
24203927,643,104,0,6,24209357,1058,81,0,0
24209426,166,32,0,1,24314009,651,36,0,0
24349018,1921,38,0,1,24223173,798,59,0,0
24237358,2283,19,0,4,24214428,879,16,0,0
24337764,1634,31,0,0,24322012,1842,51,0,0
24214742,2286,53,0,0,24332273,839,66,0,0
24219105,1427,45,0,1,24313226,1149,28,0,0
24254227,868,63,0,3,24315452,1308,82,0,0
24277306,946,47,0,0,24249169,1371,66,0,0
24248674,614,38,0,0,24286154,1004,69,0,0
24259020,289,64,0,1,24207491,683,67,0,0
24283506,965,96,0,3,24217939,645,28,0,0
24351849,1272,21,0,2,24334907,1072,116,0,0
24348515,1127,49,0,3,24270533,124,78,0,0
24289428,561,31,0,2,24288105,1295,30,0,0
24252341,1293,55,0,3,24323499,732,38,0,0
24282493,648,39,0,7,24212622,656,42,0,0
24296970,644,38,0,1,24264908,2048,43,0,0
24236930,1660,62,0,4,24349953,633,162,0,0
24237110,826,69,0,0,24205002,568,35,0,0
24303499,1137,39,0,4,24235311,1153,76,0,0
24266945,1205,59,0,0,24306972,412,56,0,0
24205317,1201,28,0,1,24232500,1220,84,0,0
24239551,1513,52,0,1,24206631,936,43,0,0
24232812,223,67,0,3,24342668,709,28,0,0
24297608,817,34,0,3,24286297,1601,39,0,0
24339434,1138,34,0,2,24349210,1696,83,0,0
24296926,167,49,0,3,24208347,1174,15,0,0
24249900,484,127,0,1,24330003,756,69,0,0
24272251,785,43,0,0,24342986,1701,125,0,0
24352218,829,62,0,1,24230704,1506,43,0,0
24237258,1079,196,0,3,24314849,1334,39,0,0
24243273,1085,49,0,0,24281923,704,66,0,0
24253546,993,25,0,0,24227413,1608,46,0,0
24322216,1584,64,0,8,24236707,1178,44,0,0
24255995,198,51,0,1,24231603,698,49,0,0
24246428,1204,38,0,3,24286642,275,13,0,0
24216697,1820,56,0,4,24342565,638,37,0,0
24280226,1635,44,0,6,24205699,1733,49,0,0
24280831,752,26,0,2,24266321,685,57,0,0
24263521,104,210,0,2,24224768,695,77,0,0
24237969,1006,61,0,6,24231229,1200,21,0,0
24318824,1509,60,0,6,24227882,1688,128,0,0
24252476,881,29,0,0,24309058,743,46,0,0
24228318,1009,44,0,2,24232602,1218,30,0,0
24249358,783,45,0,1,24334157,641,82,0,0
24355094,1475,69,0,2,24235904,1147,39,0,0
24238077,1276,61,0,0,24297814,1195,18,0,0
24212210,2265,53,0,1,24265921,968,37,0,0
24215760,1737,72,0,6,24209433,2511,53,0,0
24328299,1366,46,0,0,24350781,1430,110,0,0
24323505,1631,89,0,1,24326539,230,50,0,0
24232795,395,15,0,1,24317838,728,41,0,0
24233232,1857,53,0,1,24292665,1275,30,0,0
24350416,495,122,0,0,24277849,949,27,0,0
24205027,1937,26,0,4,24275979,1359,12,0,0
24239848,1648,79,0,2,24344994,2186,25,0,0
24327973,1268,56,0,0,24354368,1294,38,0,0
24343835,1467,36,0,4,24218865,2020,36,0,0
24343953,872,23,0,2,24278615,651,40,0,0
24300960,1364,127,0,5,24244604,725,58,0,0
24336552,720,38,0,1,24317709,919,46,0,0
24354512,956,78,0,1,24317381,1129,55,0,0
24207502,2176,32,0,7,24279606,1809,13,0,0
24340412,2168,40,0,1,24256021,888,41,0,0
24219175,1197,43,0,0,24289137,1075,28,0,0
24236563,500,90,0,4,24309218,1028,89,0,0
24236574,1227,44,0,3,24295117,1117,40,0,0
24246368,764,57,0,2,24218185,1439,93,0,0
24219906,109,44,0,2,24329310,1381,70,0,0
24237600,956,37,0,2,24254800,1544,50,0,0
24238883,690,39,0,3,24320768,1332,39,0,0
24262462,822,20,0,6,24348640,2214,42,0,0
24239315,591,99,0,4,24312615,1869,36,0,0
24239982,811,36,0,0,24347783,629,115,0,0
24348896,1979,43,0,2,24240334,1366,78,0,0
24303248,2061,60,0,1,24210627,2107,18,0,0
24314797,1133,65,0,2,24268955,1118,95,0,0
24315225,1146,13,0,6,24278377,1179,44,0,1
24253470,619,81,0,5,24294215,971,50,0,0
24227464,1083,45,0,1,24273838,617,32,0,0
24289596,1371,154,0,2,24298150,2024,40,0,0
24350837,506,52,0,2,24204934,2115,36,0,0
24231613,1806,24,0,0,24318729,1473,67,0,0
24253093,1105,54,0,2,24295053,1394,63,0,1
24267549,822,38,0,6,24221496,181,105,0,0
24358424,1295,48,0,4,24244171,690,66,0,0
24256201,952,65,0,1,24213735,2054,34,0,0
24283836,595,42,0,4,24281485,1613,37,0,0
24213451,744,59,0,0,24315951,694,87,0,0
24244829,1152,19,0,1,24326884,1461,25,0,0
24309508,614,49,0,0,24251266,1102,47,0,0
24285998,761,38,0,1,24263208,1133,44,0,0
24211955,2175,53,0,1,24318570,1638,24,0,0
24250789,1399,41,0,3,24224666,493,34,0,0
24296812,467,59,0,2,24355105,332,26,0,0
24330405,1939,71,0,1,24279296,1438,30,0,0
24270896,1390,49,0,1,24262515,2270,58,0,0
24247361,1791,27,0,5,24240165,1031,44,0,0
24295146,1055,77,0,1,24356360,807,45,0,0
24312947,935,90,0,0,24353174,1875,22,0,0
24267588,2504,15,0,7,24253835,1272,53,0,0
24349344,1182,50,0,1,24269959,652,56,0,0
24272082,598,38,0,2,24222612,1642,54,0,0
24280019,1643,95,0,2,24308322,898,89,0,0
24322137,1054,60,0,1,24241702,242,127,0,0
24332724,937,54,0,2,24287692,1308,60,0,0
24275227,239,56,0,4,24301867,1698,33,0,0
24215490,1216,23,0,2,24325916,779,37,0,0
24282106,1062,36,0,2,24232165,1303,34,0,0
24243651,834,88,0,1,24231284,913,51,0,0
24274971,625,116,0,1,24264584,1121,87,0,0
24208480,811,18,0,3,24321472,513,55,0,0
24267419,1764,60,0,0,24334309,1217,19,0,0
24357249,1197,34,0,5,24264223,1094,34,0,0
24214869,736,34,0,5,24302937,787,65,0,0
24314361,307,53,0,0,24296487,1042,81,0,0
24352115,1609,24,0,5,24288586,1041,43,0,0
24253220,1618,30,0,0,24305257,690,87,0,0
24340018,1250,44,0,1,24325291,725,48,0,0
24355736,878,22,0,2,24313220,763,21,0,0
24298832,517,40,0,1,24305908,1486,58,0,0
24304903,1528,47,0,0,24233624,1559,74,0,0
24257754,2185,222,0,1,24272345,1293,39,0,0
24236441,331,37,0,2,24257053,623,77,0,0
24209803,2113,68,0,0,24327350,1253,47,0,0
24209690,620,25,0,1,24224001,1635,25,0,0
24360757,1321,38,0,1,24343439,2117,34,0,0
24359157,811,80,0,12,24259159,350,35,0,0
24342155,1171,35,0,2,24291305,1016,57,0,0
24327528,1790,54,0,0,24270625,1272,49,0,0
24245453,491,56,0,1,24321106,1875,34,0,0
24294577,853,35,0,2,24268228,2071,36,0,0
24295023,564,75,0,3,24295958,1376,58,0,0
24244201,875,24,0,2,24336366,494,28,0,0
24229671,1829,33,0,3,24254183,1679,32,0,0
24353731,890,68,0,1,24228847,1330,29,0,0
24252684,906,37,0,1,24303321,614,51,0,0
24235094,1909,48,0,10,24251815,1550,19,0,0
24357561,711,95,0,0,24302723,1611,42,0,0
24320539,333,39,0,2,24239262,1107,66,0,0
24286072,244,67,0,4,24265043,312,85,0,0
24258145,1749,30,0,0,24359378,848,26,0,0
24220158,1434,79,0,3,24265040,1695,46,0,0
24352164,403,56,0,0,24322632,603,48,0,0
24237595,905,32,0,2,24247443,1834,46,0,0
24251232,733,42,0,9,24348906,1622,25,0,0
24305335,766,45,0,2,24238464,1163,39,0,0
24210375,1371,26,0,1,24327445,1090,95,0,0
24276515,750,60,0,0,24213684,1260,70,0,0
24306609,611,45,0,4,24222800,1108,30,0,0
24291998,1107,33,0,0,24352617,1323,28,0,0
24226788,1157,53,0,0,24286087,986,52,0,0
24230871,233,28,0,0,24282955,1562,15,0,0
24319141,1362,31,0,3,24282814,829,60,0,0
24280562,996,37,0,0,24329405,1189,63,0,0
24318851,1799,69,0,2,24244907,1646,33,0,0
24290292,1428,40,0,1,24296929,1092,71,0,0
24313712,799,27,0,2,24356101,1347,47,0,0
24299842,1202,74,0,0,24247553,269,76,0,0
24218800,1685,48,0,1,24218045,558,59,0,0
24354034,684,42,0,6,24221169,1677,62,0,0
24284757,909,65,0,2,24342254,700,56,0,0
24228182,1139,40,0,0,24276570,2156,56,0,0
24332131,1455,41,0,6,24257632,1553,28,0,0
24264605,1447,30,0,1,24344142,420,43,0,0
24274411,1103,41,0,7,24248085,650,72,0,0
24301468,152,82,0,3,24259187,1875,62,0,0
24265023,1411,40,0,0,24339727,1507,50,0,0
24314942,958,47,0,4,24253136,1251,71,0,0
24294637,1648,57,0,0,24303770,733,91,0,0
24359044,1739,34,0,3,24298047,793,51,0,0
24250738,656,38,0,8,24320959,1236,22,0,0
24281942,1089,70,0,1,24224593,1674,46,0,0
24244848,1160,23,0,1,24314013,1644,56,0,0
24342616,2064,76,0,0,24213722,1095,54,0,0
24361098,623,58,0,0,24357931,1014,23,0,0
24224272,900,71,0,3,24279843,485,33,0,0
24336747,1209,54,0,0,24309632,1729,58,0,0
24212989,2131,50,0,2,24252346,1226,35,0,0
24270895,1440,88,0,0,24272900,788,30,0,0
24300566,1204,52,0,2,24340578,864,72,0,0
24256543,1097,41,0,2,24247928,443,63,0,0
24273645,474,46,0,3,24230759,1500,25,0,0
24316047,1115,54,0,2,24304938,1600,55,0,0
24221946,200,82,0,0,24265806,142,25,0,0
24333946,783,29,0,1,24252496,1742,31,0,0
24335004,1080,50,0,6,24269802,1017,67,0,0
24264751,1078,65,0,0,24239649,2399,57,0,0
24305021,880,40,0,1,24283435,1024,61,0,0
24327957,974,50,0,2,24283595,1636,37,0,0
24297325,1717,30,0,0,24222070,521,61,0,0
24321066,1053,71,0,2,24284900,1225,104,0,0
24257667,766,24,0,7,24296314,888,30,0,0
24215867,1742,54,0,3,24365381,1308,43,0,0
24219354,392,43,0,6,24321281,1324,74,0,0
24252003,1756,29,0,0,24278717,1522,71,0,0
24279416,736,97,0,0,24288942,1846,66,0,0
24300136,1285,99,0,2,24279509,658,55,0,0
24260202,397,36,0,1,24226578,610,87,0,0
24259223,1820,53,0,4,24353053,955,37,0,0
24251188,1137,35,0,4,24332442,1126,82,0,0
24355960,687,55,0,2,24296567,1161,122,0,0
24363320,1357,26,0,1,24259633,673,111,0,0
24330085,1646,30,0,0,24327265,1932,25,0,0
24273727,431,36,0,0,24303276,1492,39,0,0
24212300,516,30,0,1,24363241,1599,23,0,0
24356616,1654,55,0,7,24211436,528,66,0,0
24337969,953,30,0,2,24304087,632,28,0,0
24341879,476,46,0,2,24326690,1176,70,0,0
24275611,1103,104,0,3,24280144,1156,79,0,0
24270111,1600,45,0,0,24344063,2052,37,0,0
24358675,621,42,0,1,24245178,108,70,0,0
24323509,1273,101,0,1,24366094,948,48,0,0
24326847,600,38,0,3,24251193,609,37,0,0
24258863,2256,49,0,0,24338410,1337,36,0,0
24316712,146,27,0,0,24235371,1169,32,0,0
24245664,624,16,0,7,24311361,1456,95,0,0
24319968,814,71,0,1,24319379,1365,21,0,0
24305158,1245,57,0,0,24359749,1200,49,0,0
24334251,602,55,0,0,24345790,752,39,0,0
24336856,761,50,0,1,24242370,768,47,0,0
24226480,1816,30,0,2,24314426,1257,73,0,0
24308518,989,122,0,0,24314463,745,72,0,0
24363770,2135,25,0,1,24230713,1778,27,0,0
24297412,206,92,0,1,24312853,1517,69,0,0
24290746,1030,164,0,2,24323000,801,23,0,0
24343957,977,42,0,5,24264697,1733,37,0,0
24324377,1141,30,0,3,24285703,1078,44,0,0
24240045,2176,22,0,1,24332295,1617,38,0,0
24311205,222,29,0,1,24295687,1989,40,0,0
24353270,1783,37,0,0,24368590,769,63,0,0
24281085,928,49,0,0,24267743,990,38,0,0
24218859,1788,32,0,1,24359051,1232,64,0,0
24341672,1378,29,0,0,24234879,1580,69,0,0
24295310,937,32,0,2,24326051,1206,26,0,0
24330561,1680,27,0,1,24243758,1206,19,0,0
24328676,564,52,0,4,24253601,1136,32,0,0
24282226,1086,33,0,0,24230321,1902,41,0,0
24267734,693,33,0,0,24347228,1206,74,0,0
24305968,833,40,0,6,24343089,862,32,0,0
24252527,1341,85,0,7,24213752,863,81,0,0
24300738,1191,32,0,0,24362966,996,52,0,0
24259897,1743,25,0,1,24284496,2143,63,0,0
24278788,938,74,0,1,24261690,1608,47,0,0
24236439,292,52,0,5,24292763,1332,15,0,0
24215241,1284,39,0,2,24267353,1427,60,0,0
24274368,1677,32,0,11,24247483,1843,74,0,0
24322431,999,26,0,5,24275536,821,84,0,0
24353041,918,70,0,4,24234418,665,56,0,0
24262461,718,95,0,1,24236575,1387,44,0,0
24310871,912,58,0,7,24366890,523,29,0,0
24326806,1188,55,0,1,24248226,988,37,0,0
24329958,1237,34,0,2,24290492,947,35,0,0
24288780,837,51,0,4,24319389,1664,36,0,0
24319732,238,51,0,5,24337588,725,51,0,0
24349050,885,72,0,0,24254292,1085,64,0,0
24329683,722,76,0,2,24303437,1783,57,0,0
24216552,1865,65,0,2,24352534,1025,25,0,0
24274308,436,37,0,3,24222223,1593,47,0,0
24276400,730,90,0,4,24282640,1046,53,0,0
24259435,1535,127,0,2,24329833,935,47,0,0
24229307,2204,31,0,2,24363805,648,31,0,0
24274639,1257,33,0,2,24276655,735,29,0,0
24260126,1670,215,0,3,24283655,1767,57,0,0
24296780,1383,32,0,1,24299981,700,47,0,0
24330865,1188,89,0,3,24326528,1569,56,0,0
24364459,937,30,0,2,24365212,1372,46,0,0
24322468,863,32,0,0,24347630,228,19,0,0
24371255,739,60,0,1,24244431,1193,31,0,0
24358673,1554,55,0,0,24287761,1444,35,0,0
24325114,485,86,0,2,24356383,2064,52,0,0
24225104,2077,36,0,2,24297221,106,63,0,0
24329947,802,27,0,3,24290904,1293,44,0,0
24237971,848,30,0,2,24350193,577,89,0,0
24320431,577,34,0,3,24240491,599,45,0,0
24299256,342,49,0,0,24282208,637,44,0,0
24366725,1255,40,0,0,24280268,1193,22,0,0
24314429,885,37,0,1,24283901,1443,43,0,0
24330474,1498,38,0,3,24315449,2373,51,0,0
24231924,2367,58,0,1,24298311,898,48,0,0
24297428,1623,30,0,2,24289931,1338,48,0,0
24314204,1979,32,0,2,24222421,1675,59,0,0
24282815,1803,35,0,4,24338551,2243,39,0,0
24251080,374,39,0,1,24262406,741,34,0,0
24276566,1049,37,0,1,24231200,1887,22,0,0
24308443,106,63,0,6,24354597,2330,65,0,0
24291090,849,66,0,2,24218284,555,45,0,0
24361700,1260,35,0,4,24282996,1373,31,0,0
24344048,1433,38,0,2,24249941,473,26,0,0
24254184,1854,64,0,2,24360474,1122,54,0,0
24261881,453,55,0,7,24330094,792,72,0,0
24288856,632,44,0,1,24318169,768,81,0,0
24354378,1755,33,0,1,24340492,1694,47,0,0
24322633,893,68,0,6,24275063,982,38,0,0
24264507,1917,69,0,11,24306098,1850,39,0,0
24280629,1551,20,0,5,24254014,1240,34,0,0
24220641,1570,57,0,1,24363362,784,46,0,0
24358468,1673,53,0,0,24363704,1173,53,0,0
24331063,2196,46,0,1,24339855,1387,48,0,0
24296696,1506,53,0,5,24247895,1351,22,0,0
24314257,1576,24,0,15,24292055,1260,38,0,0
24293390,1228,72,0,0,24364862,875,77,0,0
24286799,1131,28,0,0,24342152,2072,37,0,0
24360370,1626,40,0,0,24314105,1298,65,0,0
24359149,1472,36,0,0,24222820,639,56,0,0
24336743,1135,92,0,0,24291600,445,69,0,0
24335248,1026,18,0,0,24324986,233,32,0,0
24300047,2145,63,0,0,24267513,444,42,0,0
24318972,993,98,0,1,24244160,1216,21,0,0
24221922,650,22,0,1,24241672,889,69,0,0
24262247,436,54,0,0,24294683,623,32,0,0
24346655,1050,36,0,0,24224790,1253,86,0,0
24348099,615,64,0,2,24275489,1289,33,0,0
24357510,864,47,0,1,24345267,940,35,0,0
24298061,886,76,0,5,24296796,1695,34,0,0
24283406,263,62,0,3,24344173,992,14,0,0
24275404,976,41,0,1,24309724,932,49,0,0
24350499,456,49,0,1,24253344,1368,42,0,0
24326561,749,32,0,2,24252131,1051,36,0,0
24252959,1071,56,0,1,24298933,1189,99,0,0
24321460,1257,64,0,1,24306651,558,51,0,0
24356743,676,16,0,1,24300002,1610,44,0,0
24269876,812,27,0,3,24366406,947,40,0,0
24250977,886,35,0,0,24367431,1690,58,0,0
24371976,584,18,0,9,24226522,1698,31,0,0
24291730,1596,56,0,0,24290351,2105,51,0,0
24291941,1883,57,0,3,24344501,1642,16,0,0
24347456,445,66,0,6,24299940,648,66,0,0
24236281,857,51,0,1,24240885,656,117,0,0
24273921,1136,21,0,1,24367167,502,44,0,0
24296191,947,57,0,2,24287062,810,29,0,0
24320210,1817,31,0,0,24224381,1384,43,0,0
24319354,1012,73,0,0,24374075,1155,40,0,0
24255939,2468,36,0,1,24228290,588,20,0,0
24250159,530,47,0,3,24306979,710,83,0,0
24244334,2040,26,0,1,24283621,801,27,0,0
24269985,191,33,0,2,24375575,510,74,0,0
24343257,1824,28,0,3,24274859,462,65,0,0
24263137,1114,20,0,2,24301926,552,41,0,0
24240449,697,33,0,0,24314423,826,89,0,0
24309805,1060,46,0,4,24324416,1609,41,0,0
24288648,1728,33,0,1,24248628,537,80,0,0
24326099,811,63,0,2,24227255,904,33,0,0
24291019,503,59,0,6,24278276,934,56,0,0
24334662,406,100,0,5,24370336,800,57,0,0
24346953,1668,63,0,1,24374434,100,32,0,0
24236118,1302,41,0,3,24340254,1164,28,0,0
24323423,1333,48,0,0,24315287,1660,53,0,0
24278149,481,35,0,0,24352176,460,101,0,0
24319293,922,39,0,1,24221965,1639,63,0,0
24261964,1777,47,0,1,24292322,1014,102,0,0
24293795,2018,26,0,1,24310224,1827,24,0,0
24256257,1193,44,0,3,24325490,1072,27,0,0
24244308,640,97,0,4,24320497,182,22,0,0
24236808,344,47,0,4,24261582,2388,58,0,0
24317536,1352,30,0,1,24269971,1246,26,0,0
24254235,1607,49,0,8,24302761,1967,34,0,0
24331153,249,36,0,0,24323438,632,51,0,0
24364732,1090,31,0,0,24369345,1116,69,0,0
24360301,503,64,0,1,24287115,634,33,0,0
24360118,218,46,0,0,24345424,1871,12,0,0
24332240,1069,32,0,2,24295875,325,71,0,0
24327085,2566,49,0,4,24232065,1479,62,0,0
24257668,1515,67,0,0,24251345,1855,31,0,0
24330986,488,43,0,4,24344749,771,65,0,0
24287647,947,54,0,1,24238818,895,23,0,0
24306716,542,108,0,3,24359568,1127,48,0,0
24339368,479,66,0,0,24273518,1105,71,0,0
24223162,2577,71,0,0,24374448,643,90,0,0
24274798,973,52,0,1,24306713,1491,103,0,0
24326376,720,36,0,2,24254400,739,24,0,0
24259199,1408,30,0,2,24280011,703,41,0,0
24335686,459,69,0,5,24231356,1637,72,0,0
24343526,1062,48,0,3,24272923,721,23,0,0
24306642,1243,27,0,2,24296485,1245,96,0,0
24230232,253,33,0,3,24378007,1205,28,0,0
24346295,962,64,0,0,24296730,1317,24,0,0
24352781,417,123,0,3,24356255,921,67,0,0
24326425,534,35,0,2,24265492,892,74,0,0
24343738,1354,31,0,0,24259132,1363,49,0,0
24345235,1100,38,0,4,24288770,1786,18,0,0
24277520,809,40,0,0,24293567,1350,69,0,0
24368305,1075,43,0,0,24274868,1545,22,0,0
24323640,405,59,0,2,24379018,1348,63,0,0
24354079,702,76,0,1,24288430,1414,24,0,0
24369639,335,83,0,3,24361363,1760,38,0,0
24320866,1067,28,0,5,24345101,813,47,0,0
24259829,598,96,0,0,24268420,745,67,0,0
24372226,1172,24,0,1,24373641,937,22,0,0
24382172,1572,52,0,6,24249155,1328,30,0,0
24347724,1064,20,0,1,24362169,309,19,0,0
24280496,1288,61,0,4,24303835,679,57,0,0
24349415,1538,50,0,6,24302038,483,41,0,0
24295675,607,50,0,4,24335715,753,200,0,0
24239006,1563,41,0,0,24356471,1178,72,0,0
24357912,255,88,0,2,24314827,1680,32,0,0
24310305,1470,42,0,5,24368257,1015,57,0,0
24353821,794,53,0,3,24258113,1071,25,0,0
24276029,733,31,0,2,24349562,1484,49,0,0
24236637,1643,27,0,6,24226247,635,50,0,0
24321336,2030,35,0,3,24292444,1106,29,0,0
24244607,701,72,0,1,24301906,1001,76,0,0
24248495,2197,17,0,2,24311225,1166,110,0,0
24333442,1062,36,0,1,24241902,608,33,0,0
24343258,742,67,0,3,24345287,656,27,0,0
24345608,1136,59,0,2,24377426,1011,66,0,0
24288823,1059,38,0,1,24311842,609,37,0,0
24356050,1245,23,0,3,24236095,2296,24,0,0
24261158,1493,44,0,3,24274358,1447,33,0,0
24348620,661,27,0,0,24265814,665,50,0,0
24353204,949,62,0,1,24368875,812,73,0,0
24301187,437,35,0,9,24369919,280,31,0,0
24358891,746,180,0,4,24312312,1601,36,0,0
24258946,1477,112,0,2,24306090,1755,58,0,0
24237088,1082,55,0,1,24371690,555,26,0,0
24297387,869,39,0,6,24263015,912,84,0,0
24323684,806,66,0,0,24232133,195,263,0,0
24246464,683,59,0,0,24269485,1399,61,0,0
24244951,1701,35,0,0,24245027,747,20,0,0
24279034,1212,64,0,0,24379695,2168,62,0,0
24234361,1608,54,0,1,24295785,1105,48,0,0
24381669,1309,46,0,2,24299659,130,33,0,0
24277148,610,65,0,1,24280887,346,155,0,0
24231424,2161,51,0,1,24359167,199,73,0,0
24375959,213,57,0,1,24343548,915,21,0,0
24230677,727,60,0,2,24229034,1010,45,0,0
24309432,817,39,0,7,24268842,117,26,0,0
24274329,603,32,0,2,24263230,1358,39,0,0
24249512,1238,27,0,0,24313168,802,74,0,0
24331120,1047,66,0,0,24316715,1035,78,0,0
24230873,492,125,0,0,24234736,2380,64,0,0
24234560,277,50,0,6,24275757,1501,51,0,0
24336546,462,45,0,0,24351510,770,26,0,0
24366450,376,67,0,2,24322250,232,39,0,0
24324446,1574,85,0,7,24232916,1151,27,0,0
24355227,1607,19,0,0,24278584,781,31,0,0
24235388,330,140,0,1,24239640,1883,69,0,0
24320740,2068,45,0,2,24364774,974,31,0,0
24285197,1413,43,0,2,24317975,1203,21,0,0
24353723,1614,42,0,2,24305462,1145,40,0,0
24268782,938,50,0,9,24244052,1280,35,0,0
24295530,1248,43,0,4,24270306,296,29,0,0
24319804,689,56,0,1,24311858,1705,43,0,0
24354005,229,66,0,2,24344113,1020,22,0,0
24263969,903,63,0,2,24338003,1611,30,0,0
24385323,1885,49,0,1,24315513,1017,42,0,0
24300451,906,35,0,3,24299807,412,84,0,0
24253880,1624,22,0,2,24327246,2156,37,0,0
24248463,1126,84,0,1,24282875,1412,36,0,0
24289674,1216,75,0,0,24264301,662,74,0,0
24285555,1783,39,0,1,24307170,862,41,0,0
24277922,1804,44,0,1,24241776,1273,27,0,0
24307703,222,73,0,1,24334066,1158,44,0,0
24242921,1091,36,0,9,24273061,376,49,0,0
24266220,2390,59,0,1,24278925,1766,48,0,0
24303905,852,19,0,1,24318054,797,51,0,0
24371252,1099,68,0,4,24259879,1693,38,0,0
24243356,1100,63,0,3,24328744,2259,29,0,0
24231095,1368,60,0,1,24378106,937,50,0,0
24236332,1734,57,0,0,24294369,962,25,0,0
24243621,1466,59,0,10,24303043,2053,61,0,0
24242376,974,30,0,1,24369189,1175,57,0,0
24369028,2100,22,0,2,24329035,916,25,0,0
24278746,207,52,0,12,24327661,1522,37,0,0
24262149,1205,51,0,0,24324156,1754,32,0,0
24323548,1465,62,0,0,24379360,604,71,0,0
24351916,789,28,0,1,24236660,645,41,0,0
24247007,362,47,0,1,24270967,695,17,0,0
24317890,306,30,0,0,24325132,384,45,0,0
24240839,1466,36,0,1,24266358,2329,67,0,0
24312879,1494,59,0,2,24247592,823,46,0,0
24267069,1006,43,0,2,24264258,895,32,0,0
24233211,1942,35,0,1,24360520,2200,89,0,0
24353298,961,36,0,1,24331260,1032,50,0,0
24254632,951,60,0,1,24321972,763,46,0,0
24365095,752,30,0,2,24371678,1060,41,0,0
24314304,642,22,0,2,24275579,858,15,0,0
24275871,498,43,0,0,24336771,1905,83,0,0
24294252,244,66,0,0,24254045,636,52,0,0
24321069,549,46,0,3,24370034,609,60,0,0
24272894,550,28,0,1,24353151,1435,25,0,0
24356015,977,36,0,1,24362225,1093,37,0,0
24328797,804,63,0,1,24360103,1263,50,0,0
24275444,1531,18,0,1,24297705,945,73,0,0
24242296,762,16,0,2,24271541,2126,43,0,0
24342666,364,214,0,6,24305801,741,101,0,0
24356818,444,46,0,1,24286950,1731,47,0,0
24360270,1293,23,0,1,24283682,1666,28,0,0
24363803,1103,112,0,5,24305822,1241,38,0,0
24282518,1856,35,0,3,24389017,2443,26,0,0
24345899,282,35,0,3,24269088,836,95,0,0
24260884,743,60,0,0,24341340,2402,62,0,0
24313032,1553,44,0,1,24362347,1453,53,0,0
24262821,2195,40,0,14,24329774,2137,38,0,0
24251536,1336,21,0,6,24317541,2264,37,0,0
24257219,1185,30,0,2,24237999,1043,55,0,0
24312500,682,29,0,0,24259826,551,50,0,0
24318401,1031,41,0,4,24321112,1216,43,0,0
24384193,1158,30,0,4,24345046,1800,61,0,0
24378251,823,16,0,3,24373682,383,74,0,0
24289635,1133,53,0,1,24376736,1564,40,0,0
24357622,897,60,0,3,24297455,2097,88,0,0
24328083,1629,62,0,4,24268235,1123,18,0,0
24330026,1244,31,0,2,24355982,1384,37,0,0
24296569,729,68,0,8,24299191,1529,49,0,0
24265543,402,36,0,4,24293504,407,49,0,0
24336242,642,61,0,12,24331457,1553,41,0,0
24233881,1090,48,0,3,24322064,1991,34,0,0
24237981,1647,54,0,17,24257969,1670,43,0,0
24348472,827,51,0,2,24350733,663,49,0,0
24263076,856,57,0,1,24363271,1497,74,0,0
24297860,351,41,0,3,24339785,931,124,0,0
24316884,1238,37,0,3,24281018,442,32,0,0
24254906,812,25,0,1,24326684,831,96,0,0
24273631,401,39,0,1,24345099,1027,55,0,0
24293405,1032,46,0,1,24289179,1477,50,0,0
24322943,2061,41,0,2,24256154,1912,60,0,0
24360669,686,32,0,1,24379057,1176,44,0,0
24377875,1242,28,0,2,24246055,1780,88,0,0
24285955,722,25,0,0,24355388,609,52,0,0
24342888,860,46,0,1,24303103,1159,51,0,0
24373736,755,64,0,1,24384682,2473,19,0,0
24336231,1838,42,0,4,24362206,1056,59,0,0
24301825,1603,48,0,4,24268951,306,69,0,0
24284786,798,87,0,2,24343674,1238,54,0,0
24313468,802,40,0,1,24307689,1670,34,0,0
24370610,1178,50,0,1,24380096,747,38,0,0
24238729,236,66,0,2,24283921,1008,35,0,0
24307070,1062,43,0,2,24270234,139,74,0,0
24372645,2061,38,0,6,24299523,930,24,0,0
24246815,979,70,0,2,24275518,1226,35,0,0
24316267,1110,55,0,3,24378816,1157,57,0,0
24244580,637,50,0,1,24238563,605,38,0,0
24285642,1366,57,0,6,24296312,1188,51,0,0
24325010,2167,50,0,1,24393018,1389,28,0,0
24266737,691,57,0,3,24382459,432,101,0,0
24327988,622,71,0,1,24312037,2367,53,0,0
24291737,1125,34,0,1,24258086,449,44,0,0
24332822,312,51,0,4,24304915,1050,33,0,0
24376177,817,58,0,3,24334634,561,77,0,0
24296742,1394,61,0,3,24337689,1103,24,0,0
24302853,1560,23,0,6,24283837,1746,52,0,0
24356535,1433,30,0,4,24317274,1012,64,0,0
24281033,368,32,0,1,24263043,862,38,0,0
24379013,1221,66,0,0,24269743,504,33,0,0
24285204,1123,57,0,0,24370080,1210,75,0,0
24304871,1158,60,0,3,24318118,558,29,0,0
24355771,2302,28,0,2,24372733,1272,59,0,0
24376278,2260,43,0,1,24389434,1222,75,0,0
24263814,1179,68,0,1,24294553,942,31,0,0
24290001,2055,22,0,1,24245250,1536,52,0,0
24310739,1481,70,0,4,24386107,256,66,0,0
24261990,2391,51,0,0,24237071,1715,51,0,0
24284076,682,34,0,0,24390706,621,33,0,0
24355779,407,38,0,0,24268042,1306,41,0,0
24372175,467,56,0,0,24259814,1876,69,0,0
24346801,806,16,0,10,24258433,809,53,0,0
24237565,712,59,0,4,24333847,289,70,0,0
24358280,524,39,0,1,24274204,790,52,0,0
24387247,415,36,0,1,24366539,188,68,0,0
24301332,831,42,0,4,24322925,990,43,0,0
24357133,1086,44,0,6,24245276,1175,24,0,0
24393099,218,25,0,3,24287532,765,30,0,0
24237858,1783,52,0,7,24341674,1947,30,0,0
24351672,780,80,0,0,24270798,1099,29,0,0
24392695,493,82,0,0,24261871,734,67,0,0
24262299,1548,17,0,1,24303828,1111,31,0,0
24323220,1590,30,0,2,24393942,350,51,0,0
24320992,1652,53,0,4,24333354,1307,55,0,0
24280929,614,76,0,8,24239647,1152,90,0,0
24301455,1523,58,0,6,24285067,637,62,0,0
24260905,1196,60,0,12,24292965,1122,26,0,0
24375186,648,30,0,4,24297384,1651,43,0,0
24369305,1100,17,0,9,24281172,940,49,0,0
24380576,625,24,0,1,24389662,1048,54,0,0
24383230,611,65,0,2,24342586,943,24,0,0
24317490,780,56,0,3,24326378,949,66,0,0
24274332,826,56,0,4,24328523,1227,57,0,0
24352554,735,33,0,5,24368417,1088,61,0,0
24304216,1244,85,0,0,24262987,678,57,0,0
24297559,1671,64,0,1,24299566,1413,55,0,0
24370007,767,49,0,1,24314024,1173,37,0,0
24391079,1334,48,0,6,24292804,1553,80,0,0
24359447,2178,71,0,5,24251125,1141,64,0,0
24241920,992,40,0,2,24358294,1020,55,0,0
24303011,1037,30,0,0,24279471,407,82,0,0
24291287,1005,84,0,5,24324616,1533,76,0,0
24387775,450,61,0,2,24355741,789,60,0,0
24295457,1594,34,0,0,24361869,136,55,0,0
24248225,809,51,0,0,24289372,866,54,0,0
24245034,1222,31,0,1,24316024,1316,41,0,0
24334331,1650,44,0,0,24267553,481,86,0,0
24365206,1227,66,0,1,24346128,1669,40,0,0
24337664,1660,44,0,3,24308103,773,23,0,0
24379690,718,57,0,0,24294026,712,24,0,0
24385993,1698,23,0,5,24308980,760,32,0,0
24296889,2200,19,0,5,24295633,879,31,0,0
24339453,925,29,0,7,24387205,1001,19,0,0
24370764,674,30,0,1,24285510,441,56,0,0
24272610,805,224,0,1,24281097,409,35,0,0
24371390,518,49,0,6,24256756,1558,71,0,0
24328751,1268,62,0,2,24343065,1304,19,0,0
24397216,1643,46,0,4,24305373,2188,25,0,0
24374458,1989,81,0,7,24333010,1762,49,0,0
24382031,120,112,0,1,24350222,1806,54,0,0
24362909,1604,47,0,1,24371066,820,36,0,0
24377091,1794,16,0,4,24293943,1150,53,0,0
24265599,1328,51,0,0,24273345,670,82,0,0
24391554,1117,110,0,1,24324245,508,32,0,0
24350299,1006,36,0,5,24360862,1995,39,0,0
24257618,1334,63,0,1,24293024,1176,94,0,0
24349326,888,31,0,1,24350212,1179,42,0,0
24367539,986,47,0,0,24355866,697,34,0,0
24281175,2299,23,0,2,24245895,660,31,0,0
24286307,1106,33,0,3,24321051,1394,23,0,0
24263026,647,49,0,0,24279928,264,75,0,0
24287713,1130,33,0,4,24322715,1163,48,0,0
24336437,1284,33,0,4,24274246,1141,40,0,0
24331673,1625,56,0,1,24385521,270,43,0,0
24372136,1833,22,0,1,24360957,636,49,0,0
24261904,974,71,0,2,24302363,1940,34,0,0
24323909,1178,59,0,3,24299231,1414,67,0,0
24247032,648,45,0,1,24266362,1375,31,0,0
24388378,423,39,0,1,24288413,1738,21,0,0
24247695,1830,21,0,0,24338077,1191,42,0,0
24388401,936,25,0,0,24315090,2536,64,0,0
24360800,1014,43,0,2,24277791,568,37,0,0
24384448,2034,31,0,1,24322971,1051,44,0,0
24373223,1249,57,0,6,24379659,1065,69,0,0
24383166,1732,41,0,3,24274705,1974,53,0,0
24257943,512,67,0,2,24249173,246,40,0,0
24245148,901,28,0,4,24277994,1217,51,0,0
24284322,932,56,0,0,24341538,1030,173,0,0
24334408,849,47,0,3,24390337,319,56,0,0
24382854,1719,25,0,3,24387741,1329,55,0,0
24359579,160,63,0,0,24258715,1359,40,0,0
24354178,937,64,0,0,24387086,1114,28,0,0
24314900,1009,32,0,4,24355863,1122,29,0,0
24263678,1640,56,0,3,24274495,1410,36,0,0
24293955,2235,49,0,0,24319263,1086,46,0,0
24326803,1194,43,0,3,24366804,421,26,0,0
24281712,1398,72,0,0,24296183,1780,46,0,0
24243569,1481,35,0,1,24345804,458,77,0,0
24305666,1331,31,0,0,24321772,1845,23,0,0
24287695,2390,26,0,1,24266281,1797,40,0,0
24244475,858,53,0,4,24258996,2055,29,0,0
24251124,834,42,0,2,24348552,903,32,0,0
24324081,1034,59,0,2,24255403,1790,31,0,0
24261172,1103,31,0,1,24250755,768,43,0,0
24303047,590,47,0,1,24272769,512,91,0,0
24394410,975,29,0,1,24343250,613,53,0,0
24310570,1088,55,0,3,24347884,734,83,0,0
24281441,2281,40,0,4,24270220,595,30,0,0
24348365,513,30,0,1,24288004,1381,35,0,0
24353952,601,72,0,0,24324984,1976,40,0,0
24257367,1783,45,0,1,24293819,827,30,0,0
24280842,483,45,0,7,24302814,1107,19,0,0
24387991,2583,33,0,3,24264464,2229,32,0,0
24360019,1609,74,0,3,24342796,1981,45,0,0
24305467,1088,21,0,1,24391236,943,61,0,0
24289006,892,52,0,0,24289378,896,22,0,0
24398474,1168,38,0,0,24291255,773,65,0,0
24267547,933,128,0,0,24287646,761,99,0,0
24291197,1872,40,0,0,24258438,995,68,0,0
24389712,1189,45,0,0,24299587,505,225,0,0
24339538,463,86,0,1,24341028,1492,32,0,0
24266394,499,46,0,4,24355809,424,39,0,0
24296917,999,103,0,7,24355984,2564,48,0,0
24248382,2193,39,0,2,24292031,525,45,0,0
24315485,1011,20,0,2,24280461,999,55,0,0
24299127,728,20,0,2,24249202,823,60,0,0
24328282,843,42,0,1,24342135,990,51,0,0
24344802,313,53,0,4,24253573,558,45,0,0
24340984,401,28,0,3,24362859,608,32,0,0
24303774,1601,56,0,7,24389796,980,49,0,0
24268285,1116,25,0,6,24307491,1156,34,0,0
24277416,883,41,0,1,24277627,980,87,0,0
24369268,911,62,0,2,24280599,2002,32,0,0
24387810,1235,124,0,3,24352228,742,53,0,0
24362089,1450,35,0,3,24396242,1223,56,0,0
24383376,1380,61,0,1,24298385,1030,100,0,0
24271034,203,51,0,1,24282300,836,74,0,0
24388502,376,69,0,1,24350937,647,170,0,0
24302649,1632,94,0,0,24279058,1963,29,0,0
24388978,1537,37,0,0,24356504,1002,57,0,0
24278100,1391,24,0,1,24298816,1227,25,0,0
24305809,1041,51,0,1,24319314,814,58,0,0
24327638,490,40,0,2,24247561,779,29,0,0
24303483,1992,34,0,0,24288159,1597,43,0,0
24354069,1233,61,0,9,24401340,1407,41,0,0
24277152,1149,101,0,1,24402728,718,61,0,0
24306437,1296,47,0,3,24361505,1192,33,0,0
24369588,879,87,0,2,24363620,1719,55,0,0
24254517,777,128,0,2,24332392,1073,78,0,0
24274685,1274,94,0,1,24282415,280,36,0,0
24258195,2158,48,0,4,24254710,493,63,0,0
24393227,890,28,0,2,24395505,1404,69,0,0
24307127,746,55,0,0,24282076,1191,42,0,0
24249043,1358,30,0,4,24401809,2022,42,0,0
24258916,491,24,0,1,24399317,1580,56,0,0
24283985,958,23,0,3,24305285,347,23,0,0
24269615,733,28,0,13,24311557,1563,33,0,0
24323251,1137,35,0,5,24323290,2415,53,0,0
24370256,727,40,0,0,24290479,1963,33,0,0
24388901,1175,147,0,3,24372610,846,45,0,0
24365037,1505,78,0,0,24278598,2014,65,0,0
24330523,1534,18,0,1,24391882,988,31,0,0
24374987,1792,359,0,0,24281480,619,35,0,0
24389974,530,40,0,0,24402337,1422,76,0,0
24283834,268,27,0,1,24336027,1663,18,0,0
24283647,414,42,0,2,24397920,834,17,0,0
24287708,1659,64,0,2,24327040,1724,34,0,0
24346833,2281,50,0,1,24301184,1268,68,0,0
24402858,1285,38,0,6,24309862,941,53,0,0
24335072,768,97,0,1,24374841,1324,32,0,0
24332653,1307,176,0,1,24278263,1797,61,0,0
24342764,1660,40,0,3,24351418,1424,51,0,0
24288573,597,77,0,1,24375849,605,78,0,0
24344617,726,59,0,3,24343461,679,57,0,0
24384865,1088,63,0,0,24320364,762,44,0,0
24343617,2175,47,0,7,24285199,317,62,0,0
24305735,205,99,0,8,24346559,1380,25,0,0
24335065,1013,57,0,5,24282764,1115,77,0,0
24265689,880,124,0,0,24254646,301,60,0,0
24275402,563,106,0,2,24361748,1275,31,0,0
24325709,750,60,0,3,24282572,633,31,0,0
24395964,1237,53,0,0,24262905,1110,57,0,0
24383985,1317,83,0,0,24323487,1012,77,0,0
24330453,951,20,0,3,24379838,1554,39,0,1
24323728,781,53,0,2,24326189,1654,54,0,0
24333243,397,33,0,5,24317560,780,52,0,0
24392370,1536,38,0,1,24343472,1456,68,0,0
24350045,792,62,0,3,24358065,478,28,0,0
24332770,1127,51,0,0,24389917,702,42,0,0
24255820,875,63,0,8,24384965,1252,17,0,0
24269922,638,38,0,1,24319244,572,114,0,0
24390566,1919,51,0,1,24372110,2621,43,0,0
24319260,689,43,0,1,24395266,925,39,0,0
24386880,790,55,0,0,24265824,524,18,0,0
24336259,1357,62,0,0,24270866,666,24,0,0
24294942,1513,54,0,2,24337016,839,29,0,0
24265962,1381,46,0,5,24299590,2110,54,0,0
24360204,862,63,0,4,24343308,1848,53,0,0
24294773,1178,40,0,5,24376500,1783,43,0,0
24353963,1934,40,0,1,24400129,1181,75,0,0
24344024,1715,71,0,2,24311366,1033,52,0,0
24391738,659,69,0,2,24320275,1002,88,0,0
24390943,2441,19,0,1,24347627,838,54,0,0
24283738,2099,48,0,0,24264511,1903,43,0,0
24266738,1321,45,0,1,24385954,1136,22,0,0
24275034,1897,21,0,0,24284771,250,70,0,0
24310480,1646,89,0,2,24261761,654,55,0,0
24386772,2196,55,0,2,24314269,1045,39,0,0
24317019,743,55,0,2,24274370,2257,67,0,0
24365229,864,23,0,1,24275206,1178,48,0,0
24305155,1097,29,0,1,24265832,1158,41,0,0
24383912,933,33,0,0,24251750,1347,44,0,0
24270777,2393,45,0,1,24395646,696,31,0,0
24293899,1051,48,0,0,24258593,1389,46,0,0
24263087,1600,47,0,2,24295484,1183,34,0,0
24277179,601,61,0,0,24344732,1264,35,0,0
24375294,1067,44,0,1,24267249,1032,223,0,0
24273123,1654,43,0,2,24274463,1615,18,0,0
24274024,1264,38,0,4,24385322,1145,27,0,0
24295047,325,61,0,1,24349615,1536,56,0,0
24259085,1476,47,0,3,24306134,1051,38,0,0
24323151,863,56,0,0,24370363,865,29,0,0
24325821,202,56,0,1,24381557,968,63,0,0
24319114,1444,75,0,7,24336545,729,25,0,0
24340275,1002,74,0,1,24358543,1164,39,0,0
24400230,651,57,0,0,24301282,1563,52,0,0
24304954,536,41,0,1,24384070,1309,83,0,0
24399149,1864,75,0,2,24368415,569,36,0,0
24276450,1508,54,0,0,24357209,2127,64,0,0
24337195,1525,75,0,0,24335190,773,37,0,0
24290022,1354,52,0,0,24274918,694,36,0,0
24330466,814,52,0,3,24256377,1109,70,0,0
24298579,526,23,0,1,24329736,511,43,0,0
24397865,1660,40,0,0,24327229,1721,20,0,0
24292398,366,53,0,2,24375172,1050,46,0,0
24327757,1461,332,0,0,24321004,556,86,0,0
24369825,994,49,0,1,24280769,564,108,0,0
24384771,1210,64,0,1,24264816,2108,50,0,0
24301323,215,59,0,0,24339703,1679,58,0,0
24397930,514,27,0,2,24366810,690,55,0,0
24256258,991,56,0,4,24258814,999,119,0,0
24293947,214,87,0,0,24282265,635,36,0,0
24284451,918,39,0,2,24333991,517,23,0,0
24355961,687,59,0,2,24292711,1384,47,0,0
24324998,520,33,0,7,24386287,1074,100,0,0
24390258,532,38,0,5,24384251,1437,61,0,0
24328250,890,28,0,2,24262851,927,53,0,0
24366479,959,46,0,2,24287016,935,62,0,0
24378034,841,46,0,3,24275420,831,35,0,0
24341080,1980,33,0,10,24302183,1160,70,0,0
24302875,1483,33,0,0,24258614,637,20,0,0
24380604,1182,30,0,4,24389230,962,31,0,0
24385602,477,16,0,0,24344191,1630,50,0,0
24343334,1625,18,0,9,24298821,893,32,0,0
24389238,398,49,0,0,24307605,615,67,0,0
24270125,664,44,0,1,24370118,1398,73,0,0
24270371,1866,77,0,0,24316393,1079,72,0,0
24401328,503,47,0,2,24381709,2245,35,0,0
24276269,788,29,0,1,24288773,355,22,0,0
24294835,908,48,0,0,24372020,1142,34,0,0
24327341,924,36,0,2,24392940,622,68,0,0
24377483,1797,24,0,1,24368251,696,50,0,0
24319383,512,80,0,1,24388093,1140,58,0,0
24306449,1635,17,0,0,24296699,804,53,0,0
24397050,639,32,0,3,24269044,826,71,0,0
24263176,714,44,0,3,24265588,1586,25,0,0
24357420,1586,60,0,8,24331732,632,33,0,0
24399359,1055,68,0,0,24375798,1197,37,0,0
24319454,1578,69,0,3,24354241,1139,71,0,0
24340976,384,70,0,2,24393358,254,48,0,0
24299349,274,45,0,2,24333672,515,50,0,0
24309610,1332,20,0,0,24295816,1089,32,0,0
24339744,1854,41,0,0,24394219,1286,32,0,0
24314790,1897,33,0,2,24295842,1676,59,0,0
24260367,1340,35,0,3,24316981,1216,58,0,0
24387664,2202,55,0,2,24267432,1079,61,0,0
24319540,1095,18,0,0,24357712,2374,61,0,0
24279228,1276,65,0,0,24331155,1313,69,0,0
24262279,976,62,0,1,24292324,696,34,0,0
24388171,1681,69,0,3,24375964,614,37,0,0
24297528,1598,43,0,0,24281308,753,34,0,0
24389948,1269,47,0,3,24262697,942,39,0,0
24377716,976,43,0,0,24328324,909,21,0,0
24310511,1270,74,0,1,24256933,1028,34,0,0
24279133,1611,54,0,6,24387465,696,70,0,0
24261938,2091,153,0,6,24389933,948,40,0,0
24345589,1940,37,0,0,24376071,2250,33,0,0
24333040,1486,45,0,3,24309888,1580,51,0,0
24361958,1407,34,0,1,24375433,768,51,0,0
24374322,1585,56,0,6,24272765,622,138,0,0
24275085,1751,31,0,0,24309267,1495,54,0,0
24362964,975,56,0,7,24270672,1068,34,0,0
24387901,2356,52,0,3,24378624,770,56,0,0
24289151,696,42,0,1,24325098,648,29,0,0
24389602,1173,51,0,1,24386123,2071,20,0,0
24377122,2105,41,0,0,24360097,718,49,0,0
24371140,1517,24,0,0,24394534,967,44,0,0
24297953,250,45,0,3,24384676,1568,48,0,0
24318817,945,119,0,0,24290579,1047,60,0,0
24343484,779,25,0,0,24367033,781,56,0,0
24352160,924,56,0,4,24383593,852,27,0,0
24270613,1399,28,0,0,24384413,1511,32,0,0
24299281,1125,58,0,1,24376317,1343,58,0,0
24282917,1305,43,0,1,24324635,2044,36,0,0
24366110,1750,39,0,7,24317731,734,37,0,0
24279349,2264,75,0,0,24343410,613,35,0,0
24395749,904,25,0,4,24265306,2594,49,0,0
24296793,631,58,0,0,24399287,1663,44,0,0
24336792,1513,45,0,4,24346436,1039,20,0,0
24286385,685,47,0,2,24327280,1119,31,0,0
24325260,423,95,0,1,24351180,887,51,0,0
24368494,669,28,0,0,24394365,1165,17,0,0
24306334,925,33,0,2,24353692,2315,27,0,0
24317571,943,213,0,4,24395504,951,29,0,0
24279809,939,95,0,2,24396691,343,55,0,0
24286411,956,38,0,6,24381969,1739,120,0,0
24360837,999,42,0,2,24312221,1715,42,0,0
24385645,125,177,0,3,24280772,1255,24,0,0
24290106,1845,66,0,3,24308686,2261,60,0,0
24335231,687,97,0,0,24394285,1115,47,0,0
24351266,1009,65,0,0,24397084,894,54,0,0
24308958,2078,63,0,6,24289468,998,103,0,0
24354307,1449,48,0,4,24354275,1811,51,0,0
24363279,1259,73,0,6,24308667,1490,45,0,0
24402349,457,53,0,7,24370662,206,49,0,0
24387707,1323,24,0,2,24399325,1643,34,0,0
24389964,1648,29,0,1,24293761,2186,36,0,0
24278042,1465,26,0,1,24355066,750,48,0,0
24262863,303,35,0,0,24402743,1351,36,0,0
24349350,887,85,0,2,24294514,899,32,0,0
24400464,1053,67,0,9,24313341,637,16,0,0
24373656,788,20,0,0,24322503,1004,26,0,0
24269537,616,116,0,9,24327874,1541,66,0,0
24285673,1597,126,0,1,24379179,1354,36,0,0
24308658,1670,37,0,2,24308702,1175,51,0,0
24394642,1623,47,0,0,24276004,680,30,0,0
24361448,1342,34,0,4,24330006,645,25,0,0
24364173,969,35,0,1,24335124,1110,36,0,0
24315864,1899,64,0,9,24288658,2118,44,0,0
24383086,119,24,0,0,24345682,671,22,0,0
24376179,1523,18,0,6,24364381,1531,80,0,0
24260584,377,63,0,5,24395277,1630,39,0,0
24282864,1911,17,0,1,24312682,734,26,0,0
24347216,2173,33,0,2,24357009,2390,42,0,0
24344461,1676,22,0,4,24272321,1663,34,0,1
24398867,1353,33,0,1,24301561,772,32,0,0
24318395,1103,22,0,1,24337051,995,281,0,0
24391094,989,38,0,5,24393665,1600,78,0,0
24342665,2133,28,0,6,24304300,520,58,0,0
24365599,1221,33,0,1,24274395,1565,17,0,0
24377290,847,79,0,0,24365844,1645,73,0,0
24314650,2295,56,0,3,24325629,1543,38,0,0
24299798,1990,61,0,1,24385978,2475,102,0,0
24370795,2016,45,0,1,24347013,1137,45,0,0
24355837,754,38,0,0,24334539,1180,27,0,0
24319692,1215,58,0,0,24310516,1115,73,0,0
24295399,810,47,0,3,24308056,1331,48,0,0
24297202,1351,43,0,1,24295403,989,61,0,0
24296435,831,65,0,0,24266803,1957,24,0,0
24359669,419,62,0,0,24322185,1775,64,0,0
24375403,625,27,0,3,24383193,239,56,0,0
24354362,1391,32,0,1,24314298,1636,52,0,0
24308248,1357,84,0,2,24261487,753,39,0,0
24396803,671,29,0,1,24309188,593,27,0,1
24367582,1099,44,0,10,24306572,2181,56,0,0
24353720,644,30,0,2,24361516,1205,39,0,0
24366198,1444,31,0,2,24277293,943,113,0,0
24396291,220,68,0,2,24328826,1745,34,0,0
24346490,161,137,0,11,24284510,1116,61,0,0
24403325,962,21,0,9,24335289,204,80,0,0
24371943,581,52,0,1,24385583,1775,35,0,0
24361256,700,28,0,0,24386948,1359,47,0,0
24363945,878,56,0,3,24364274,287,37,0,0
24378921,1483,29,0,1,24385893,1667,61,0,0
24272793,1103,57,0,1,24337928,902,41,0,0
24265708,798,36,0,0,24401226,1402,32,0,0
24360375,139,42,0,3,24262453,876,15,0,0
24333429,2033,47,0,1,24318284,957,72,0,0
24336824,1203,52,0,4,24369947,689,43,0,0
24331965,1298,52,0,7,24323040,899,51,0,0
24387201,1165,27,0,7,24333716,1653,37,0,0
24385594,455,27,0,1,24370629,1158,31,0,0
24293848,1063,77,0,0,24342808,759,38,0,0
24273141,1760,76,0,1,24394672,826,48,0,0
24267437,1188,69,0,5,24383124,785,29,0,0
24379014,2057,37,0,5,24269311,509,81,0,0
24312801,920,17,0,4,24330667,986,91,0,0
24292674,108,28,0,1,24361769,639,25,0,0
24354473,2245,40,0,3,24294819,1976,28,0,0
24284122,1523,61,0,5,24274610,676,35,0,0
24397774,964,135,0,5,24286973,1153,54,0,0
24344415,1278,45,0,4,24309372,1195,61,0,0
24344442,1741,28,0,7,24328771,2546,63,0,0
24367450,627,92,0,1,24372671,1524,88,0,0
24280882,630,46,0,1,24393460,636,34,0,0
24357119,1761,23,0,1,24295947,940,57,0,0
24337917,1658,65,0,8,24344713,2036,54,0,0
24285653,1157,65,0,1,24358067,1900,47,0,0
24326882,1138,51,0,0,24343255,1683,17,0,0
24338053,461,29,0,0,24359322,1316,32,0,0
24267346,955,50,0,3,24311454,788,77,0,0
24270200,1487,43,0,1,24351904,641,53,0,0
24287095,726,23,0,1,24292875,997,39,0,0
24354482,907,58,0,10,24322406,1493,38,0,0
24371271,369,47,0,9,24343505,1023,65,0,0
24312096,1726,18,0,9,24333338,877,40,0,0
24390320,709,52,0,1,24390278,2235,31,0,0
24330015,1712,31,0,2,24402603,2209,36,0,0
24403485,1149,17,0,2,24320140,417,30,0,0
24315429,344,64,0,1,24269376,832,61,0,0
24338709,1472,59,0,2,24313100,1187,64,0,0
24327771,2241,39,0,4,24333098,628,89,0,0
24394761,949,41,0,1,24380138,387,34,0,0
24310979,652,28,0,10,24331902,1130,40,0,0
24275501,1323,44,0,0,24273167,2161,34,0,0
24344313,690,58,0,1,24362129,187,57,0,0
24383615,118,74,0,4,24269748,1029,94,0,0
24391387,329,50,0,1,24339871,920,43,0,0
24321935,984,49,0,3,24305010,852,93,0,0
24353512,1129,58,0,0,24383681,1515,46,0,0
24403060,2449,29,0,0,24379067,361,40,0,0
24302524,711,68,0,1,24385440,1667,19,0,0
24296848,1463,32,0,3,24343168,2390,35,0,0
24373455,212,39,0,0,24351941,1906,241,0,0
24283665,829,87,0,2,24288565,553,20,0,0
24376866,306,32,0,2,24353964,192,28,0,0
24376332,1074,40,0,12,24327741,117,27,0,0
24361500,1686,58,0,6,24267681,256,60,0,0
24320005,2161,76,0,1,24381874,929,16,0,0
24270000,1884,37,0,2,24322265,1720,40,0,0
24280300,249,60,0,3,24392540,351,23,0,0
24318338,920,88,0,5,24286936,876,47,0,0
24345878,1877,28,0,0,24396434,1775,31,0,0
24313676,736,40,0,1,24284037,1007,73,0,0
24296828,1061,42,0,0,24328859,1450,44,0,0
24277018,950,17,0,9,24371473,1347,54,0,0
24315772,1199,57,0,1,24296729,2016,28,0,0
24300479,352,39,0,1,24278285,851,47,0,0
24280491,1596,61,0,3,24349338,1160,54,0,0
24349102,1314,31,0,0,24361609,2046,59,0,0
24270501,1651,38,0,1,24394026,989,80,0,0
24314039,500,37,0,1,24348916,1036,32,0,0
24284641,1343,64,0,4,24389681,1247,49,0,0
24349788,780,27,0,0,24361051,514,21,0,0
24355289,1486,49,0,4,24271458,975,18,0,0
24341301,1710,30,0,11,24346743,730,27,0,0
24368116,1898,27,0,3,24279586,2171,53,0,0
24300616,983,44,0,4,24341038,1112,62,0,0
24274922,1285,24,0,2,24286362,844,45,0,0
24292786,612,100,0,15,24328420,2612,31,0,0
24355973,1138,30,0,1,24382571,1114,35,0,0
24340494,692,69,0,3,24368563,1063,58,0,0
24330805,1388,33,0,11,24345226,1651,55,0,0
24325293,1374,28,0,5,24383915,896,74,0,0
24360638,1350,41,0,4,24275985,758,108,0,0
24291209,1009,47,0,8,24312924,871,30,0,0
24300237,1090,104,0,4,24321800,2075,50,0,0
24283333,709,49,0,9,24397549,839,28,0,0
24307041,644,33,0,2,24320342,488,66,0,0
24276070,906,49,0,4,24304772,664,93,0,0
24317217,780,42,0,3,24353324,1618,44,0,0
24309909,191,40,0,1,24339319,193,56,0,0
24333323,1114,53,0,2,24285315,1274,78,0,0
24388172,1969,32,0,2,24308978,1347,50,0,0
24293814,2079,47,0,3,24274033,524,85,0,0
24274526,1672,48,0,0,24330573,1606,23,0,0
24335808,1073,22,0,3,24275481,1597,65,0,0
24362619,1528,44,0,4,24327326,421,38,0,0
24307612,2174,112,0,10,24346498,1248,38,0,0
24339989,1575,36,0,0,24289143,1862,39,0,0
24270159,640,60,0,4,24272332,1242,25,0,0
24288418,1787,29,0,2,24402004,1318,48,0,0
24369957,838,28,0,4,24315281,1092,39,0,0
24271238,903,75,0,3,24392553,560,18,0,0
24360763,532,101,0,3,24399168,1159,79,0,0
24333498,1254,40,0,3,24313976,1335,47,0,0
24401651,728,40,0,5,24360824,1239,51,0,0
24318001,440,72,0,5,24281227,1669,58,0,0
24347768,1054,19,0,3,24293509,978,43,0,0
24290313,358,51,0,0,24362592,1949,23,0,0
24311013,1283,60,0,1,24347875,966,72,0,0
24313914,510,41,0,1,24290624,1272,42,0,0
24340135,2371,25,0,1,24302366,1669,58,0,0
24389305,1690,74,0,1,24386139,1439,18,0,0
24395993,902,23,0,2,24365948,1017,45,0,0
24273928,924,41,0,2,24362261,1656,94,0,0
24298921,1370,71,0,2,24304552,982,68,0,0
24376704,701,71,0,1,24332263,1141,17,0,0
24308260,704,52,0,0,24298386,505,46,0,0
24355600,392,43,0,0,24393321,1431,43,0,0
24280035,873,16,0,5,24295097,1784,51,0,0
24309980,2265,64,0,0,24280317,778,47,0,0
24314248,1299,50,0,3,24359383,723,53,0,0
24304603,1206,42,0,4,24294677,742,37,0,0
24398406,1066,143,0,0,24337465,1465,28,0,0
24384808,841,63,0,3,24349171,1113,50,0,0
24341008,115,27,0,4,24344877,557,23,0,0
24371388,279,33,0,7,24318998,1101,41,0,0
24356118,531,25,0,1,24349571,1153,33,0,0
24274598,1467,43,0,1,24301388,597,47,0,0
24283888,1272,36,0,4,24368773,721,43,0,0
24303919,1074,45,0,1,24347022,2147,50,0,0
24383225,1431,58,0,2,24356895,1652,41,0,0
24383279,1027,27,0,2,24306935,1520,59,0,0
24401691,1424,27,0,0,24290465,486,51,0,0
24281446,1374,37,0,5,24329282,1823,40,0,0
24324930,261,41,0,1,24354104,559,64,0,0
24357091,916,44,0,2,24372818,1127,51,0,0
24394039,1450,50,0,11,24353665,1368,58,0,0
24376306,1248,83,0,1,24280997,2053,28,0,0
24309539,1933,41,0,0,24313926,1495,45,0,0
24302832,919,35,0,4,24291144,385,56,0,0
24377449,1139,27,0,2,24295156,1393,50,0,0
24356040,849,88,0,5,24372399,947,58,0,0
24384305,627,212,0,2,24300182,920,58,0,0
24393265,402,26,0,7,24382733,1848,32,0,0
24349542,868,45,0,5,24278134,515,43,0,0
24322150,2140,36,0,6,24316329,845,60,0,0
24301067,2292,58,0,3,24295019,1953,37,0,0
24391433,630,148,0,1,24358460,466,129,0,0
24315350,1578,63,0,6,24359048,1912,53,0,0
24370340,614,22,0,10,24400835,451,59,0,0
24345113,556,51,0,2,24354469,669,28,0,0
24385708,981,59,0,0,24390572,1094,83,0,0
24384224,1417,46,0,0,24400126,2129,31,0,0
24389032,1878,30,0,2,24387119,639,123,0,0
24292473,786,65,0,5,24296447,972,28,0,0
24398292,863,72,0,2,24360363,648,44,0,0
24376298,1101,36,0,7,24298825,2290,40,0,0
24281297,1249,38,0,3,24306109,645,58,0,0
24318850,854,139,0,8,24277250,1392,51,0,0
24321985,2137,33,0,2,24360421,2113,31,0,0
24386321,1191,58,0,1,24357539,857,52,0,0
24360503,1183,25,0,0,24308082,1025,23,0,0
24377982,883,80,0,1,24375343,2062,19,0,0
24323463,860,48,0,0,24331249,2180,26,0,0
24402970,2374,42,0,8,24303329,1266,48,0,0
24353472,2365,39,0,3,24316438,1038,70,0,0
24374681,985,44,0,5,24322814,1231,46,0,0
24335648,554,94,0,1,24304356,1272,21,0,0
24383118,1260,45,0,2,24335054,1458,44,0,0
24295568,1915,35,0,6,24333464,866,28,0,0
24329413,1141,41,0,9,24364176,1116,32,0,0
24276765,2502,59,0,4,24289999,459,45,0,0
24327893,551,51,0,4,24324366,934,46,0,0
24393378,496,57,0,2,24399328,1100,36,0,0
24300429,549,25,0,1,24279453,713,40,0,0
24352682,886,35,0,3,24366292,124,64,0,0
24337114,1133,35,0,1,24399622,606,97,0,0
24319481,292,29,0,2,24320519,1585,52,0,0
24396354,898,48,0,1,24325989,1454,46,0,0
24354900,1649,82,0,0,24358773,155,141,0,0
24399087,1063,34,0,0,24343808,846,34,0,0
24299024,602,55,0,2,24376450,1081,23,0,0
24324771,1123,31,0,7,24379115,791,28,0,0
24303531,1302,60,0,5,24278843,1054,51,0,0
24346296,2161,55,0,0,24377859,481,56,0,0
24367448,1356,33,0,1,24344522,1407,40,0,0
24321586,555,83,0,1,24358331,1685,33,0,0
24385459,369,50,0,2,24296500,1391,64,0,0
24393342,433,25,0,1,24391600,1166,64,0,0
24390004,300,37,0,2,24390651,1138,25,0,0
24383948,1624,40,0,1,24292364,166,54,0,0
24378303,626,53,0,2,24326008,798,48,0,0
24360514,1192,36,0,10,24329686,476,49,0,0
24343577,1411,20,0,1,24389922,343,38,0,0
24283343,1152,25,0,3,24284624,1589,64,0,0
24354287,718,102,0,6,24357190,951,40,0,0
24282710,1617,43,0,2,24338995,1107,72,0,0
24388775,1218,41,0,3,24385546,982,37,0,0
24291801,2218,22,0,1,24337900,693,49,0,0
24321820,1690,54,0,13,24280002,909,39,0,0
24313760,1036,24,0,1,24326942,1651,59,0,0
24332210,1022,81,0,1,24387812,1597,52,0,0
24340887,270,32,0,2,24309330,1266,35,0,0
24384727,1829,38,0,5,24396607,2206,54,0,0
24345742,147,38,0,2,24284262,686,50,0,0
24299386,630,34,0,5,24358023,1237,74,0,0
24355527,1758,22,0,0,24389406,1946,76,0,0
24399004,1149,19,0,4,24291256,2093,65,0,0
24338625,2359,16,0,1,24375865,1263,69,0,0
24281918,1394,41,0,0,24379092,1212,124,0,0
24376428,841,66,0,4,24332540,1121,94,0,0
24389557,1926,29,0,1,24359504,611,39,0,0
24385076,1274,41,0,6,24331559,327,26,0,0
24362829,1268,29,0,0,24282280,842,43,0,0
24318256,1085,30,0,5,24399516,811,71,0,0
24401807,646,54,0,4,24386404,987,33,0,0
24339179,370,64,0,0,24350553,885,63,0,0
24281254,619,29,0,0,24312497,171,19,0,0
24328172,1510,36,0,4,24342827,724,19,0,0
24391737,2229,69,0,1,24306885,2140,58,0,0
24312283,2015,26,0,3,24308761,1092,53,0,0
24346510,2565,40,0,0,24340480,1543,36,0,0
24304770,1255,47,0,1,24384973,1625,60,0,0
24329829,725,38,0,1,24385924,587,47,0,0
24304879,403,35,0,3,24376876,842,240,0,0
24360412,1614,19,0,3,24347061,1032,20,0,0
24318016,791,59,0,2,24311155,2001,52,0,0
24364153,1151,42,0,8,24375557,692,92,0,0
24386466,921,43,0,16,24329844,1605,82,0,0
24323602,2146,22,0,4,24359135,1210,40,0,0
24370656,1479,50,0,2,24390118,1243,30,0,0
24319518,958,50,0,1,24383672,373,75,0,0
24317090,2143,28,0,0,24292354,1981,25,0,0
24357346,966,81,0,3,24284041,898,17,0,0
24305215,539,23,0,3,24328347,1363,33,0,0
24333186,644,51,0,1,24316118,899,120,0,0
24284052,461,35,0,2,24394944,913,55,0,0
24310624,1032,39,0,2,24320050,876,23,0,0
24348550,946,35,0,3,24378778,1423,101,0,0
24320346,1538,79,0,0,24401796,1638,72,0,0
24395106,1120,65,0,2,24385567,886,38,0,0
24387913,1597,25,0,0,24401067,2179,29,0,0
24282573,605,27,0,1,24358129,1942,17,0,0
24396387,1639,50,0,2,24283945,300,46,0,0
24335942,1011,32,0,9,24293045,1247,59,0,0
24375225,1061,83,0,0,24360450,224,42,0,0
24397792,715,26,0,0,24311867,1101,40,0,0
24321986,860,19,0,0,24384054,928,30,0,0
24365557,1874,69,0,3,24357355,687,18,0,0
24288233,1217,24,0,4,24382981,1673,113,0,0
24365258,1213,66,0,3,24310371,1217,30,0,0
24396228,108,59,0,3,24302765,641,43,0,0
24325639,2160,79,0,0,24401574,1377,40,0,0
24308014,744,19,0,5,24326493,393,31,0,0
24351773,1318,52,0,1,24342304,1367,55,0,0
24328192,1360,33,0,2,24294700,501,75,0,0
24386915,1627,38,0,7,24358583,1707,43,0,0
24325286,1173,15,0,2,24342243,781,46,0,0
24383459,935,67,0,1,24299773,1276,92,0,0
24380280,1780,35,0,0,24334784,428,43,0,0
24403249,972,36,0,3,24357697,976,50,0,0
24337374,2450,33,0,1,24304298,1538,54,0,0
24391664,1521,32,0,1,24374750,984,65,0,0
24365406,1710,43,0,0,24402043,630,32,0,0
24290008,987,42,0,1,24309827,1120,27,0,0
24336328,361,41,0,2,24337825,664,24,0,0
24284296,244,51,0,4,24333013,1249,83,0,0
24329509,1328,40,0,2,24356557,967,86,0,0
24353557,1280,44,0,4,24381117,709,191,0,0
24336260,869,25,0,0,24307220,511,78,0,0
24308068,293,61,0,0,24309231,1444,39,0,0
24310861,2276,28,0,0,24302395,1068,36,0,0
24390414,1634,41,0,3,24354741,896,36,0,0
24387759,706,20,0,2,24299610,1266,77,0,0
24373241,974,18,0,0,24296276,2540,40,0,0
24371463,1106,61,0,1,24305241,1142,55,0,0
24333920,965,38,0,4,24326471,309,46,0,0
24374909,1960,29,0,0,24303102,1509,45,0,0
24386180,619,49,0,6,24355008,2010,25,0,0
24385681,1244,48,0,1,24400648,685,99,0,0
24382700,109,47,0,9,24297881,1116,42,0,0
24382244,227,34,0,2,24346445,942,42,0,0
24302160,983,102,0,4,24324726,1158,37,0,0
24347687,1714,36,0,9,24402785,650,59,0,0
24348993,170,24,0,4,24370156,742,48,0,0
24324840,511,53,0,1,24379906,1464,40,0,0
24346793,1150,35,0,1,24355690,1369,59,0,0
24356525,668,40,0,1,24351932,2213,40,0,0
24288043,1554,47,0,10,24303473,479,20,0,0
24362322,727,56,0,3,24344265,1572,34,0,0
24288313,371,27,0,3,24314856,1109,42,0,0
24384589,840,35,0,3,24317650,1059,72,0,0
24370141,941,18,0,8,24363196,772,42,0,0
24331240,215,72,0,9,24401126,677,52,0,0
24293232,379,46,0,6,24294158,798,44,0,0
24370747,638,30,0,2,24321163,1438,29,0,0
24328802,1319,20,0,4,24292834,1488,27,0,0
24319926,468,70,0,2,24294154,906,51,0,0
24297008,141,102,0,13,24389599,1354,57,0,0
24303348,1196,19,0,2,24294127,1340,63,0,0
24398922,1370,83,0,1,24297914,168,53,0,0
24326999,1417,54,0,1,24310422,878,78,0,0
24298978,938,34,0,3,24377344,840,53,0,0
24318865,841,79,0,6,24387381,608,85,0,0
24326210,1393,35,0,2,24358157,1450,34,0,0
24353845,1214,28,0,2,24301075,1736,13,0,0
24398382,785,60,0,3,24329616,978,34,0,0
24324486,346,44,0,1,24322879,600,34,0,0
24380102,736,26,0,2,24324939,500,43,0,0
24298208,776,49,0,1,24377560,681,47,0,0
24305734,2595,24,0,2,24304660,1523,66,0,0
24339026,735,50,0,3,24351878,1888,49,0,1
24320724,2195,64,0,9,24346333,1821,34,0,0
24291813,769,27,0,1,24399115,1188,136,0,0
24340657,2200,44,0,6,24401875,2458,25,0,0
24341459,1617,51,0,2,24365147,1493,59,0,0
24364021,1276,53,0,1,24293154,873,51,0,0
24323064,1184,38,0,2,24328113,1221,78,0,0
24299419,1860,40,0,2,24354913,1168,63,0,0
24400689,817,45,0,1,24364112,869,56,0,0
24349677,455,105,0,1,24396459,1188,69,0,0
24331090,837,67,0,2,24344950,756,34,0,0
24338577,1909,33,0,4,24344822,1666,49,0,0
24342445,1195,77,0,3,24303431,775,24,0,0
24398773,2102,19,0,0,24358574,914,29,0,0
24363029,197,29,0,0,24372292,1415,72,0,0
24291984,259,40,0,4,24375796,1816,29,0,0
24403652,1532,50,0,1,24335063,156,58,0,0
24362708,919,39,0,1,24377271,1077,47,0,0
24375790,1370,17,0,0,24293816,1843,36,0,0
24341842,1644,56,0,0,24327762,2095,36,0,0
24369614,635,49,0,2,24317236,1127,78,0,0
24357058,2199,35,0,0,24295009,451,57,0,0
24311719,540,61,0,1,24296872,1089,26,0,0
24401905,308,43,0,3,24388040,919,34,0,0
24353673,1133,47,0,3,24379618,312,218,0,0
24354679,441,38,0,9,24316368,1439,45,0,0
24333711,1959,24,0,4,24295130,1718,44,0,0
24365801,1163,30,0,5,24334483,614,25,0,0
24374151,1251,107,0,1,24337069,441,65,0,0
24326474,1439,38,0,1,24349656,389,55,0,0
24400984,1292,54,0,0,24389402,797,36,0,0
24301582,2159,42,0,0,24310207,1413,45,0,0
24346659,471,36,0,14,24346765,828,38,0,0
24394022,963,68,0,2,24303618,996,45,0,0
24325160,1927,62,0,4,24339731,306,41,0,0
24301799,372,36,0,1,24370425,355,32,0,0
24296521,1602,28,0,8,24318558,425,30,0,0
24388025,548,46,0,1,24370588,657,67,0,0
24336018,515,20,0,10,24397656,196,172,0,0
24303020,563,68,0,2,24318506,712,25,0,0
24396583,1420,54,0,1,24373637,1793,34,0,0
24345454,1390,15,0,5,24302986,684,176,0,0
24335691,1569,37,0,0,24353760,868,39,0,0
24351826,1025,39,0,2,24360389,1620,60,0,0
24307153,948,30,0,3,24396136,609,53,0,0
24363864,304,40,0,7,24317023,1924,48,0,0
24312827,986,44,0,19,24302242,1438,15,0,0
24296613,348,95,0,5,24402492,848,32,0,0
24333329,922,218,0,2,24374880,1680,67,0,0
24345613,1115,65,0,7,24313627,689,33,0,0
24338670,188,77,0,3,24310656,2167,41,0,0
24388859,652,68,0,3,24314633,1631,52,0,0
24297792,692,61,0,6,24333063,289,28,0,0
24332843,2290,41,0,1,24330356,1154,42,0,0
24330305,149,43,0,1,24361971,958,66,0,0
24332859,894,92,0,1,24341581,325,32,0,0
24316487,596,61,0,2,24365912,689,37,0,0
24354876,163,63,0,5,24351147,901,51,0,0
24402807,535,44,0,0,24316091,657,118,0,0
24320054,1404,50,0,3,24369881,841,69,0,0
24337697,152,45,0,0,24340425,2453,45,0,0
24363059,802,42,0,7,24385271,512,26,0,0
24339702,865,44,0,2,24370504,388,61,0,0
24302920,307,47,0,2,24341531,1667,36,0,0
24398297,1470,13,0,5,24295587,1165,105,0,0
24397773,713,22,0,0,24364791,611,60,0,0
24391640,1270,87,0,6,24297686,946,73,0,0
24403269,2085,40,0,1,24307766,914,11,0,0
24360276,174,61,0,0,24356082,1509,58,0,0
24401975,1214,55,0,3,24301028,1389,24,0,0
24353621,784,21,0,0,24347117,963,41,0,0
24296825,706,24,0,0,24378578,784,49,0,0
24346939,1743,50,0,2,24352977,1988,80,0,0
24382963,1116,19,0,3,24359690,1014,25,0,0
24369067,1314,44,0,1,24395052,145,68,0,0
24346463,1452,19,0,1,24331149,585,42,0,0
24314788,578,34,0,3,24403774,1203,70,0,0
24298540,703,61,0,3,24323131,1554,27,0,0
24354022,830,42,0,5,24347889,1398,39,0,0
24340900,869,80,0,2,24324821,690,48,0,0
24322227,1404,36,0,1,24370959,776,60,0,0
24389250,962,57,0,2,24319633,2284,42,0,0
24356706,520,59,0,2,24315875,606,37,0,0
24398481,209,60,0,0,24326257,630,42,0,0
24394581,1187,53,0,4,24329847,1152,42,0,0
24378632,1114,42,0,6,24366512,801,63,0,0
24354033,2198,30,0,10,24326716,515,56,0,0
24371458,1198,46,0,0,24375447,680,35,0,0
24302957,1817,15,0,2,24382876,1428,72,0,0
24374744,1717,40,0,1,24401788,1024,40,0,0
24349484,811,75,0,3,24400012,379,184,0,0
24317597,1275,35,0,5,24386264,1949,36,0,0
24362697,638,43,0,4,24369539,757,41,0,0
24374519,770,50,0,3,24382011,880,50,0,0
24367574,756,38,0,5,24363387,1873,40,0,0
24347198,814,61,0,2,24299750,499,83,0,0
24382632,1649,24,0,2,24325559,1073,27,0,0
24396572,1212,47,0,2,24360659,851,55,0,0
24370222,1975,35,0,2,24403243,1509,49,0,0
24332037,805,63,0,17,24383201,1438,93,0,0
24339605,333,85,0,1,24353278,1325,22,0,0
24313610,1494,52,0,4,24330862,744,85,0,0
24398526,1016,27,0,5,24394733,568,49,0,0
24313418,1798,40,0,20,24336568,1289,41,0,0
24326141,2029,23,0,3,24347576,2209,37,0,0
24345515,342,30,0,1,24379502,1102,37,0,0
24361945,913,28,0,1,24304527,1028,91,0,0
24311098,1078,57,0,1,24350260,616,67,0,0
24324096,1224,63,0,1,24382470,1019,54,0,0
24355235,1453,46,0,1,24314997,990,76,0,0
24397501,601,51,0,1,24385812,932,23,0,0
24398479,2207,42,0,1,24376180,1167,12,0,0
24323320,2134,29,0,6,24308638,738,39,0,0
24361911,1889,29,0,7,24383108,1321,40,0,0
24376728,1579,49,0,1,24402251,670,247,0,0
24353953,2130,15,0,7,24314511,1502,28,0,0
24334521,396,53,0,1,24314960,631,83,0,0
24315782,788,75,0,0,24402891,917,33,0,0
24386434,1432,134,0,4,24328566,1644,52,0,0
24384506,828,65,0,5,24394294,621,55,0,0
24322004,614,28,0,0,24309927,933,47,0,0
24328976,751,29,0,7,24362678,1154,21,0,0
24361801,933,56,0,4,24316887,918,33,0,0
24327074,1408,93,0,1,24319739,816,34,0,0
24358676,1009,64,0,15,24302732,1427,112,0,0
24392487,2318,51,0,4,24376302,159,16,0,0
24341043,188,49,0,1,24383800,1612,92,0,0
24365429,1229,86,0,12,24348452,445,57,0,0
24354707,1688,51,0,3,24380926,163,76,0,0
24350796,1230,70,0,1,24350117,577,41,0,0
24356694,694,35,0,1,24321317,1700,55,0,0
24350828,1514,72,0,1,24313913,1255,70,0,0
24311980,1365,42,0,3,24308748,2050,49,0,0
24332476,838,45,0,0,24358250,939,74,0,0
24325085,657,80,0,1,24304025,2314,32,0,0
24314559,2395,45,0,1,24373507,1331,35,0,0
24304065,2133,14,0,4,24329058,129,109,0,0
24328439,323,73,0,1,24316041,966,67,0,0
24320360,2192,23,0,2,24390124,1666,37,0,0
24354188,708,18,0,5,24331757,576,26,0,0
24389908,1694,80,0,11,24387216,285,46,0,0
24303338,1592,41,0,7,24326410,876,46,0,0
24317113,1871,50,0,8,24392519,430,55,0,0
24342797,417,61,0,4,24337606,1592,70,0,0
24393595,680,34,0,5,24364785,919,35,0,0
24345228,262,24,0,2,24340788,496,26,0,0
24403528,1454,48,0,13,24385736,1103,49,0,0
24389753,1172,44,0,4,24309897,1061,62,0,0
24309787,1258,55,0,3,24363097,1393,57,0,0
24400552,257,76,0,8,24343869,2302,36,0,0
24397188,762,29,0,4,24360879,1660,35,0,0
24359217,1214,58,0,4,24358607,1509,44,0,0
24385511,1199,45,0,1,24311171,718,38,0,0
24317596,919,38,0,5,24334459,617,37,0,0
24345501,597,49,0,2,24335082,1276,19,0,0
24320666,488,66,0,0,24389916,2164,22,0,0
24314836,671,66,0,4,24331524,1311,50,0,0
24363374,1645,41,0,7,24346287,838,27,0,0
24383633,646,47,0,2,24308269,2350,60,0,0
24315386,755,51,0,0,24357602,1320,29,0,0
24320027,1185,27,0,5,24369737,1663,19,0,0
24332499,395,35,0,1,24400923,1629,71,0,0
24323944,1428,35,0,2,24366951,578,52,0,0
24403066,1136,28,0,12,24322304,1344,30,0,0
24318250,1376,29,0,18,24366183,702,17,0,0
24376855,1519,63,0,16,24332536,1349,59,0,0
24348702,851,81,0,1,24312834,634,76,0,0
24352036,2371,25,0,3,24385061,2596,45,0,0
24316029,2160,95,0,5,24377100,1291,31,0,0
24335110,1672,26,0,1,24341992,122,116,0,0
24332930,553,62,0,3,24362047,1282,37,0,0
24342182,1173,43,0,1,24330421,1283,36,0,0
24323294,910,61,0,1,24324867,885,53,0,0
24372161,1929,37,0,2,24335449,985,61,0,0
24347542,496,55,0,2,24381630,774,53,0,0
24368125,1162,104,0,1,24347866,757,51,0,0
24394829,1156,22,0,5,24333164,1172,42,0,0
24352085,771,54,0,5,24373305,757,58,0,0
24323123,1216,72,0,7,24315816,1309,53,0,0
24335512,1259,29,0,0,24350721,390,29,0,0
24345395,642,43,0,1,24399588,1560,31,0,0
24328670,1719,72,0,3,24326017,1442,46,0,0
24311435,2401,44,0,22,24309065,1651,46,0,0
24386884,2128,51,0,3,24397264,1709,40,0,0
24311853,2041,27,0,1,24390868,881,21,0,0
24325466,837,32,0,7,24379204,1103,30,0,1
24355031,1570,47,0,5,24352139,782,37,0,0
24391144,412,24,0,1,24391305,825,50,0,0
24372593,408,23,0,0,24358766,643,49,0,0
24342367,693,67,0,1,24323330,544,39,0,0
24325985,987,20,0,15,24340570,1394,46,0,0
24380567,580,57,0,2,24376858,705,24,0,0
24375183,1705,45,0,1,24310901,1382,26,0,0
24310689,928,103,0,3,24349386,561,63,0,0
24369744,1107,56,0,2,24394414,2186,36,0,0
24343723,508,66,0,4,24349853,1587,46,0,0
24311494,2226,30,0,3,24362773,655,50,0,0
24374409,1880,59,0,0,24332678,1992,35,0,0
24338006,1234,67,0,5,24361848,1026,52,0,0
24330157,1167,29,0,1,24391399,1264,34,0,0
24318085,197,255,0,1,24352519,276,34,0,0
24343463,2142,43,0,0,24398926,1151,64,0,0
24344808,1715,36,0,3,24313218,594,46,0,0
24366370,634,67,0,6,24342225,820,22,0,0
24380930,1125,53,0,11,24313344,966,40,0,0
24386247,676,58,0,4,24372117,841,17,0,0
24333712,1079,38,0,14,24315586,670,78,0,0
24314835,1870,51,0,1,24395738,1338,97,0,0
24327213,695,31,0,6,24336946,2007,31,0,0
24359648,843,43,0,2,24352697,790,85,0,0
24391539,1788,73,0,22,24318669,1227,73,0,0
24340837,762,114,0,2,24351605,402,44,0,0
24354982,2178,41,0,3,24370846,1686,32,0,0
24401503,222,18,0,1,24402541,1130,41,0,0
24321022,631,46,0,0,24338834,904,29,0,0
24332461,533,83,0,2,24331569,1030,51,0,0
24380322,1233,43,0,14,24326728,1873,19,0,0
24395716,562,57,0,3,24377902,1354,41,0,0
24319475,528,36,0,0,24316865,924,35,0,0
24343354,1459,25,0,3,24345955,1467,36,0,0
24385120,1157,62,0,8,24311791,1468,26,0,0
24336768,2167,22,0,4,24384490,1857,33,0,0
24334850,822,56,0,6,24383149,1835,58,0,0
24401180,1156,55,0,2,24353771,438,46,0,0
24357216,521,57,0,3,24332648,423,24,0,0
24320135,1830,36,0,2,24327374,305,38,0,0
24361033,2398,47,0,1,24398200,1754,36,0,0
24355855,1397,30,0,0,24357942,673,80,0,0
24396323,781,42,0,5,24381188,1681,27,0,0
24338968,1127,64,0,8,24380106,1030,46,0,0
24369053,522,36,0,4,24345324,2425,28,0,0
24347332,699,33,0,11,24386203,1428,71,0,0
24328768,1471,61,0,1,24371057,1348,37,0,0
24390807,1156,55,0,8,24372090,1634,94,0,0
24388031,613,26,0,2,24320018,1974,28,0,0
24401087,1435,28,0,3,24321710,682,59,0,0
24361794,1804,35,0,1,24399289,1985,53,0,0
24320161,335,59,0,9,24338579,472,28,0,0
24350968,311,52,0,7,24362307,609,45,0,0
24346243,113,32,0,5,24332294,2165,53,0,0
24378081,2051,24,0,10,24383374,1063,39,0,0
24363789,1081,38,0,0,24361555,1376,47,0,0
24342972,1183,43,0,4,24383445,1502,38,0,0
24347559,692,93,0,34,24335219,1475,17,0,0
24368269,1039,39,0,4,24386059,1366,43,0,0
24355013,972,23,0,2,24392365,802,41,0,0
24360167,1083,31,0,1,24347450,1538,62,0,0
24354515,782,45,0,5,24331649,1698,58,0,0
24387178,1098,23,0,0,24322750,2126,46,0,0
24350958,448,39,0,3,24377194,322,75,0,0
24326603,1741,76,0,1,24391644,1723,32,0,0
24335842,601,77,0,8,24369830,1509,22,0,0
24330675,2526,46,0,1,24393199,1347,42,0,0
24319095,1282,85,0,2,24332810,112,48,0,0
24344096,959,50,0,2,24393985,2553,65,0,0
24378830,1013,26,0,3,24331336,2024,33,0,0
24322325,1398,55,0,4,24382662,1066,23,0,0
24363646,1237,90,0,3,24373413,349,50,0,0
24338877,1131,54,0,1,24386336,471,86,0,0
24322019,1004,35,0,6,24398231,1643,28,0,0
24347236,1624,64,0,1,24326574,914,85,0,0
24341270,850,51,0,5,24334777,1839,63,0,0
24401844,1067,49,0,4,24396802,1246,45,0,0
24403282,1829,79,0,4,24354663,854,73,0,0
24344206,833,59,0,1,24398278,805,29,0,0
24403701,1431,30,0,1,24395614,1372,35,0,0
24385685,1040,32,0,20,24340573,803,47,0,0
24378036,607,41,0,10,24378676,2043,38,0,0
24363724,653,69,0,0,24400313,257,58,0,0
24329433,1627,42,0,1,24376419,723,21,0,0
24362134,532,57,0,1,24394538,2342,63,0,0
24378838,2359,81,0,3,24341293,1368,35,0,0
24345519,1572,43,0,0,24330715,2033,40,0,0
24357669,710,168,0,1,24367851,589,29,0,0
24325862,1651,34,0,7,24372978,1784,41,0,0
24322203,1425,37,0,5,24378464,1361,38,0,0
24340769,789,39,0,2,24345358,317,50,0,0
24328394,595,63,0,0,24340160,1157,45,0,0
24380116,1031,73,0,3,24332075,1183,68,0,0
24373877,828,35,0,6,24385099,688,40,0,1
24390688,2403,38,0,3,24370478,1115,45,0,0
24358637,1245,30,0,3,24361772,1540,39,0,0
24387958,983,65,0,4,24339201,1629,42,0,0
24381911,920,68,0,3,24342318,1192,53,0,0
24363755,568,62,0,0,24379306,1027,62,0,0
24371109,1224,44,0,2,24339464,1156,52,0,0
24343814,1384,90,0,0,24399933,936,56,0,0
24363122,252,43,0,6,24322103,1875,49,0,0
24347959,1970,45,0,1,24400361,1338,39,0,0
24393611,1262,102,0,4,24354673,188,71,0,0
24359366,438,38,0,10,24329348,2175,30,0,0
24397938,1078,50,0,3,24402828,737,56,0,0
24399193,839,51,0,4,24323597,1020,43,0,0
24342269,1561,107,0,5,24322349,1253,31,0,0
24396353,2204,42,0,1,24341595,728,53,0,0
24350412,1155,33,0,2,24389884,2004,69,0,0
24397541,1015,69,0,3,24391448,653,14,0,0
24346956,307,70,0,4,24400832,1625,31,0,0
24382155,822,76,0,3,24377796,715,38,0,0
24341822,602,51,0,2,24381963,1526,50,0,0
24335468,1074,32,0,6,24359085,2379,28,0,0
24371623,1169,82,0,16,24367631,1383,108,0,0
24393171,843,24,0,7,24347069,456,50,0,0
24330064,1598,49,0,3,24356202,558,46,0,0
24383373,881,67,0,4,24359120,843,44,0,0
24334905,1102,50,0,1,24371895,1395,68,0,0
24388381,1153,73,0,0,24373834,738,70,0,0
24400486,547,59,0,6,24336467,915,38,0,0
24351837,2036,45,0,6,24378731,1251,34,0,0
24371448,1461,44,0,1,24368012,1298,58,0,0
24383056,668,19,0,5,24360901,876,49,0,0
24371358,992,90,0,3,24336253,1150,37,0,0
24403326,678,35,0,0,24348405,1367,16,0,0
24325326,1519,31,0,8,24401385,636,72,0,0
24385540,812,40,0,11,24353154,653,70,0,0
24399534,806,62,0,2,24377827,408,68,0,0
24375388,867,68,0,2,24372938,1595,36,0,0
24344073,786,104,0,7,24403128,504,28,0,0
24340376,836,49,0,3,24341635,621,40,0,0
24356413,1116,40,0,1,24348880,1461,41,0,0
24326507,639,36,0,1,24358736,477,52,0,0
24378109,608,33,0,19,24367965,1909,70,0,0
24373980,733,57,0,8,24363583,562,18,0,1
24376185,2135,19,0,4,24394807,1005,57,0,0
24351521,975,62,0,3,24392279,902,51,0,0
24375590,644,44,0,5,24390400,753,28,0,0
24341114,1781,48,0,2,24381900,622,64,0,0
24343643,1479,79,0,13,24350529,1117,94,0,0
24329897,2144,46,0,1,24350630,1001,48,0,0
24351252,638,51,0,3,24352466,1730,45,0,0
24384180,699,85,0,2,24387490,1795,28,0,0
24330213,741,53,0,7,24351057,1020,70,0,0
24386601,1141,68,0,7,24379941,1627,78,0,0
24327938,1197,84,0,1,24343453,1974,44,0,0
24366893,291,27,0,11,24379614,1130,75,0,0
24335566,1197,61,0,9,24394144,1096,41,0,0
24367307,599,71,0,3,24350584,1106,40,0,0
24366886,1950,54,0,17,24335999,1487,39,0,0
24403151,361,33,0,5,24348607,1034,37,0,0
24393529,2499,37,0,1,24365372,1108,48,0,0
24359481,1113,53,0,0,24399812,518,54,0,0
24364143,1795,51,0,4,24360515,1950,49,0,0
24335013,2524,41,0,9,24368925,553,50,0,0
24372506,842,28,0,7,24352007,1700,53,0,0
24356125,285,82,0,4,24392595,1366,30,0,0
24340022,656,21,0,2,24348999,1736,49,0,0
24378833,1649,50,0,4,24364755,2569,32,0,0
24401041,1239,30,0,4,24387893,642,55,0,0
24361274,1115,30,0,5,24381925,195,65,0,0
24346423,1379,68,0,15,24338433,637,33,0,0
24401269,2178,32,0,3,24331580,727,91,0,0
24370805,1886,42,0,7,24362639,896,35,0,0
24338390,1319,76,0,2,24357086,1246,68,0,0
24387285,1525,63,0,7,24341226,998,71,0,0
24331960,2361,40,0,13,24344106,857,70,0,0
24348895,1297,14,0,6,24356395,712,44,0,0
24354906,1407,30,0,7,24366237,344,67,0,0
24359147,490,38,0,1,24396222,1611,34,0,0
24378143,1075,54,0,5,24343400,841,63,0,0
24358734,1059,54,0,2,24383226,117,57,0,0
24388679,849,28,0,1,24387353,411,91,0,0
24341198,656,48,0,3,24362299,1146,105,0,0
24386384,691,66,0,5,24395678,1118,136,0,0
24371714,1746,38,0,7,24383069,802,28,0,0
24380605,1590,39,0,6,24367297,703,34,0,0
24353889,1158,30,0,11,24384951,1677,18,0,0
24402076,1276,48,0,16,24370682,759,182,0,0
24396221,982,65,0,9,24375619,1709,21,0,0
24346941,468,55,0,3,24402536,717,62,0,0
24390436,1796,60,0,7,24397629,228,19,0,0
24378754,1632,24,0,1,24366712,392,27,0,0
24354781,1165,68,0,10,24356110,611,32,0,0
24400193,1505,59,0,1,24372374,1571,31,0,0
24358371,764,102,0,1,24382481,2038,27,0,0
24364003,1854,44,0,6,24367358,420,67,0,0
24383091,214,57,0,7,24390030,1668,56,0,0
24363731,808,40,0,5,24335682,796,91,0,0
24375664,1675,27,0,7,24364940,1073,114,0,0
24367117,919,41,0,8,24367076,812,27,0,0
24389853,1278,37,0,3,24340823,1289,71,0,0
24347231,1115,40,0,11,24358252,951,33,0,0
24340568,877,42,0,13,24348200,409,26,0,0
24343684,721,83,0,1,24391587,1338,23,0,0
24397970,724,102,0,1,24399000,1674,63,0,0
24396945,1188,35,0,0,24340904,1982,85,0,0
24391483,1389,77,0,21,24370602,719,48,0,0
24368610,441,58,0,1,24377252,1189,58,0,0
24357817,2438,41,0,0,24376868,1313,38,0,0
24363204,812,25,0,1,24357475,1131,72,0,0
24378504,1485,66,0,3,24396311,1669,36,0,0
24393047,1177,46,0,6,24367095,1836,42,0,0
24395274,487,58,0,4,24383608,816,53,0,0
24373983,1016,38,0,1,24372504,1614,44,0,0
24393323,834,25,0,1,24378565,472,146,0,0
24359451,672,39,0,15,24390113,1251,38,0,0
24400148,1242,25,0,2,24350072,763,38,0,0
24376034,260,56,0,5,24355384,1350,36,0,0
24400227,1067,92,0,6,24392693,910,62,0,0
24387629,1728,65,0,5,24387555,418,55,0,0
24342128,1084,74,0,8,24370655,1154,28,0,0
24363640,1647,22,0,0,24359195,631,64,0,0
24376031,1169,46,0,2,24362048,1543,56,0,0
24397132,1142,20,0,18,24378876,1641,54,0,0
24376981,290,28,0,1,24363589,1228,64,0,0
24362943,924,45,0,4,24390373,893,18,0,0
24354171,1388,58,0,17,24353103,1179,58,0,0
24402721,476,33,0,3,24384185,1035,19,0,0
24354970,1524,29,0,8,24380675,408,54,0,0
24364048,1368,71,0,2,24375549,1159,34,0,0
24384200,1112,31,0,4,24374733,765,73,0,0
24400208,815,67,0,1,24347603,1754,32,0,0
24395281,127,62,0,13,24371032,1177,39,0,0
24364330,909,31,0,6,24388328,200,19,0,0
24387605,993,64,0,2,24380061,671,34,0,0
24361977,1232,46,0,0,24361360,924,52,0,0
24366315,408,42,0,4,24389068,2343,54,0,0
24362763,995,30,0,2,24344304,549,67,0,0
24362242,1294,51,0,2,24363929,1451,64,0,0
24376765,2285,52,0,2,24392961,1469,62,0,0
24384996,920,41,0,4,24353901,1123,46,0,0
24403569,1644,66,0,1,24393570,295,40,0,0
24396512,1140,62,0,5,24369373,1251,55,0,0
24365566,1985,35,0,6,24385987,1900,65,0,0
24366055,817,50,0,1,24401217,1149,71,0,0
24400268,1106,33,0,7,24400800,321,58,0,0
24393545,899,22,0,8,24373425,577,39,0,0
24390077,1107,25,0,21,24376224,2353,35,0,0
24371509,625,70,0,2,24349230,1081,206,0,0
24353000,1485,47,0,8,24356314,415,36,0,0
24376364,2395,21,0,2,24392908,1644,18,0,0
24380404,1493,28,0,19,24391951,525,51,0,0
24395027,589,19,0,5,24383209,779,60,0,0
24353660,1245,35,0,1,24361400,1867,28,0,0
24388404,1400,36,0,5,24361647,896,33,0,0
24394527,613,73,0,1,24398940,1650,72,0,0
24386332,1111,105,0,12,24371234,2257,30,0,0
24372599,1583,61,0,0,24392009,120,108,0,0
24380670,1197,76,0,1,24353337,943,26,0,0
24369732,657,47,0,18,24392736,2072,69,0,0
24392304,863,59,0,9,24395551,2539,31,0,0
24353830,2099,51,0,31,24375329,788,31,0,0
24381194,630,55,0,2,24375541,979,71,0,0
24386937,1376,49,0,1,24359949,1180,55,0,0
24370113,1373,43,0,1,24371803,651,36,0,0
24378571,720,29,0,2,24375552,1751,78,0,0
24383549,1208,38,0,10,24377522,937,23,0,0
24384235,1240,54,0,6,24353212,940,81,0,0
24401101,1680,76,0,6,24399814,2120,21,0,0
24388010,777,55,0,16,24352203,738,48,0,0
24394389,236,51,0,10,24359414,1786,111,0,0
24361386,1347,92,0,11,24388014,743,54,0,0
24387130,863,21,0,0,24399535,286,68,0,0
24402416,549,56,0,3,24366296,1182,37,0,0
24399762,1153,32,0,4,24357393,619,35,0,0
24355393,857,266,0,8,24361130,486,232,0,0
24398903,932,37,0,5,24372714,1045,30,0,0
24366517,1100,61,0,9,24357217,1023,46,0,0
24392979,821,45,0,5,24381098,772,19,0,0
24368416,783,40,0,13,24365041,724,222,0,0
24390279,1103,63,0,1,24354072,799,79,0,0
24397764,864,51,0,1,24393414,303,36,0,0
24376559,1594,54,0,4,24376423,500,71,0,0
24398506,734,38,0,21,24390160,601,49,0,0
24396881,365,38,0,9,24391675,1736,24,0,0
24399346,900,50,0,2,24393252,778,31,0,0
24374861,516,141,0,0,24390461,812,64,0,0
24385499,471,59,0,4,24370443,1370,21,0,0
24388356,996,55,0,8,24378017,254,44,0,0
24383613,535,18,0,15,24403634,1302,65,0,0
24371236,693,19,0,14,24400442,758,20,0,0
24378869,1765,38,0,3,24395491,1449,27,0,0
24372831,709,20,0,13,24376994,1326,32,0,0
24385264,1707,76,0,10,24399875,826,63,0,0
24374136,1231,53,0,1,24363446,313,32,0,0
24360027,898,41,0,1,24402610,704,15,0,0
24366468,1015,37,0,4,24367409,1252,27,0,0
24358968,1095,61,0,29,24373866,685,75,0,0
24376176,1301,67,0,2,24379621,106,94,0,0
24380304,1615,68,0,9,24382853,1611,32,0,0
24394696,1510,54,0,4,24398802,2286,38,0,0
24359021,1698,19,0,14,24373283,1246,18,0,0
24374860,659,69,0,10,24362083,1410,51,0,0
24395008,2328,34,0,4,24391040,628,34,0,0
24395639,931,42,0,2,24372952,1124,106,0,0
24400352,1615,56,0,1,24402334,1294,48,0,0
24389999,1630,42,0,5,24398931,1308,26,0,0
24401284,367,50,0,3,24403372,863,33,0,0
24381979,1264,55,0,3,24403515,596,68,0,0
24373780,1560,38,0,9,24365817,970,111,0,0
24398719,701,34,0,15,24379981,1190,22,0,0
24379300,1212,37,0,0,24385106,2518,70,0,0
24381107,115,41,0,6,24385943,2012,77,0,0
24387422,875,12,0,5,24388227,1867,54,0,0
24393245,998,30,0,8,24401898,701,24,0,0
24390840,1397,60,0,10,24402365,840,32,0,0
24388115,373,36,0,9,24365865,714,51,0,0
24363911,2000,84,0,13,24372159,979,44,0,0
24366149,1640,26,0,7,24386969,1249,65,0,0
24377273,1283,72,0,1,24403648,793,29,0,0
24397365,150,78,0,8,24401434,357,20,0,0
24383382,179,37,0,1,24401593,1055,41,0,0
24401443,1165,50,0,9,24401056,1147,32,0,0
24388686,146,37,0,18,24366749,1023,34,0,0
24389016,664,25,0,10,24376501,1165,48,0,0
24387070,530,60,0,7,24389412,1177,59,0,0
24371341,2169,69,0,1,24396075,909,34,0,0
24384745,1812,34,0,6,24374771,1285,49,0,0
24386582,725,57,0,5,24381026,1474,45,0,0
24368784,1390,58,0,5,24381616,302,11,0,0
24379579,1756,59,0,3,24394924,1328,46,0,0
24388167,774,116,0,18,24383614,1729,46,0,0
24396441,2107,40,0,18,24369890,1750,51,0,0
24393107,1122,49,0,2,24397209,1308,34,0,0
24400475,641,57,0,18,24402852,2122,20,0,0
24398471,522,34,0,11,24401684,1010,42,0,0
24402360,665,32,0,7,24391932,1148,25,0,0
24394862,1201,42,0,18,24371065,948,19,0,0
24398670,100,53,0,5,24378288,264,105,0,0
24372843,1412,71,0,23,24379603,1859,55,0,0
24400497,604,47,0,4,24380416,1189,58,0,0
24385268,870,64,0,12,24382262,900,112,0,0
24403478,1631,33,0,0,24372123,1818,38,0,0
24399987,1363,25,0,2,24394269,1470,61,0,0
24383879,956,68,0,20,24376462,604,42,0,0
24376941,993,59,0,8,24397845,1499,40,0,0
24402077,1875,44,0,8,24392993,734,45,0,0
24377649,2179,74,0,3,24391031,1980,44,0,0
24378014,453,65,0,14,24376009,1238,86,0,0
24395606,642,31,0,38,24396781,1818,16,0,0
24387054,744,51,0,0,24403365,1616,54,0,0
24377881,1959,41,0,18,24389066,1423,45,0,0
24396815,946,25,0,0,24402000,1774,53,0,0
24382241,1229,34,0,49,24401596,1562,132,0,0
24386805,412,69,0,3,24383855,928,26,0,0
24379191,1875,18,0,0,24395845,754,52,0,0
24389096,1379,57,0,61,24399937,914,22,0,0
24394358,1670,49,0,1,24388143,1450,45,0,0
24380850,496,43,0,2,24391166,513,39,0,0
24386019,1536,105,0,34,24381827,775,48,0,0
24401089,1478,28,0,1,24399829,692,48,0,0
24393120,634,34,0,70,24384688,695,86,0,0
24386516,526,114,0,3,24386189,609,75,0,0
24400065,766,30,0,133,24387015,1254,53,0,0
24403330,1499,27,0,93,24399745,2107,72,0,0
24388539,650,40,0,5,24390907,1756,43,0,0
24403482,435,17,0,4,24393229,600,40,0,0
24395431,540,19,0,12,24402875,1773,79,0,0
24398748,1505,67,0,2,24398195,1843,17,0,0
24403129,534,89,0,20,24400931,1363,61,0,0
24400181,1187,33,0,7,24400191,453,37,0,0
24396787,965,28,0,63,24401278,670,34,0,0
24401872,800,46,0,97,24397407,1446,31,0,0
24395968,1664,44,0,45,24403614,1179,46,0,0
24403582,1296,27,0,23,24402788,677,92,0,0
24402593,1369,18,0,6,24401497,1618,19,0,0
24399750,1566,30,0,11,24403707,1153,58,0,0
24402835,663,62,0,0,24402107,1511,32,0,0
24401850,1289,59,0,20,24402793,972,63,0,0
24400409,1944,28,0,46,24402572,370,50,0,0
24402103,1085,99,0,78,24401563,2301,38,0,0
